0	-0.000112442
5.21604e-13	-0.000114446
1.04321e-12	-0.000116463
1.56481e-12	-0.000118492
2.08642e-12	-0.000120534
2.60802e-12	-0.000122587
3.12962e-12	-0.000124651
3.65123e-12	-0.000126724
4.17283e-12	-0.000128806
4.69444e-12	-0.000130895
5.21604e-12	-0.000132991
5.73764e-12	-0.000135092
6.25925e-12	-0.000137198
6.78085e-12	-0.000139306
7.30245e-12	-0.000141417
7.82406e-12	-0.000143528
8.34566e-12	-0.000145639
8.86727e-12	-0.000147747
9.38887e-12	-0.000149852
9.91047e-12	-0.000151951
1.04321e-11	-0.000154044
1.09537e-11	-0.000156128
1.14753e-11	-0.000158203
1.19969e-11	-0.000160265
1.25185e-11	-0.000162314
1.30401e-11	-0.000164347
1.35617e-11	-0.000166363
1.40833e-11	-0.000168359
1.46049e-11	-0.000170333
1.51265e-11	-0.000172284
1.56481e-11	-0.000174208
1.61697e-11	-0.000176104
1.66913e-11	-0.000177968
1.72129e-11	-0.0001798
1.77345e-11	-0.000181595
1.82561e-11	-0.000183352
1.87777e-11	-0.000185067
1.92993e-11	-0.000186737
1.98209e-11	-0.000188361
2.03426e-11	-0.000189934
2.08642e-11	-0.000191454
2.13858e-11	-0.000192917
2.19074e-11	-0.000194321
2.2429e-11	-0.000195661
2.29506e-11	-0.000196934
2.34722e-11	-0.000198137
2.39938e-11	-0.000199266
2.45154e-11	-0.000200317
2.5037e-11	-0.000201287
2.55586e-11	-0.00020217
2.60802e-11	-0.000202964
2.66018e-11	-0.000203663
2.71234e-11	-0.000204264
2.7645e-11	-0.000204761
2.81666e-11	-0.000205152
2.86882e-11	-0.000205429
2.92098e-11	-0.00020559
2.97314e-11	-0.000205629
3.0253e-11	-0.00020554
3.07746e-11	-0.000205319
3.12962e-11	-0.00020496
3.18178e-11	-0.000204458
3.23394e-11	-0.000203808
3.2861e-11	-0.000203003
3.33826e-11	-0.000202037
3.39043e-11	-0.000200905
3.44259e-11	-0.000199601
3.49475e-11	-0.000198118
3.54691e-11	-0.00019645
3.59907e-11	-0.00019459
3.65123e-11	-0.000192531
3.70339e-11	-0.000190267
3.75555e-11	-0.000187791
3.80771e-11	-0.000185096
3.85987e-11	-0.000182174
3.91203e-11	-0.000179017
3.96419e-11	-0.000175619
4.01635e-11	-0.000171972
4.06851e-11	-0.000168066
4.12067e-11	-0.000163895
4.17283e-11	-0.000159451
4.22499e-11	-0.000154724
4.27715e-11	-0.000149706
4.32931e-11	-0.000144389
4.38147e-11	-0.000138763
4.43363e-11	-0.00013282
4.48579e-11	-0.00012655
4.53795e-11	-0.000119944
4.59011e-11	-0.000112992
4.64227e-11	-0.000105685
4.69444e-11	-9.80129e-05
4.7466e-11	-8.9965e-05
4.79876e-11	-8.15315e-05
4.85092e-11	-7.27019e-05
4.90308e-11	-6.34656e-05
4.95524e-11	-5.38118e-05
5.0074e-11	-4.37296e-05
5.05956e-11	-3.32079e-05
5.11172e-11	-2.22353e-05
5.16388e-11	-1.08003e-05
5.21604e-11	1.10855e-06
5.2682e-11	1.35033e-05
5.32036e-11	2.63958e-05
5.37252e-11	3.97983e-05
5.42468e-11	5.37232e-05
5.47684e-11	6.81829e-05
5.529e-11	8.31902e-05
5.58116e-11	9.8758e-05
5.63332e-11	0.000114899
5.68548e-11	0.000131627
5.73764e-11	0.000148956
5.7898e-11	0.000166898
5.84196e-11	0.000185467
5.89412e-11	0.000204678
5.94628e-11	0.000224544
5.99844e-11	0.00024508
6.05061e-11	0.0002663
6.10277e-11	0.000288219
6.15493e-11	0.000310851
6.20709e-11	0.000334211
6.25925e-11	0.000358315
6.31141e-11	0.000383177
6.36357e-11	0.000408813
6.41573e-11	0.000435238
6.46789e-11	0.000462469
6.52005e-11	0.00049052
6.57221e-11	0.000519408
6.62437e-11	0.000549148
6.67653e-11	0.000579758
6.72869e-11	0.000611253
6.78085e-11	0.00064365
6.83301e-11	0.000676965
6.88517e-11	0.000711215
6.93733e-11	0.000746417
6.98949e-11	0.000782588
7.04165e-11	0.000819744
7.09381e-11	0.000857903
7.14597e-11	0.000897083
7.19813e-11	0.0009373
7.25029e-11	0.000978571
7.30245e-11	0.00102091
7.35461e-11	0.00106435
7.40678e-11	0.00110889
7.45894e-11	0.00115456
7.5111e-11	0.00120136
7.56326e-11	0.00124933
7.61542e-11	0.00129848
7.66758e-11	0.00134882
7.71974e-11	0.00140038
7.7719e-11	0.00145317
7.82406e-11	0.00150721
7.87622e-11	0.00156252
7.92838e-11	0.00161911
7.98054e-11	0.001677
8.0327e-11	0.00173622
8.08486e-11	0.00179677
8.13702e-11	0.00185869
8.18918e-11	0.00192197
8.24134e-11	0.00198665
8.2935e-11	0.00205273
8.34566e-11	0.00212025
8.39782e-11	0.00218921
8.44998e-11	0.00225962
8.50214e-11	0.00233152
8.5543e-11	0.00240491
8.60646e-11	0.00247982
8.65862e-11	0.00255625
8.71079e-11	0.00263423
8.76295e-11	0.00271377
8.81511e-11	0.00279489
8.86727e-11	0.00287761
8.91943e-11	0.00296193
8.97159e-11	0.00304788
9.02375e-11	0.00313546
9.07591e-11	0.00322471
9.12807e-11	0.00331562
9.18023e-11	0.00340822
9.23239e-11	0.00350251
9.28455e-11	0.00359852
9.33671e-11	0.00369625
9.38887e-11	0.00379572
9.44103e-11	0.00389695
9.49319e-11	0.00399993
9.54535e-11	0.00410469
9.59751e-11	0.00421124
9.64967e-11	0.00431959
9.70183e-11	0.00442974
9.75399e-11	0.00454171
9.80615e-11	0.00465551
9.85831e-11	0.00477115
9.91047e-11	0.00488863
9.96263e-11	0.00500797
1.00148e-10	0.00512917
1.0067e-10	0.00525223
1.01191e-10	0.00537717
1.01713e-10	0.00550399
1.02234e-10	0.00563269
1.02756e-10	0.00576328
1.03278e-10	0.00589576
1.03799e-10	0.00603013
1.04321e-10	0.0061664
1.04842e-10	0.00630457
1.05364e-10	0.00644464
1.05886e-10	0.00658661
1.06407e-10	0.00673047
1.06929e-10	0.00687623
1.0745e-10	0.00702387
1.07972e-10	0.00717341
1.08494e-10	0.00732483
1.09015e-10	0.00747813
1.09537e-10	0.00763329
1.10058e-10	0.00779032
1.1058e-10	0.00794921
1.11102e-10	0.00810994
1.11623e-10	0.0082725
1.12145e-10	0.00843688
1.12666e-10	0.00860307
1.13188e-10	0.00877106
1.1371e-10	0.00894083
1.14231e-10	0.00911236
1.14753e-10	0.00928563
1.15274e-10	0.00946063
1.15796e-10	0.00963733
1.16318e-10	0.00981572
1.16839e-10	0.00999577
1.17361e-10	0.0101775
1.17882e-10	0.0103607
1.18404e-10	0.0105456
1.18926e-10	0.0107321
1.19447e-10	0.01092
1.19969e-10	0.0111095
1.2049e-10	0.0113004
1.21012e-10	0.0114927
1.21534e-10	0.0116864
1.22055e-10	0.0118815
1.22577e-10	0.0120779
1.23099e-10	0.0122756
1.2362e-10	0.0124745
1.24142e-10	0.0126745
1.24663e-10	0.0128757
1.25185e-10	0.013078
1.25707e-10	0.0132814
1.26228e-10	0.0134857
1.2675e-10	0.013691
1.27271e-10	0.0138971
1.27793e-10	0.0141041
1.28315e-10	0.0143118
1.28836e-10	0.0145203
1.29358e-10	0.0147293
1.29879e-10	0.014939
1.30401e-10	0.0151491
1.30923e-10	0.0153597
1.31444e-10	0.0155707
1.31966e-10	0.015782
1.32487e-10	0.0159935
1.33009e-10	0.0162051
1.33531e-10	0.0164168
1.34052e-10	0.0166284
1.34574e-10	0.01684
1.35095e-10	0.0170514
1.35617e-10	0.0172625
1.36139e-10	0.0174732
1.3666e-10	0.0176835
1.37182e-10	0.0178932
1.37703e-10	0.0181023
1.38225e-10	0.0183106
1.38747e-10	0.0185181
1.39268e-10	0.0187246
1.3979e-10	0.01893
1.40311e-10	0.0191343
1.40833e-10	0.0193373
1.41355e-10	0.0195389
1.41876e-10	0.0197389
1.42398e-10	0.0199374
1.42919e-10	0.020134
1.43441e-10	0.0203288
1.43963e-10	0.0205216
1.44484e-10	0.0207123
1.45006e-10	0.0209006
1.45527e-10	0.0210866
1.46049e-10	0.0212701
1.46571e-10	0.0214508
1.47092e-10	0.0216288
1.47614e-10	0.0218038
1.48136e-10	0.0219756
1.48657e-10	0.0221442
1.49179e-10	0.0223095
1.497e-10	0.0224711
1.50222e-10	0.022629
1.50744e-10	0.0227831
1.51265e-10	0.0229331
1.51787e-10	0.0230789
1.52308e-10	0.0232203
1.5283e-10	0.0233572
1.53352e-10	0.0234893
1.53873e-10	0.0236166
1.54395e-10	0.0237388
1.54916e-10	0.0238558
1.55438e-10	0.0239673
1.5596e-10	0.0240733
1.56481e-10	0.0241734
1.57003e-10	0.0242675
1.57524e-10	0.0243555
1.58046e-10	0.0244371
1.58568e-10	0.0245121
1.59089e-10	0.0245804
1.59611e-10	0.0246417
1.60132e-10	0.0246958
1.60654e-10	0.0247425
1.61176e-10	0.0247817
1.61697e-10	0.024813
1.62219e-10	0.0248363
1.6274e-10	0.0248515
1.63262e-10	0.0248581
1.63784e-10	0.0248562
1.64305e-10	0.0248453
1.64827e-10	0.0248253
1.65348e-10	0.024796
1.6587e-10	0.0247572
1.66392e-10	0.0247086
1.66913e-10	0.0246499
1.67435e-10	0.0245811
1.67956e-10	0.0245017
1.68478e-10	0.0244116
1.69e-10	0.0243106
1.69521e-10	0.0241984
1.70043e-10	0.0240747
1.70564e-10	0.0239394
1.71086e-10	0.0237922
1.71608e-10	0.0236328
1.72129e-10	0.023461
1.72651e-10	0.0232765
1.73172e-10	0.0230792
1.73694e-10	0.0228687
1.74216e-10	0.0226448
1.74737e-10	0.0224072
1.75259e-10	0.0221558
1.75781e-10	0.0218901
1.76302e-10	0.0216101
1.76824e-10	0.0213154
1.77345e-10	0.0210058
1.77867e-10	0.020681
1.78389e-10	0.0203408
1.7891e-10	0.0199849
1.79432e-10	0.0196131
1.79953e-10	0.019225
1.80475e-10	0.0188206
1.80997e-10	0.0183994
1.81518e-10	0.0179612
1.8204e-10	0.0175058
1.82561e-10	0.0170329
1.83083e-10	0.0165423
1.83605e-10	0.0160338
1.84126e-10	0.0155069
1.84648e-10	0.0149616
1.85169e-10	0.0143976
1.85691e-10	0.0138145
1.86213e-10	0.0132122
1.86734e-10	0.0125904
1.87256e-10	0.0119489
1.87777e-10	0.0112874
1.88299e-10	0.0106056
1.88821e-10	0.00990337
1.89342e-10	0.00918043
1.89864e-10	0.00843654
1.90385e-10	0.00767145
1.90907e-10	0.00688495
1.91429e-10	0.00607678
1.9195e-10	0.00524674
1.92472e-10	0.00439458
1.92993e-10	0.00352008
1.93515e-10	0.00262302
1.94037e-10	0.00170319
1.94558e-10	0.000760361
1.9508e-10	-0.000205669
1.95601e-10	-0.00119511
1.96123e-10	-0.00220818
1.96645e-10	-0.00324506
1.97166e-10	-0.00430596
1.97688e-10	-0.00539107
1.98209e-10	-0.00650059
1.98731e-10	-0.00763469
1.99253e-10	-0.00879355
1.99774e-10	-0.00997736
2.00296e-10	-0.0111863
2.00817e-10	-0.0124205
2.01339e-10	-0.0136802
2.01861e-10	-0.0149654
2.02382e-10	-0.0162764
2.02904e-10	-0.0176133
2.03426e-10	-0.0189763
2.03947e-10	-0.0203654
2.04469e-10	-0.0217808
2.0499e-10	-0.0232227
2.05512e-10	-0.0246911
2.06034e-10	-0.0261861
2.06555e-10	-0.027708
2.07077e-10	-0.0292566
2.07598e-10	-0.0308322
2.0812e-10	-0.0324349
2.08642e-10	-0.0340646
2.09163e-10	-0.0357215
2.09685e-10	-0.0374057
2.10206e-10	-0.0391171
2.10728e-10	-0.0408559
2.1125e-10	-0.042622
2.11771e-10	-0.0444156
2.12293e-10	-0.0462366
2.12814e-10	-0.048085
2.13336e-10	-0.0499609
2.13858e-10	-0.0518642
2.14379e-10	-0.0537949
2.14901e-10	-0.0557531
2.15422e-10	-0.0577386
2.15944e-10	-0.0597515
2.16466e-10	-0.0617917
2.16987e-10	-0.0638591
2.17509e-10	-0.0659536
2.1803e-10	-0.0680753
2.18552e-10	-0.070224
2.19074e-10	-0.0723996
2.19595e-10	-0.074602
2.20117e-10	-0.076831
2.20638e-10	-0.0790867
2.2116e-10	-0.0813687
2.21682e-10	-0.083677
2.22203e-10	-0.0860114
2.22725e-10	-0.0883718
2.23246e-10	-0.0907579
2.23768e-10	-0.0931696
2.2429e-10	-0.0956066
2.24811e-10	-0.0980688
2.25333e-10	-0.100556
2.25854e-10	-0.103068
2.26376e-10	-0.105604
2.26898e-10	-0.108164
2.27419e-10	-0.110749
2.27941e-10	-0.113356
2.28463e-10	-0.115988
2.28984e-10	-0.118642
2.29506e-10	-0.121319
2.30027e-10	-0.124018
2.30549e-10	-0.126739
2.31071e-10	-0.129482
2.31592e-10	-0.132246
2.32114e-10	-0.135031
2.32635e-10	-0.137836
2.33157e-10	-0.140662
2.33679e-10	-0.143507
2.342e-10	-0.146372
2.34722e-10	-0.149255
2.35243e-10	-0.152156
2.35765e-10	-0.155076
2.36287e-10	-0.158012
2.36808e-10	-0.160966
2.3733e-10	-0.163936
2.37851e-10	-0.166921
2.38373e-10	-0.169922
2.38895e-10	-0.172938
2.39416e-10	-0.175967
2.39938e-10	-0.179011
2.40459e-10	-0.182067
2.40981e-10	-0.185136
2.41503e-10	-0.188216
2.42024e-10	-0.191308
2.42546e-10	-0.19441
2.43067e-10	-0.197522
2.43589e-10	-0.200643
2.44111e-10	-0.203773
2.44632e-10	-0.20691
2.45154e-10	-0.210054
2.45675e-10	-0.213205
2.46197e-10	-0.216361
2.46719e-10	-0.219523
2.4724e-10	-0.222688
2.47762e-10	-0.225857
2.48283e-10	-0.229028
2.48805e-10	-0.232201
2.49327e-10	-0.235375
2.49848e-10	-0.238549
2.5037e-10	-0.241723
2.50891e-10	-0.244895
2.51413e-10	-0.248064
2.51935e-10	-0.251231
2.52456e-10	-0.254393
2.52978e-10	-0.25755
2.53499e-10	-0.260701
2.54021e-10	-0.263846
2.54543e-10	-0.266982
2.55064e-10	-0.27011
2.55586e-10	-0.273229
2.56108e-10	-0.276336
2.56629e-10	-0.279433
2.57151e-10	-0.282516
2.57672e-10	-0.285587
2.58194e-10	-0.288642
2.58716e-10	-0.291683
2.59237e-10	-0.294706
2.59759e-10	-0.297713
2.6028e-10	-0.3007
2.60802e-10	-0.303668
2.61324e-10	-0.306616
2.61845e-10	-0.309541
2.62367e-10	-0.312444
2.62888e-10	-0.315324
2.6341e-10	-0.318178
2.63932e-10	-0.321006
2.64453e-10	-0.323807
2.64975e-10	-0.326581
2.65496e-10	-0.329324
2.66018e-10	-0.332038
2.6654e-10	-0.33472
2.67061e-10	-0.337369
2.67583e-10	-0.339985
2.68104e-10	-0.342566
2.68626e-10	-0.345111
2.69148e-10	-0.347618
2.69669e-10	-0.350088
2.70191e-10	-0.352518
2.70712e-10	-0.354908
2.71234e-10	-0.357255
2.71756e-10	-0.35956
2.72277e-10	-0.361821
2.72799e-10	-0.364037
2.7332e-10	-0.366207
2.73842e-10	-0.368329
2.74364e-10	-0.370403
2.74885e-10	-0.372427
2.75407e-10	-0.374399
2.75928e-10	-0.37632
2.7645e-10	-0.378188
2.76972e-10	-0.380001
2.77493e-10	-0.381759
2.78015e-10	-0.38346
2.78536e-10	-0.385103
2.79058e-10	-0.386687
2.7958e-10	-0.388211
2.80101e-10	-0.389674
2.80623e-10	-0.391075
2.81144e-10	-0.392412
2.81666e-10	-0.393685
2.82188e-10	-0.394891
2.82709e-10	-0.396031
2.83231e-10	-0.397103
2.83753e-10	-0.398106
2.84274e-10	-0.399039
2.84796e-10	-0.399901
2.85317e-10	-0.400691
2.85839e-10	-0.401407
2.86361e-10	-0.402049
2.86882e-10	-0.402615
2.87404e-10	-0.403105
2.87925e-10	-0.403517
2.88447e-10	-0.403852
2.88969e-10	-0.404106
2.8949e-10	-0.40428
2.90012e-10	-0.404373
2.90533e-10	-0.404383
2.91055e-10	-0.40431
2.91577e-10	-0.404152
2.92098e-10	-0.40391
2.9262e-10	-0.403581
2.93141e-10	-0.403165
2.93663e-10	-0.402662
2.94185e-10	-0.402069
2.94706e-10	-0.401387
2.95228e-10	-0.400615
2.95749e-10	-0.399751
2.96271e-10	-0.398795
2.96793e-10	-0.397747
2.97314e-10	-0.396604
2.97836e-10	-0.395368
2.98357e-10	-0.394036
2.98879e-10	-0.392609
2.99401e-10	-0.391085
2.99922e-10	-0.389465
3.00444e-10	-0.387746
3.00965e-10	-0.385929
3.01487e-10	-0.384013
3.02009e-10	-0.381998
3.0253e-10	-0.379883
3.03052e-10	-0.377667
3.03573e-10	-0.37535
3.04095e-10	-0.372931
3.04617e-10	-0.37041
3.05138e-10	-0.367787
3.0566e-10	-0.365061
3.06181e-10	-0.362232
3.06703e-10	-0.359299
3.07225e-10	-0.356262
3.07746e-10	-0.353121
3.08268e-10	-0.349875
3.0879e-10	-0.346524
3.09311e-10	-0.343068
3.09833e-10	-0.339508
3.10354e-10	-0.335841
3.10876e-10	-0.332069
3.11398e-10	-0.328192
3.11919e-10	-0.324208
3.12441e-10	-0.320119
3.12962e-10	-0.315924
3.13484e-10	-0.311623
3.14006e-10	-0.307216
3.14527e-10	-0.302704
3.15049e-10	-0.298086
3.1557e-10	-0.293362
3.16092e-10	-0.288532
3.16614e-10	-0.283598
3.17135e-10	-0.278558
3.17657e-10	-0.273414
3.18178e-10	-0.268165
3.187e-10	-0.262812
3.19222e-10	-0.257355
3.19743e-10	-0.251794
3.20265e-10	-0.24613
3.20786e-10	-0.240364
3.21308e-10	-0.234495
3.2183e-10	-0.228525
3.22351e-10	-0.222453
3.22873e-10	-0.21628
3.23394e-10	-0.210008
3.23916e-10	-0.203636
3.24438e-10	-0.197165
3.24959e-10	-0.190596
3.25481e-10	-0.183929
3.26002e-10	-0.177166
3.26524e-10	-0.170306
3.27046e-10	-0.163352
3.27567e-10	-0.156304
3.28089e-10	-0.149162
3.2861e-10	-0.141927
3.29132e-10	-0.134601
3.29654e-10	-0.127185
3.30175e-10	-0.119679
3.30697e-10	-0.112084
3.31218e-10	-0.104402
3.3174e-10	-0.0966332
3.32262e-10	-0.0887794
3.32783e-10	-0.0808416
3.33305e-10	-0.0728208
3.33826e-10	-0.0647184
3.34348e-10	-0.0565355
3.3487e-10	-0.0482736
3.35391e-10	-0.0399337
3.35913e-10	-0.0315174
3.36435e-10	-0.023026
3.36956e-10	-0.0144609
3.37478e-10	-0.00582349
3.37999e-10	0.00288474
3.38521e-10	0.0116623
3.39043e-10	0.0205077
3.39564e-10	0.0294193
3.40086e-10	0.0383957
3.40607e-10	0.0474352
3.41129e-10	0.0565361
3.41651e-10	0.0656969
3.42172e-10	0.0749158
3.42694e-10	0.0841911
3.43215e-10	0.0935212
3.43737e-10	0.102904
3.44259e-10	0.112338
3.4478e-10	0.121822
3.45302e-10	0.131353
3.45823e-10	0.14093
3.46345e-10	0.15055
3.46867e-10	0.160213
3.47388e-10	0.169915
3.4791e-10	0.179656
3.48431e-10	0.189433
3.48953e-10	0.199244
3.49475e-10	0.209086
3.49996e-10	0.218959
3.50518e-10	0.228861
3.51039e-10	0.238788
3.51561e-10	0.248739
3.52083e-10	0.258711
3.52604e-10	0.268704
3.53126e-10	0.278714
3.53647e-10	0.28874
3.54169e-10	0.298779
3.54691e-10	0.308829
3.55212e-10	0.318888
3.55734e-10	0.328954
3.56255e-10	0.339024
3.56777e-10	0.349097
3.57299e-10	0.35917
3.5782e-10	0.36924
3.58342e-10	0.379306
3.58863e-10	0.389366
3.59385e-10	0.399417
3.59907e-10	0.409456
3.60428e-10	0.419482
3.6095e-10	0.429493
3.61471e-10	0.439485
3.61993e-10	0.449457
3.62515e-10	0.459406
3.63036e-10	0.46933
3.63558e-10	0.479227
3.6408e-10	0.489094
3.64601e-10	0.49893
3.65123e-10	0.508731
3.65644e-10	0.518496
3.66166e-10	0.528222
3.66688e-10	0.537907
3.67209e-10	0.547548
3.67731e-10	0.557144
3.68252e-10	0.566691
3.68774e-10	0.576189
3.69296e-10	0.585633
3.69817e-10	0.595023
3.70339e-10	0.604355
3.7086e-10	0.613628
3.71382e-10	0.62284
3.71904e-10	0.631987
3.72425e-10	0.641068
3.72947e-10	0.65008
3.73468e-10	0.659022
3.7399e-10	0.667891
3.74512e-10	0.676685
3.75033e-10	0.685401
3.75555e-10	0.694039
3.76076e-10	0.702594
3.76598e-10	0.711066
3.7712e-10	0.719452
3.77641e-10	0.72775
3.78163e-10	0.735958
3.78684e-10	0.744073
3.79206e-10	0.752095
3.79728e-10	0.76002
3.80249e-10	0.767847
3.80771e-10	0.775574
3.81292e-10	0.783199
3.81814e-10	0.790719
3.82336e-10	0.798134
3.82857e-10	0.80544
3.83379e-10	0.812637
3.839e-10	0.819722
3.84422e-10	0.826693
3.84944e-10	0.83355
3.85465e-10	0.840289
3.85987e-10	0.846909
3.86508e-10	0.853409
3.8703e-10	0.859787
3.87552e-10	0.866041
3.88073e-10	0.872169
3.88595e-10	0.87817
3.89117e-10	0.884043
3.89638e-10	0.889785
3.9016e-10	0.895396
3.90681e-10	0.900873
3.91203e-10	0.906216
3.91725e-10	0.911423
3.92246e-10	0.916493
3.92768e-10	0.921424
3.93289e-10	0.926215
3.93811e-10	0.930865
3.94333e-10	0.935372
3.94854e-10	0.939736
3.95376e-10	0.943954
3.95897e-10	0.948027
3.96419e-10	0.951953
3.96941e-10	0.955731
3.97462e-10	0.95936
3.97984e-10	0.962839
3.98505e-10	0.966167
3.99027e-10	0.969343
3.99549e-10	0.972366
4.0007e-10	0.975236
4.00592e-10	0.977952
4.01113e-10	0.980513
4.01635e-10	0.982918
4.02157e-10	0.985167
4.02678e-10	0.98726
4.032e-10	0.989194
4.03721e-10	0.990971
4.04243e-10	0.99259
4.04765e-10	0.994049
4.05286e-10	0.99535
4.05808e-10	0.99649
4.06329e-10	0.997471
4.06851e-10	0.998292
4.07373e-10	0.998953
4.07894e-10	0.999452
4.08416e-10	0.999792
4.08937e-10	0.99997
4.09459e-10	0.999988
4.09981e-10	0.999845
4.10502e-10	0.999541
4.11024e-10	0.999076
4.11545e-10	0.998451
4.12067e-10	0.997665
4.12589e-10	0.99672
4.1311e-10	0.995614
4.13632e-10	0.994349
4.14153e-10	0.992924
4.14675e-10	0.99134
4.15197e-10	0.989598
4.15718e-10	0.987698
4.1624e-10	0.985641
4.16762e-10	0.983426
4.17283e-10	0.981055
4.17805e-10	0.978528
4.18326e-10	0.975847
4.18848e-10	0.97301
4.1937e-10	0.97002
4.19891e-10	0.966878
4.20413e-10	0.963583
4.20934e-10	0.960137
4.21456e-10	0.956541
4.21978e-10	0.952796
4.22499e-10	0.948903
4.23021e-10	0.944862
4.23542e-10	0.940675
4.24064e-10	0.936343
4.24586e-10	0.931867
4.25107e-10	0.927249
4.25629e-10	0.922489
4.2615e-10	0.917589
4.26672e-10	0.912549
4.27194e-10	0.907372
4.27715e-10	0.902059
4.28237e-10	0.896611
4.28758e-10	0.891029
4.2928e-10	0.885316
4.29802e-10	0.879472
4.30323e-10	0.873499
4.30845e-10	0.867398
4.31366e-10	0.861172
4.31888e-10	0.854821
4.3241e-10	0.848348
4.32931e-10	0.841754
4.33453e-10	0.835041
4.33974e-10	0.82821
4.34496e-10	0.821264
4.35018e-10	0.814204
4.35539e-10	0.807031
4.36061e-10	0.799749
4.36582e-10	0.792358
4.37104e-10	0.78486
4.37626e-10	0.777258
4.38147e-10	0.769554
4.38669e-10	0.761749
4.3919e-10	0.753845
4.39712e-10	0.745844
4.40234e-10	0.737749
4.40755e-10	0.729561
4.41277e-10	0.721283
4.41798e-10	0.712916
4.4232e-10	0.704463
4.42842e-10	0.695926
4.43363e-10	0.687306
4.43885e-10	0.678607
4.44407e-10	0.66983
4.44928e-10	0.660977
4.4545e-10	0.652051
4.45971e-10	0.643054
4.46493e-10	0.633988
4.47015e-10	0.624855
4.47536e-10	0.615658
4.48058e-10	0.606398
4.48579e-10	0.597079
4.49101e-10	0.587701
4.49623e-10	0.578269
4.50144e-10	0.568783
4.50666e-10	0.559246
4.51187e-10	0.549661
4.51709e-10	0.540029
4.52231e-10	0.530354
4.52752e-10	0.520637
4.53274e-10	0.51088
4.53795e-10	0.501087
4.54317e-10	0.491259
4.54839e-10	0.481398
4.5536e-10	0.471507
4.55882e-10	0.461589
4.56403e-10	0.451645
4.56925e-10	0.441678
4.57447e-10	0.43169
4.57968e-10	0.421684
4.5849e-10	0.411661
4.59011e-10	0.401624
4.59533e-10	0.391576
4.60055e-10	0.381518
4.60576e-10	0.371453
4.61098e-10	0.361383
4.61619e-10	0.35131
4.62141e-10	0.341238
4.62663e-10	0.331166
4.63184e-10	0.321099
4.63706e-10	0.311039
4.64227e-10	0.300987
4.64749e-10	0.290945
4.65271e-10	0.280916
4.65792e-10	0.270902
4.66314e-10	0.260906
4.66835e-10	0.250928
4.67357e-10	0.240972
4.67879e-10	0.23104
4.684e-10	0.221133
4.68922e-10	0.211254
4.69444e-10	0.201404
4.69965e-10	0.191586
4.70487e-10	0.181802
4.71008e-10	0.172053
4.7153e-10	0.162342
4.72052e-10	0.15267
4.72573e-10	0.14304
4.73095e-10	0.133454
4.73616e-10	0.123912
4.74138e-10	0.114418
4.7466e-10	0.104973
4.75181e-10	0.0955787
4.75703e-10	0.0862369
4.76224e-10	0.0769494
4.76746e-10	0.0677179
4.77268e-10	0.0585442
4.77789e-10	0.04943
4.78311e-10	0.0403769
4.78832e-10	0.0313865
4.79354e-10	0.0224605
4.79876e-10	0.0136004
4.80397e-10	0.00480782
4.80919e-10	-0.00391577
4.8144e-10	-0.0125689
4.81962e-10	-0.02115
4.82484e-10	-0.0296577
4.83005e-10	-0.0380907
4.83527e-10	-0.0464474
4.84048e-10	-0.0547266
4.8457e-10	-0.062927
4.85092e-10	-0.0710472
4.85613e-10	-0.079086
4.86135e-10	-0.0870422
4.86656e-10	-0.0949145
4.87178e-10	-0.102702
4.877e-10	-0.110403
4.88221e-10	-0.118017
4.88743e-10	-0.125543
4.89264e-10	-0.132979
4.89786e-10	-0.140325
4.90308e-10	-0.14758
4.90829e-10	-0.154742
4.91351e-10	-0.161811
4.91872e-10	-0.168786
4.92394e-10	-0.175666
4.92916e-10	-0.182451
4.93437e-10	-0.189139
4.93959e-10	-0.195729
4.9448e-10	-0.202222
4.95002e-10	-0.208616
4.95524e-10	-0.21491
4.96045e-10	-0.221105
4.96567e-10	-0.227199
4.97089e-10	-0.233192
4.9761e-10	-0.239083
4.98132e-10	-0.244872
4.98653e-10	-0.250558
4.99175e-10	-0.256142
4.99697e-10	-0.261622
5.00218e-10	-0.266998
5.0074e-10	-0.272269
5.01261e-10	-0.277437
5.01783e-10	-0.282499
5.02305e-10	-0.287457
5.02826e-10	-0.292309
5.03348e-10	-0.297057
5.03869e-10	-0.301698
5.04391e-10	-0.306234
5.04913e-10	-0.310664
5.05434e-10	-0.314988
5.05956e-10	-0.319206
5.06477e-10	-0.323319
5.06999e-10	-0.327325
5.07521e-10	-0.331226
5.08042e-10	-0.335021
5.08564e-10	-0.338711
5.09085e-10	-0.342295
5.09607e-10	-0.345774
5.10129e-10	-0.349147
5.1065e-10	-0.352416
5.11172e-10	-0.35558
5.11693e-10	-0.35864
5.12215e-10	-0.361596
5.12737e-10	-0.364448
5.13258e-10	-0.367197
5.1378e-10	-0.369843
5.14301e-10	-0.372386
5.14823e-10	-0.374827
5.15345e-10	-0.377166
5.15866e-10	-0.379404
5.16388e-10	-0.381542
5.16909e-10	-0.383579
5.17431e-10	-0.385517
5.17953e-10	-0.387355
5.18474e-10	-0.389095
5.18996e-10	-0.390738
5.19517e-10	-0.392283
5.20039e-10	-0.393731
5.20561e-10	-0.395083
5.21082e-10	-0.396341
5.21604e-10	-0.397504
5.22125e-10	-0.398573
5.22647e-10	-0.399549
5.23169e-10	-0.400433
5.2369e-10	-0.401225
5.24212e-10	-0.401927
5.24734e-10	-0.402539
5.25255e-10	-0.403062
5.25777e-10	-0.403497
5.26298e-10	-0.403845
5.2682e-10	-0.404106
5.27342e-10	-0.404283
5.27863e-10	-0.404374
5.28385e-10	-0.404382
5.28906e-10	-0.404308
5.29428e-10	-0.404151
5.2995e-10	-0.403914
5.30471e-10	-0.403598
5.30993e-10	-0.403202
5.31514e-10	-0.402729
5.32036e-10	-0.40218
5.32558e-10	-0.401554
5.33079e-10	-0.400854
5.33601e-10	-0.400081
5.34122e-10	-0.399235
5.34644e-10	-0.398317
5.35166e-10	-0.39733
5.35687e-10	-0.396273
5.36209e-10	-0.395148
5.3673e-10	-0.393955
5.37252e-10	-0.392697
5.37774e-10	-0.391374
5.38295e-10	-0.389988
5.38817e-10	-0.388538
5.39338e-10	-0.387027
5.3986e-10	-0.385456
5.40382e-10	-0.383826
5.40903e-10	-0.382137
5.41425e-10	-0.380392
5.41946e-10	-0.378591
5.42468e-10	-0.376735
5.4299e-10	-0.374826
5.43511e-10	-0.372864
5.44033e-10	-0.370852
5.44554e-10	-0.368789
5.45076e-10	-0.366677
5.45598e-10	-0.364518
5.46119e-10	-0.362312
5.46641e-10	-0.360061
5.47162e-10	-0.357766
5.47684e-10	-0.355427
5.48206e-10	-0.353047
5.48727e-10	-0.350625
5.49249e-10	-0.348164
5.49771e-10	-0.345665
5.50292e-10	-0.343128
5.50814e-10	-0.340555
5.51335e-10	-0.337947
5.51857e-10	-0.335305
5.52379e-10	-0.33263
5.529e-10	-0.329923
5.53422e-10	-0.327186
5.53943e-10	-0.324419
5.54465e-10	-0.321624
5.54987e-10	-0.318802
5.55508e-10	-0.315953
5.5603e-10	-0.313079
5.56551e-10	-0.310181
5.57073e-10	-0.307261
5.57595e-10	-0.304318
5.58116e-10	-0.301354
5.58638e-10	-0.298371
5.59159e-10	-0.295368
5.59681e-10	-0.292349
5.60203e-10	-0.289312
5.60724e-10	-0.286259
5.61246e-10	-0.283192
5.61767e-10	-0.280111
5.62289e-10	-0.277018
5.62811e-10	-0.273913
5.63332e-10	-0.270796
5.63854e-10	-0.26767
5.64375e-10	-0.264536
5.64897e-10	-0.261393
5.65419e-10	-0.258243
5.6594e-10	-0.255087
5.66462e-10	-0.251926
5.66983e-10	-0.24876
5.67505e-10	-0.245591
5.68027e-10	-0.24242
5.68548e-10	-0.239247
5.6907e-10	-0.236073
5.69591e-10	-0.232899
5.70113e-10	-0.229725
5.70635e-10	-0.226553
5.71156e-10	-0.223384
5.71678e-10	-0.220218
5.72199e-10	-0.217056
5.72721e-10	-0.213898
5.73243e-10	-0.210746
5.73764e-10	-0.2076
5.74286e-10	-0.204461
5.74807e-10	-0.20133
5.75329e-10	-0.198207
5.75851e-10	-0.195093
5.76372e-10	-0.191989
5.76894e-10	-0.188895
5.77416e-10	-0.185812
5.77937e-10	-0.18274
5.78459e-10	-0.179681
5.7898e-10	-0.176635
5.79502e-10	-0.173602
5.80024e-10	-0.170584
5.80545e-10	-0.167579
5.81067e-10	-0.16459
5.81588e-10	-0.161617
5.8211e-10	-0.15866
5.82632e-10	-0.155719
5.83153e-10	-0.152796
5.83675e-10	-0.149891
5.84196e-10	-0.147004
5.84718e-10	-0.144135
5.8524e-10	-0.141286
5.85761e-10	-0.138456
5.86283e-10	-0.135646
5.86804e-10	-0.132856
5.87326e-10	-0.130088
5.87848e-10	-0.12734
5.88369e-10	-0.124614
5.88891e-10	-0.12191
5.89412e-10	-0.119228
5.89934e-10	-0.116569
5.90456e-10	-0.113933
5.90977e-10	-0.11132
5.91499e-10	-0.10873
5.9202e-10	-0.106165
5.92542e-10	-0.103623
5.93064e-10	-0.101106
5.93585e-10	-0.0986133
5.94107e-10	-0.0961456
5.94628e-10	-0.093703
5.9515e-10	-0.0912857
5.95672e-10	-0.088894
5.96193e-10	-0.0865279
5.96715e-10	-0.0841878
5.97236e-10	-0.0818737
5.97758e-10	-0.0795859
5.9828e-10	-0.0773245
5.98801e-10	-0.0750896
5.99323e-10	-0.0728813
5.99844e-10	-0.0706998
6.00366e-10	-0.0685452
6.00888e-10	-0.0664176
6.01409e-10	-0.0643171
6.01931e-10	-0.0622437
6.02452e-10	-0.0601975
6.02974e-10	-0.0581786
6.03496e-10	-0.0561871
6.04017e-10	-0.0542229
6.04539e-10	-0.0522861
6.05061e-10	-0.0503768
6.05582e-10	-0.0484949
6.06104e-10	-0.0466404
6.06625e-10	-0.0448134
6.07147e-10	-0.0430138
6.07669e-10	-0.0412417
6.0819e-10	-0.0394969
6.08712e-10	-0.0377794
6.09233e-10	-0.0360893
6.09755e-10	-0.0344264
6.10277e-10	-0.0327907
6.10798e-10	-0.0311821
6.1132e-10	-0.0296006
6.11841e-10	-0.028046
6.12363e-10	-0.0265183
6.12885e-10	-0.0250174
6.13406e-10	-0.0235431
6.13928e-10	-0.0220954
6.14449e-10	-0.0206742
6.14971e-10	-0.0192793
6.15493e-10	-0.0179106
6.16014e-10	-0.016568
6.16536e-10	-0.0152513
6.17057e-10	-0.0139604
6.17579e-10	-0.0126951
6.18101e-10	-0.0114554
6.18622e-10	-0.0102409
6.19144e-10	-0.00905157
6.19665e-10	-0.00788723
6.20187e-10	-0.0067477
6.20709e-10	-0.0056328
6.2123e-10	-0.00454234
6.21752e-10	-0.00347614
6.22273e-10	-0.00243399
6.22795e-10	-0.00141571
6.23317e-10	-0.000421097
6.23838e-10	0.000550061
6.2436e-10	0.00149797
6.24881e-10	0.00242284
6.25403e-10	0.00332488
6.25925e-10	0.00420432
6.26446e-10	0.00506137
6.26968e-10	0.00589626
6.27489e-10	0.00670921
6.28011e-10	0.00750045
6.28533e-10	0.00827023
6.29054e-10	0.00901876
6.29576e-10	0.00974628
6.30098e-10	0.010453
6.30619e-10	0.0111393
6.31141e-10	0.0118052
6.31662e-10	0.0124511
6.32184e-10	0.0130772
6.32706e-10	0.0136838
6.33227e-10	0.0142711
6.33749e-10	0.0148393
6.3427e-10	0.0153887
6.34792e-10	0.0159196
6.35314e-10	0.0164321
6.35835e-10	0.0169267
6.36357e-10	0.0174034
6.36878e-10	0.0178626
6.374e-10	0.0183045
6.37922e-10	0.0187294
6.38443e-10	0.0191376
6.38965e-10	0.0195292
6.39486e-10	0.0199046
6.40008e-10	0.020264
6.4053e-10	0.0206076
6.41051e-10	0.0209357
6.41573e-10	0.0212487
6.42094e-10	0.0215466
6.42616e-10	0.0218298
6.43138e-10	0.0220986
6.43659e-10	0.0223531
6.44181e-10	0.0225937
6.44702e-10	0.0228206
6.45224e-10	0.023034
6.45746e-10	0.0232343
6.46267e-10	0.0234215
6.46789e-10	0.0235961
6.4731e-10	0.0237582
6.47832e-10	0.0239081
6.48354e-10	0.024046
6.48875e-10	0.0241722
6.49397e-10	0.0242869
6.49918e-10	0.0243904
6.5044e-10	0.0244828
6.50962e-10	0.0245645
6.51483e-10	0.0246357
6.52005e-10	0.0246966
6.52526e-10	0.0247474
6.53048e-10	0.0247883
6.5357e-10	0.0248197
6.54091e-10	0.0248417
6.54613e-10	0.0248545
6.55134e-10	0.0248585
6.55656e-10	0.0248537
6.56178e-10	0.0248404
6.56699e-10	0.0248188
6.57221e-10	0.0247892
6.57743e-10	0.0247518
6.58264e-10	0.0247067
6.58786e-10	0.0246542
6.59307e-10	0.0245945
6.59829e-10	0.0245277
6.60351e-10	0.0244542
6.60872e-10	0.024374
6.61394e-10	0.0242874
6.61915e-10	0.0241946
6.62437e-10	0.0240958
6.62959e-10	0.0239911
6.6348e-10	0.0238808
6.64002e-10	0.023765
6.64523e-10	0.0236439
6.65045e-10	0.0235177
6.65567e-10	0.0233866
6.66088e-10	0.0232508
6.6661e-10	0.0231103
6.67131e-10	0.0229655
6.67653e-10	0.0228164
6.68175e-10	0.0226632
6.68696e-10	0.0225061
6.69218e-10	0.0223453
6.69739e-10	0.0221809
6.70261e-10	0.022013
6.70783e-10	0.0218418
6.71304e-10	0.0216675
6.71826e-10	0.0214902
6.72347e-10	0.02131
6.72869e-10	0.0211272
6.73391e-10	0.0209417
6.73912e-10	0.0207539
6.74434e-10	0.0205637
6.74955e-10	0.0203714
6.75477e-10	0.020177
6.75999e-10	0.0199807
6.7652e-10	0.0197827
6.77042e-10	0.019583
6.77563e-10	0.0193817
6.78085e-10	0.019179
6.78607e-10	0.018975
6.79128e-10	0.0187698
6.7965e-10	0.0185636
6.80171e-10	0.0183563
6.80693e-10	0.0181481
6.81215e-10	0.0179392
6.81736e-10	0.0177296
6.82258e-10	0.0175195
6.82779e-10	0.0173088
6.83301e-10	0.0170978
6.83823e-10	0.0168865
6.84344e-10	0.0166749
6.84866e-10	0.0164633
6.85388e-10	0.0162516
6.85909e-10	0.01604
6.86431e-10	0.0158284
6.86952e-10	0.0156171
6.87474e-10	0.0154061
6.87996e-10	0.0151954
6.88517e-10	0.0149851
6.89039e-10	0.0147754
6.8956e-10	0.0145662
6.90082e-10	0.0143576
6.90604e-10	0.0141497
6.91125e-10	0.0139425
6.91647e-10	0.0137362
6.92168e-10	0.0135307
6.9269e-10	0.0133262
6.93212e-10	0.0131226
6.93733e-10	0.0129201
6.94255e-10	0.0127187
6.94776e-10	0.0125183
6.95298e-10	0.0123192
6.9582e-10	0.0121212
6.96341e-10	0.0119246
6.96863e-10	0.0117292
6.97384e-10	0.0115352
6.97906e-10	0.0113425
6.98428e-10	0.0111513
6.98949e-10	0.0109615
6.99471e-10	0.0107732
6.99992e-10	0.0105865
7.00514e-10	0.0104012
7.01036e-10	0.0102176
7.01557e-10	0.0100356
7.02079e-10	0.00985515
7.026e-10	0.00967639
7.03122e-10	0.00949932
7.03644e-10	0.00932394
7.04165e-10	0.00915029
7.04687e-10	0.00897837
7.05208e-10	0.00880822
7.0573e-10	0.00863984
7.06252e-10	0.00847325
7.06773e-10	0.00830847
7.07295e-10	0.0081455
7.07816e-10	0.00798437
7.08338e-10	0.00782508
7.0886e-10	0.00766764
7.09381e-10	0.00751207
7.09903e-10	0.00735836
7.10425e-10	0.00720652
7.10946e-10	0.00705657
7.11468e-10	0.00690851
7.11989e-10	0.00676234
7.12511e-10	0.00661806
7.13033e-10	0.00647568
7.13554e-10	0.00633519
7.14076e-10	0.00619661
7.14597e-10	0.00605992
7.15119e-10	0.00592513
7.15641e-10	0.00579223
7.16162e-10	0.00566122
7.16684e-10	0.00553211
7.17205e-10	0.00540488
7.17727e-10	0.00527953
7.18249e-10	0.00515605
7.1877e-10	0.00503444
7.19292e-10	0.0049147
7.19813e-10	0.00479681
7.20335e-10	0.00468077
7.20857e-10	0.00456657
7.21378e-10	0.00445419
7.219e-10	0.00434364
7.22421e-10	0.0042349
7.22943e-10	0.00412796
7.23465e-10	0.0040228
7.23986e-10	0.00391943
7.24508e-10	0.00381782
7.25029e-10	0.00371796
7.25551e-10	0.00361985
7.26073e-10	0.00352346
7.26594e-10	0.00342879
7.27116e-10	0.00333582
7.27637e-10	0.00324454
7.28159e-10	0.00315493
7.28681e-10	0.00306698
7.29202e-10	0.00298068
7.29724e-10	0.002896
7.30245e-10	0.00281293
7.30767e-10	0.00273146
7.31289e-10	0.00265158
7.3181e-10	0.00257326
7.32332e-10	0.00249648
7.32853e-10	0.00242125
7.33375e-10	0.00234752
7.33897e-10	0.0022753
7.34418e-10	0.00220455
7.3494e-10	0.00213528
7.35461e-10	0.00206745
7.35983e-10	0.00200105
7.36505e-10	0.00193606
7.37026e-10	0.00187247
7.37548e-10	0.00181026
7.3807e-10	0.00174941
7.38591e-10	0.0016899
7.39113e-10	0.00163172
7.39634e-10	0.00157484
7.40156e-10	0.00151925
7.40678e-10	0.00146494
7.41199e-10	0.00141188
7.41721e-10	0.00136005
7.42242e-10	0.00130944
7.42764e-10	0.00126003
7.43286e-10	0.00121181
7.43807e-10	0.00116474
7.44329e-10	0.00111883
7.4485e-10	0.00107404
7.45372e-10	0.00103037
7.45894e-10	0.000987784
7.46415e-10	0.000946278
7.46937e-10	0.000905831
7.47458e-10	0.000866425
7.4798e-10	0.000828043
7.48502e-10	0.000790668
7.49023e-10	0.000754282
7.49545e-10	0.000718869
7.50066e-10	0.000684411
7.50588e-10	0.000650892
7.5111e-10	0.000618295
7.51631e-10	0.000586603
7.52153e-10	0.0005558
7.52674e-10	0.00052587
7.53196e-10	0.000496796
7.53718e-10	0.000468562
7.54239e-10	0.000441153
7.54761e-10	0.000414552
7.55282e-10	0.000388744
7.55804e-10	0.000363713
7.56326e-10	0.000339444
7.56847e-10	0.000315921
7.57369e-10	0.000293131
7.5789e-10	0.000271056
7.58412e-10	0.000249684
7.58934e-10	0.000228999
7.59455e-10	0.000208987
7.59977e-10	0.000189633
7.60498e-10	0.000170924
7.6102e-10	0.000152846
7.61542e-10	0.000135384
7.62063e-10	0.000118525
7.62585e-10	0.000102256
7.63106e-10	8.65629e-05
7.63628e-10	7.14335e-05
7.6415e-10	5.68546e-05
7.64671e-10	4.28132e-05
7.65193e-10	2.9297e-05
7.65715e-10	1.62934e-05
7.66236e-10	3.79037e-06
7.66758e-10	-8.22427e-06
7.67279e-10	-1.97623e-05
7.67801e-10	-3.08355e-05
7.68323e-10	-4.14554e-05
7.68844e-10	-5.16332e-05
7.69366e-10	-6.13802e-05
7.69887e-10	-7.07073e-05
7.70409e-10	-7.96254e-05
7.70931e-10	-8.81451e-05
7.71452e-10	-9.62768e-05
7.71974e-10	-0.000104031
7.72495e-10	-0.000111417
7.73017e-10	-0.000118446
7.73539e-10	-0.000125127
7.7406e-10	-0.00013147
7.74582e-10	-0.000137485
7.75103e-10	-0.000143179
7.75625e-10	-0.000148564
7.76147e-10	-0.000153646
7.76668e-10	-0.000158436
7.7719e-10	-0.000162942
7.77711e-10	-0.000167173
7.78233e-10	-0.000171136
7.78755e-10	-0.000174839
7.79276e-10	-0.000178292
7.79798e-10	-0.000181501
7.80319e-10	-0.000184474
7.80841e-10	-0.000187218
7.81363e-10	-0.000189742
7.81884e-10	-0.000192052
7.82406e-10	-0.000194154
7.82927e-10	-0.000196057
7.83449e-10	-0.000197767
7.83971e-10	-0.00019929
7.84492e-10	-0.000200634
7.85014e-10	-0.000201803
7.85535e-10	-0.000202804
7.86057e-10	-0.000203644
7.86579e-10	-0.000204328
7.871e-10	-0.000204862
7.87622e-10	-0.000205252
7.88143e-10	-0.000205503
7.88665e-10	-0.00020562
7.89187e-10	-0.000205609
7.89708e-10	-0.000205475
7.9023e-10	-0.000205222
7.90752e-10	-0.000204857
7.91273e-10	-0.000204382
7.91795e-10	-0.000203804
7.92316e-10	-0.000203126
7.92838e-10	-0.000202352
7.9336e-10	-0.000201488
7.93881e-10	-0.000200538
7.94403e-10	-0.000199504
7.94924e-10	-0.000198392
7.95446e-10	-0.000197205
7.95968e-10	-0.000195947
7.96489e-10	-0.000194621
7.97011e-10	-0.000193231
7.97532e-10	-0.000191781
7.98054e-10	-0.000190273
7.98576e-10	-0.000188711
7.99097e-10	-0.000187098
7.99619e-10	-0.000185438
8.0014e-10	-0.000183732
8.00662e-10	-0.000181984
8.01184e-10	-0.000180197
8.01705e-10	-0.000178374
8.02227e-10	-0.000176516
8.02748e-10	-0.000174627
8.0327e-10	-0.000172709
8.03792e-10	-0.000170764
8.04313e-10	-0.000168795
8.04835e-10	-0.000166803
8.05356e-10	-0.000164792
8.05878e-10	-0.000162762
8.064e-10	-0.000160717
8.06921e-10	-0.000158657
8.07443e-10	-0.000156585
8.07964e-10	-0.000154503
8.08486e-10	-0.000152412
8.09008e-10	-0.000150314
8.09529e-10	-0.00014821
8.10051e-10	-0.000146102
8.10572e-10	-0.000143992
8.11094e-10	-0.000141881
8.11616e-10	-0.00013977
8.12137e-10	-0.000137661
8.12659e-10	-0.000135554
8.1318e-10	-0.000133452
8.13702e-10	-0.000131355
8.14224e-10	-0.000129264
8.14745e-10	-0.000127181
8.15267e-10	-0.000125106
8.15788e-10	-0.00012304
8.1631e-10	-0.000120984
8.16832e-10	-0.00011894
8.17353e-10	-0.000116907
8.17875e-10	-0.000114888
8.18397e-10	-0.000112881
