2.60802e-13	-0.000113442
7.82406e-13	-0.000115452
1.30401e-12	-0.000117476
1.82561e-12	-0.000119512
2.34722e-12	-0.000121559
2.86882e-12	-0.000123618
3.39043e-12	-0.000125686
3.91203e-12	-0.000127764
4.43363e-12	-0.000129849
4.95524e-12	-0.000131942
5.47684e-12	-0.000134041
5.99844e-12	-0.000136144
6.52005e-12	-0.000138252
7.04165e-12	-0.000140362
7.56326e-12	-0.000142473
8.08486e-12	-0.000144584
8.60646e-12	-0.000146693
9.12807e-12	-0.0001488
9.64967e-12	-0.000150902
1.01713e-11	-0.000152999
1.06929e-11	-0.000155087
1.12145e-11	-0.000157167
1.17361e-11	-0.000159236
1.22577e-11	-0.000161292
1.27793e-11	-0.000163333
1.33009e-11	-0.000165358
1.38225e-11	-0.000167364
1.43441e-11	-0.000169349
1.48657e-11	-0.000171312
1.53873e-11	-0.000173249
1.59089e-11	-0.00017516
1.64305e-11	-0.00017704
1.69521e-11	-0.000178888
1.74737e-11	-0.000180702
1.79953e-11	-0.000182478
1.85169e-11	-0.000184214
1.90385e-11	-0.000185908
1.95601e-11	-0.000187555
2.00817e-11	-0.000189154
2.06034e-11	-0.000190701
2.1125e-11	-0.000192193
2.16466e-11	-0.000193627
2.21682e-11	-0.000194999
2.26898e-11	-0.000196306
2.32114e-11	-0.000197545
2.3733e-11	-0.000198711
2.42546e-11	-0.000199802
2.47762e-11	-0.000200813
2.52978e-11	-0.000201739
2.58194e-11	-0.000202578
2.6341e-11	-0.000203325
2.68626e-11	-0.000203976
2.73842e-11	-0.000204526
2.79058e-11	-0.00020497
2.84274e-11	-0.000205305
2.8949e-11	-0.000205525
2.94706e-11	-0.000205625
2.99922e-11	-0.0002056
3.05138e-11	-0.000205446
3.10354e-11	-0.000205157
3.1557e-11	-0.000204727
3.20786e-11	-0.000204152
3.26002e-11	-0.000203425
3.31218e-11	-0.00020254
3.36435e-11	-0.000201492
3.41651e-11	-0.000200275
3.46867e-11	-0.000198882
3.52083e-11	-0.000197307
3.57299e-11	-0.000195544
3.62515e-11	-0.000193586
3.67731e-11	-0.000191425
3.72947e-11	-0.000189056
3.78163e-11	-0.000186472
3.83379e-11	-0.000183664
3.88595e-11	-0.000180625
3.93811e-11	-0.000177349
3.99027e-11	-0.000173827
4.04243e-11	-0.000170052
4.09459e-11	-0.000166015
4.14675e-11	-0.000161708
4.19891e-11	-0.000157123
4.25107e-11	-0.000152252
4.30323e-11	-0.000147085
4.35539e-11	-0.000141615
4.40755e-11	-0.000135832
4.45971e-11	-0.000129726
4.51187e-11	-0.00012329
4.56403e-11	-0.000116512
4.61619e-11	-0.000109384
4.66835e-11	-0.000101895
4.72052e-11	-9.40365e-05
4.77268e-11	-8.57971e-05
4.82484e-11	-7.71668e-05
4.877e-11	-6.81352e-05
4.92916e-11	-5.86915e-05
4.98132e-11	-4.88249e-05
5.03348e-11	-3.85244e-05
5.08564e-11	-2.77786e-05
5.1378e-11	-1.65763e-05
5.18996e-11	-4.90588e-06
5.24212e-11	7.24443e-06
5.29428e-11	1.98865e-05
5.34644e-11	3.30325e-05
5.3986e-11	4.66947e-05
5.45076e-11	6.08854e-05
5.50292e-11	7.56173e-05
5.55508e-11	9.09033e-05
5.60724e-11	0.000106756
5.6594e-11	0.000123189
5.71156e-11	0.000140216
5.76372e-11	0.000157849
5.81588e-11	0.000176103
5.86804e-11	0.000194991
5.9202e-11	0.000214528
5.97236e-11	0.000234727
6.02452e-11	0.000255604
6.07669e-11	0.000277171
6.12885e-11	0.000299445
6.18101e-11	0.000322439
6.23317e-11	0.000346169
6.28533e-11	0.00037065
6.33749e-11	0.000395897
6.38965e-11	0.000421926
6.44181e-11	0.000448752
6.49397e-11	0.000476391
6.54613e-11	0.000504858
6.59829e-11	0.00053417
6.65045e-11	0.000564344
6.70261e-11	0.000595394
6.75477e-11	0.000627338
6.80693e-11	0.000660191
6.85909e-11	0.000693972
6.91125e-11	0.000728696
6.96341e-11	0.00076438
7.01557e-11	0.000801041
7.06773e-11	0.000838697
7.11989e-11	0.000877364
7.17205e-11	0.00091706
7.22421e-11	0.000957802
7.27637e-11	0.000999608
7.32853e-11	0.00104249
7.3807e-11	0.00108648
7.43286e-11	0.00113158
7.48502e-11	0.00117782
7.53718e-11	0.0012252
7.58934e-11	0.00127376
7.6415e-11	0.0013235
7.69366e-11	0.00137445
7.74582e-11	0.00142662
7.79798e-11	0.00148003
7.85014e-11	0.0015347
7.9023e-11	0.00159065
7.95446e-11	0.00164789
8.00662e-11	0.00170644
8.05878e-11	0.00176633
8.11094e-11	0.00182756
8.1631e-11	0.00189015
8.21526e-11	0.00195413
8.26742e-11	0.00201951
8.31958e-11	0.00208631
8.37174e-11	0.00215454
8.4239e-11	0.00222423
8.47606e-11	0.00229539
8.52822e-11	0.00236803
8.58038e-11	0.00244218
8.63254e-11	0.00251784
8.6847e-11	0.00259505
8.73687e-11	0.00267381
8.78903e-11	0.00275414
8.84119e-11	0.00283605
8.89335e-11	0.00291956
8.94551e-11	0.0030047
8.99767e-11	0.00309146
9.04983e-11	0.00317988
9.10199e-11	0.00326995
9.15415e-11	0.00336171
9.20631e-11	0.00345515
9.25847e-11	0.0035503
9.31063e-11	0.00364717
9.36279e-11	0.00374577
9.41495e-11	0.00384612
9.46711e-11	0.00394822
9.51927e-11	0.00405209
9.57143e-11	0.00415774
9.62359e-11	0.00426519
9.67575e-11	0.00437444
9.72791e-11	0.0044855
9.78007e-11	0.00459839
9.83223e-11	0.0047131
9.88439e-11	0.00482966
9.93655e-11	0.00494807
9.98871e-11	0.00506834
1.00409e-10	0.00519047
1.0093e-10	0.00531447
1.01452e-10	0.00544034
1.01974e-10	0.0055681
1.02495e-10	0.00569775
1.03017e-10	0.00582928
1.03538e-10	0.00596271
1.0406e-10	0.00609803
1.04582e-10	0.00623525
1.05103e-10	0.00637437
1.05625e-10	0.00651539
1.06146e-10	0.0066583
1.06668e-10	0.00680311
1.0719e-10	0.00694981
1.07711e-10	0.00709841
1.08233e-10	0.00724888
1.08754e-10	0.00740124
1.09276e-10	0.00755548
1.09798e-10	0.00771158
1.10319e-10	0.00786953
1.10841e-10	0.00802934
1.11362e-10	0.00819099
1.11884e-10	0.00835446
1.12406e-10	0.00851975
1.12927e-10	0.00868685
1.13449e-10	0.00885572
1.1397e-10	0.00902637
1.14492e-10	0.00919878
1.15014e-10	0.00937292
1.15535e-10	0.00954877
1.16057e-10	0.00972632
1.16578e-10	0.00990554
1.171e-10	0.0100864
1.17622e-10	0.0102689
1.18143e-10	0.010453
1.18665e-10	0.0106387
1.19186e-10	0.0108259
1.19708e-10	0.0110146
1.2023e-10	0.0112047
1.20751e-10	0.0113964
1.21273e-10	0.0115894
1.21795e-10	0.0117838
1.22316e-10	0.0119796
1.22838e-10	0.0121766
1.23359e-10	0.0123749
1.23881e-10	0.0125744
1.24403e-10	0.012775
1.24924e-10	0.0129768
1.25446e-10	0.0131796
1.25967e-10	0.0133834
1.26489e-10	0.0135882
1.27011e-10	0.0137939
1.27532e-10	0.0140005
1.28054e-10	0.0142079
1.28575e-10	0.014416
1.29097e-10	0.0146247
1.29619e-10	0.0148341
1.3014e-10	0.015044
1.30662e-10	0.0152544
1.31183e-10	0.0154652
1.31705e-10	0.0156763
1.32227e-10	0.0158877
1.32748e-10	0.0160993
1.3327e-10	0.0163109
1.33791e-10	0.0165226
1.34313e-10	0.0167342
1.34835e-10	0.0169457
1.35356e-10	0.017157
1.35878e-10	0.0173679
1.36399e-10	0.0175784
1.36921e-10	0.0177884
1.37443e-10	0.0179979
1.37964e-10	0.0182066
1.38486e-10	0.0184145
1.39007e-10	0.0186215
1.39529e-10	0.0188275
1.40051e-10	0.0190323
1.40572e-10	0.019236
1.41094e-10	0.0194383
1.41615e-10	0.0196391
1.42137e-10	0.0198384
1.42659e-10	0.0200359
1.4318e-10	0.0202317
1.43702e-10	0.0204255
1.44223e-10	0.0206172
1.44745e-10	0.0208067
1.45267e-10	0.0209939
1.45788e-10	0.0211787
1.4631e-10	0.0213608
1.46831e-10	0.0215402
1.47353e-10	0.0217166
1.47875e-10	0.0218901
1.48396e-10	0.0220604
1.48918e-10	0.0222273
1.4944e-10	0.0223907
1.49961e-10	0.0225505
1.50483e-10	0.0227065
1.51004e-10	0.0228586
1.51526e-10	0.0230065
1.52048e-10	0.0231501
1.52569e-10	0.0232893
1.53091e-10	0.0234239
1.53612e-10	0.0235536
1.54134e-10	0.0236784
1.54656e-10	0.023798
1.55177e-10	0.0239123
1.55699e-10	0.024021
1.5622e-10	0.0241241
1.56742e-10	0.0242212
1.57264e-10	0.0243123
1.57785e-10	0.0243971
1.58307e-10	0.0244754
1.58828e-10	0.0245471
1.5935e-10	0.0246119
1.59872e-10	0.0246696
1.60393e-10	0.0247201
1.60915e-10	0.024763
1.61436e-10	0.0247983
1.61958e-10	0.0248257
1.6248e-10	0.0248449
1.63001e-10	0.0248559
1.63523e-10	0.0248582
1.64044e-10	0.0248519
1.64566e-10	0.0248365
1.65088e-10	0.0248119
1.65609e-10	0.0247778
1.66131e-10	0.0247341
1.66652e-10	0.0246805
1.67174e-10	0.0246168
1.67696e-10	0.0245427
1.68217e-10	0.024458
1.68739e-10	0.0243625
1.6926e-10	0.0242559
1.69782e-10	0.024138
1.70304e-10	0.0240085
1.70825e-10	0.0238673
1.71347e-10	0.023714
1.71868e-10	0.0235484
1.7239e-10	0.0233703
1.72912e-10	0.0231795
1.73433e-10	0.0229756
1.73955e-10	0.0227584
1.74477e-10	0.0225277
1.74998e-10	0.0222832
1.7552e-10	0.0220247
1.76041e-10	0.0217519
1.76563e-10	0.0214646
1.77085e-10	0.0211625
1.77606e-10	0.0208453
1.78128e-10	0.0205129
1.78649e-10	0.0201648
1.79171e-10	0.019801
1.79693e-10	0.0194211
1.80214e-10	0.0190249
1.80736e-10	0.0186121
1.81257e-10	0.0181824
1.81779e-10	0.0177357
1.82301e-10	0.0172716
1.82822e-10	0.0167899
1.83344e-10	0.0162903
1.83865e-10	0.0157726
1.84387e-10	0.0152366
1.84909e-10	0.0146819
1.8543e-10	0.0141084
1.85952e-10	0.0135158
1.86473e-10	0.0129038
1.86995e-10	0.0122721
1.87517e-10	0.0116206
1.88038e-10	0.010949
1.8856e-10	0.0102571
1.89081e-10	0.0095445
1.89603e-10	0.00881112
1.90125e-10	0.00805666
1.90646e-10	0.00728089
1.91168e-10	0.00648359
1.91689e-10	0.00566451
1.92211e-10	0.00482343
1.92733e-10	0.00396013
1.93254e-10	0.00307438
1.93776e-10	0.00216596
1.94297e-10	0.00123466
1.94819e-10	0.00028026
1.95341e-10	-0.000697452
1.95862e-10	-0.00169868
1.96384e-10	-0.00272363
1.96905e-10	-0.00377249
1.97427e-10	-0.00484548
1.97949e-10	-0.00594277
1.9847e-10	-0.00706455
1.98992e-10	-0.00821101
1.99513e-10	-0.00938233
2.00035e-10	-0.0105787
2.00557e-10	-0.0118002
2.01078e-10	-0.0130471
2.016e-10	-0.0143196
2.02122e-10	-0.0156177
2.02643e-10	-0.0169416
2.03165e-10	-0.0182915
2.03686e-10	-0.0196676
2.04208e-10	-0.0210698
2.0473e-10	-0.0224985
2.05251e-10	-0.0239536
2.05773e-10	-0.0254353
2.06294e-10	-0.0269437
2.06816e-10	-0.0284789
2.07338e-10	-0.030041
2.07859e-10	-0.0316302
2.08381e-10	-0.0332463
2.08902e-10	-0.0348897
2.09424e-10	-0.0365602
2.09946e-10	-0.038258
2.10467e-10	-0.0399831
2.10989e-10	-0.0417355
2.1151e-10	-0.0435154
2.12032e-10	-0.0453226
2.12554e-10	-0.0471573
2.13075e-10	-0.0490195
2.13597e-10	-0.0509091
2.14118e-10	-0.0528261
2.1464e-10	-0.0547706
2.15162e-10	-0.0567424
2.15683e-10	-0.0587416
2.16205e-10	-0.0607682
2.16726e-10	-0.062822
2.17248e-10	-0.064903
2.1777e-10	-0.0670111
2.18291e-10	-0.0691463
2.18813e-10	-0.0713084
2.19334e-10	-0.0734974
2.19856e-10	-0.0757132
2.20378e-10	-0.0779555
2.20899e-10	-0.0802244
2.21421e-10	-0.0825196
2.21942e-10	-0.084841
2.22464e-10	-0.0871884
2.22986e-10	-0.0895617
2.23507e-10	-0.0919606
2.24029e-10	-0.094385
2.2455e-10	-0.0968346
2.25072e-10	-0.0993093
2.25594e-10	-0.101809
2.26115e-10	-0.104333
2.26637e-10	-0.106881
2.27158e-10	-0.109453
2.2768e-10	-0.11205
2.28202e-10	-0.114669
2.28723e-10	-0.117312
2.29245e-10	-0.119977
2.29767e-10	-0.122665
2.30288e-10	-0.125376
2.3081e-10	-0.128108
2.31331e-10	-0.130861
2.31853e-10	-0.133636
2.32375e-10	-0.136431
2.32896e-10	-0.139247
2.33418e-10	-0.142082
2.33939e-10	-0.144937
2.34461e-10	-0.147811
2.34983e-10	-0.150703
2.35504e-10	-0.153614
2.36026e-10	-0.156542
2.36547e-10	-0.159487
2.37069e-10	-0.162449
2.37591e-10	-0.165426
2.38112e-10	-0.16842
2.38634e-10	-0.171428
2.39155e-10	-0.174451
2.39677e-10	-0.177487
2.40199e-10	-0.180537
2.4072e-10	-0.1836
2.41242e-10	-0.186675
2.41763e-10	-0.189761
2.42285e-10	-0.192858
2.42807e-10	-0.195965
2.43328e-10	-0.199081
2.4385e-10	-0.202207
2.44371e-10	-0.20534
2.44893e-10	-0.208481
2.45415e-10	-0.211629
2.45936e-10	-0.214783
2.46458e-10	-0.217941
2.46979e-10	-0.221105
2.47501e-10	-0.224272
2.48023e-10	-0.227442
2.48544e-10	-0.230614
2.49066e-10	-0.233788
2.49587e-10	-0.236962
2.50109e-10	-0.240136
2.50631e-10	-0.243309
2.51152e-10	-0.24648
2.51674e-10	-0.249648
2.52195e-10	-0.252812
2.52717e-10	-0.255972
2.53239e-10	-0.259126
2.5376e-10	-0.262274
2.54282e-10	-0.265415
2.54804e-10	-0.268547
2.55325e-10	-0.271671
2.55847e-10	-0.274784
2.56368e-10	-0.277886
2.5689e-10	-0.280976
2.57412e-10	-0.284053
2.57933e-10	-0.287116
2.58455e-10	-0.290164
2.58976e-10	-0.293197
2.59498e-10	-0.296212
2.6002e-10	-0.299209
2.60541e-10	-0.302187
2.61063e-10	-0.305145
2.61584e-10	-0.308081
2.62106e-10	-0.310996
2.62628e-10	-0.313887
2.63149e-10	-0.316754
2.63671e-10	-0.319595
2.64192e-10	-0.32241
2.64714e-10	-0.325198
2.65236e-10	-0.327956
2.65757e-10	-0.330685
2.66279e-10	-0.333383
2.668e-10	-0.336049
2.67322e-10	-0.338681
2.67844e-10	-0.34128
2.68365e-10	-0.343843
2.68887e-10	-0.346369
2.69408e-10	-0.348858
2.6993e-10	-0.351308
2.70452e-10	-0.353718
2.70973e-10	-0.356087
2.71495e-10	-0.358413
2.72016e-10	-0.360696
2.72538e-10	-0.362935
2.7306e-10	-0.365128
2.73581e-10	-0.367274
2.74103e-10	-0.369372
2.74624e-10	-0.371421
2.75146e-10	-0.373419
2.75668e-10	-0.375366
2.76189e-10	-0.377261
2.76711e-10	-0.379101
2.77232e-10	-0.380887
2.77754e-10	-0.382616
2.78276e-10	-0.384289
2.78797e-10	-0.385903
2.79319e-10	-0.387457
2.7984e-10	-0.388951
2.80362e-10	-0.390383
2.80884e-10	-0.391752
2.81405e-10	-0.393056
2.81927e-10	-0.394296
2.82449e-10	-0.39547
2.8297e-10	-0.396576
2.83492e-10	-0.397614
2.84013e-10	-0.398582
2.84535e-10	-0.399479
2.85057e-10	-0.400305
2.85578e-10	-0.401058
2.861e-10	-0.401737
2.86621e-10	-0.402341
2.87143e-10	-0.40287
2.87665e-10	-0.403321
2.88186e-10	-0.403694
2.88708e-10	-0.403989
2.89229e-10	-0.404203
2.89751e-10	-0.404337
2.90273e-10	-0.404388
2.90794e-10	-0.404357
2.91316e-10	-0.404242
2.91837e-10	-0.404042
2.92359e-10	-0.403756
2.92881e-10	-0.403384
2.93402e-10	-0.402924
2.93924e-10	-0.402377
2.94445e-10	-0.401739
2.94967e-10	-0.401012
2.95489e-10	-0.400194
2.9601e-10	-0.399285
2.96532e-10	-0.398282
2.97053e-10	-0.397187
2.97575e-10	-0.395998
2.98097e-10	-0.394714
2.98618e-10	-0.393335
2.9914e-10	-0.391859
2.99661e-10	-0.390287
3.00183e-10	-0.388618
3.00705e-10	-0.38685
3.01226e-10	-0.384984
3.01748e-10	-0.383018
3.02269e-10	-0.380953
3.02791e-10	-0.378787
3.03313e-10	-0.376521
3.03834e-10	-0.374153
3.04356e-10	-0.371684
3.04877e-10	-0.369112
3.05399e-10	-0.366437
3.05921e-10	-0.363659
3.06442e-10	-0.360778
3.06964e-10	-0.357793
3.07485e-10	-0.354704
3.08007e-10	-0.351511
3.08529e-10	-0.348213
3.0905e-10	-0.344809
3.09572e-10	-0.341301
3.10094e-10	-0.337688
3.10615e-10	-0.333968
3.11137e-10	-0.330144
3.11658e-10	-0.326213
3.1218e-10	-0.322177
3.12702e-10	-0.318035
3.13223e-10	-0.313787
3.13745e-10	-0.309433
3.14266e-10	-0.304973
3.14788e-10	-0.300408
3.1531e-10	-0.295737
3.15831e-10	-0.29096
3.16353e-10	-0.286078
3.16874e-10	-0.281091
3.17396e-10	-0.275999
3.17918e-10	-0.270803
3.18439e-10	-0.265501
3.18961e-10	-0.260096
3.19482e-10	-0.254587
3.20004e-10	-0.248975
3.20526e-10	-0.24326
3.21047e-10	-0.237442
3.21569e-10	-0.231523
3.2209e-10	-0.225501
3.22612e-10	-0.219379
3.23134e-10	-0.213156
3.23655e-10	-0.206834
3.24177e-10	-0.200412
3.24698e-10	-0.193892
3.2522e-10	-0.187274
3.25742e-10	-0.180559
3.26263e-10	-0.173748
3.26785e-10	-0.166841
3.27306e-10	-0.15984
3.27828e-10	-0.152744
3.2835e-10	-0.145556
3.28871e-10	-0.138276
3.29393e-10	-0.130904
3.29914e-10	-0.123443
3.30436e-10	-0.115892
3.30958e-10	-0.108254
3.31479e-10	-0.100528
3.32001e-10	-0.0927169
3.32522e-10	-0.0848209
3.33044e-10	-0.0768415
3.33566e-10	-0.0687797
3.34087e-10	-0.0606369
3.34609e-10	-0.0524144
3.35131e-10	-0.0441133
3.35652e-10	-0.0357351
3.36174e-10	-0.027281
3.36695e-10	-0.0187526
3.37217e-10	-0.0101511
3.37739e-10	-0.00147814
3.3826e-10	0.00726495
3.38782e-10	0.0160766
3.39303e-10	0.0249553
3.39825e-10	0.0338995
3.40347e-10	0.0429076
3.40868e-10	0.0519781
3.4139e-10	0.0611091
3.41911e-10	0.0702992
3.42433e-10	0.0795465
3.42955e-10	0.0888494
3.43476e-10	0.0982062
3.43998e-10	0.107615
3.44519e-10	0.117074
3.45041e-10	0.126582
3.45563e-10	0.136136
3.46084e-10	0.145735
3.46606e-10	0.155377
3.47127e-10	0.165059
3.47649e-10	0.174781
3.48171e-10	0.18454
3.48692e-10	0.194334
3.49214e-10	0.204161
3.49735e-10	0.214019
3.50257e-10	0.223907
3.50779e-10	0.233821
3.513e-10	0.24376
3.51822e-10	0.253722
3.52343e-10	0.263705
3.52865e-10	0.273707
3.53387e-10	0.283725
3.53908e-10	0.293758
3.5443e-10	0.303803
3.54951e-10	0.313857
3.55473e-10	0.32392
3.55995e-10	0.333988
3.56516e-10	0.34406
3.57038e-10	0.354133
3.57559e-10	0.364205
3.58081e-10	0.374274
3.58603e-10	0.384337
3.59124e-10	0.394393
3.59646e-10	0.404438
3.60167e-10	0.414471
3.60689e-10	0.424489
3.61211e-10	0.434491
3.61732e-10	0.444473
3.62254e-10	0.454434
3.62776e-10	0.464371
3.63297e-10	0.474282
3.63819e-10	0.484165
3.6434e-10	0.494016
3.64862e-10	0.503835
3.65384e-10	0.513618
3.65905e-10	0.523364
3.66427e-10	0.53307
3.66948e-10	0.542733
3.6747e-10	0.552352
3.67992e-10	0.561924
3.68513e-10	0.571446
3.69035e-10	0.580918
3.69556e-10	0.590335
3.70078e-10	0.599696
3.706e-10	0.608999
3.71121e-10	0.618242
3.71643e-10	0.627421
3.72164e-10	0.636536
3.72686e-10	0.645583
3.73208e-10	0.65456
3.73729e-10	0.663466
3.74251e-10	0.672297
3.74772e-10	0.681053
3.75294e-10	0.68973
3.75816e-10	0.698327
3.76337e-10	0.706841
3.76859e-10	0.71527
3.7738e-10	0.723612
3.77902e-10	0.731865
3.78424e-10	0.740027
3.78945e-10	0.748096
3.79467e-10	0.75607
3.79988e-10	0.763946
3.8051e-10	0.771723
3.81032e-10	0.779399
3.81553e-10	0.786972
3.82075e-10	0.79444
3.82596e-10	0.801801
3.83118e-10	0.809052
3.8364e-10	0.816194
3.84161e-10	0.823222
3.84683e-10	0.830136
3.85204e-10	0.836934
3.85726e-10	0.843614
3.86248e-10	0.850174
3.86769e-10	0.856613
3.87291e-10	0.862929
3.87812e-10	0.86912
3.88334e-10	0.875185
3.88856e-10	0.881123
3.89377e-10	0.88693
3.89899e-10	0.892607
3.90421e-10	0.898151
3.90942e-10	0.903562
3.91464e-10	0.908837
3.91985e-10	0.913975
3.92507e-10	0.918976
3.93029e-10	0.923837
3.9355e-10	0.928558
3.94072e-10	0.933136
3.94593e-10	0.937572
3.95115e-10	0.941863
3.95637e-10	0.946009
3.96158e-10	0.950009
3.9668e-10	0.953861
3.97201e-10	0.957564
3.97723e-10	0.961118
3.98245e-10	0.964522
3.98766e-10	0.967774
3.99288e-10	0.970874
3.99809e-10	0.973821
4.00331e-10	0.976614
4.00853e-10	0.979252
4.01374e-10	0.981735
4.01896e-10	0.984062
4.02417e-10	0.986233
4.02939e-10	0.988247
4.03461e-10	0.990103
4.03982e-10	0.9918
4.04504e-10	0.993339
4.05025e-10	0.994719
4.05547e-10	0.99594
4.06069e-10	0.997001
4.0659e-10	0.997902
4.07112e-10	0.998642
4.07633e-10	0.999223
4.08155e-10	0.999642
4.08677e-10	0.999901
4.09198e-10	0.999999
4.0972e-10	0.999936
4.10241e-10	0.999713
4.10763e-10	0.999328
4.11285e-10	0.998784
4.11806e-10	0.998078
4.12328e-10	0.997213
4.12849e-10	0.996187
4.13371e-10	0.995001
4.13893e-10	0.993656
4.14414e-10	0.992152
4.14936e-10	0.990489
4.15458e-10	0.988668
4.15979e-10	0.986689
4.16501e-10	0.984553
4.17022e-10	0.98226
4.17544e-10	0.979811
4.18066e-10	0.977207
4.18587e-10	0.974448
4.19109e-10	0.971535
4.1963e-10	0.968468
4.20152e-10	0.965249
4.20674e-10	0.961879
4.21195e-10	0.958358
4.21717e-10	0.954687
4.22238e-10	0.950868
4.2276e-10	0.946901
4.23282e-10	0.942787
4.23803e-10	0.938527
4.24325e-10	0.934123
4.24846e-10	0.929576
4.25368e-10	0.924886
4.2589e-10	0.920056
4.26411e-10	0.915086
4.26933e-10	0.909978
4.27454e-10	0.904733
4.27976e-10	0.899352
4.28498e-10	0.893837
4.29019e-10	0.888189
4.29541e-10	0.88241
4.30062e-10	0.876501
4.30584e-10	0.870464
4.31106e-10	0.864301
4.31627e-10	0.858012
4.32149e-10	0.8516
4.3267e-10	0.845066
4.33192e-10	0.838412
4.33714e-10	0.83164
4.34235e-10	0.824751
4.34757e-10	0.817748
4.35278e-10	0.810631
4.358e-10	0.803404
4.36322e-10	0.796067
4.36843e-10	0.788622
4.37365e-10	0.781072
4.37886e-10	0.773419
4.38408e-10	0.765664
4.3893e-10	0.757809
4.39451e-10	0.749856
4.39973e-10	0.741808
4.40494e-10	0.733667
4.41016e-10	0.725433
4.41538e-10	0.71711
4.42059e-10	0.7087
4.42581e-10	0.700205
4.43103e-10	0.691626
4.43624e-10	0.682967
4.44146e-10	0.674228
4.44667e-10	0.665413
4.45189e-10	0.656524
4.45711e-10	0.647562
4.46232e-10	0.63853
4.46754e-10	0.62943
4.47275e-10	0.620265
4.47797e-10	0.611036
4.48319e-10	0.601746
4.4884e-10	0.592397
4.49362e-10	0.582992
4.49883e-10	0.573532
4.50405e-10	0.564021
4.50927e-10	0.55446
4.51448e-10	0.544851
4.5197e-10	0.535197
4.52491e-10	0.525501
4.53013e-10	0.515763
4.53535e-10	0.505988
4.54056e-10	0.496177
4.54578e-10	0.486332
4.55099e-10	0.476456
4.55621e-10	0.466552
4.56143e-10	0.45662
4.56664e-10	0.446664
4.57186e-10	0.436686
4.57707e-10	0.426689
4.58229e-10	0.416674
4.58751e-10	0.406644
4.59272e-10	0.396601
4.59794e-10	0.386548
4.60315e-10	0.376486
4.60837e-10	0.366418
4.61359e-10	0.356347
4.6188e-10	0.346274
4.62402e-10	0.336202
4.62923e-10	0.326132
4.63445e-10	0.316068
4.63967e-10	0.306011
4.64488e-10	0.295964
4.6501e-10	0.285929
4.65531e-10	0.275907
4.66053e-10	0.265902
4.66575e-10	0.255915
4.67096e-10	0.245948
4.67618e-10	0.236003
4.68139e-10	0.226083
4.68661e-10	0.21619
4.69183e-10	0.206325
4.69704e-10	0.196491
4.70226e-10	0.186689
4.70748e-10	0.176923
4.71269e-10	0.167193
4.71791e-10	0.157501
4.72312e-10	0.14785
4.72834e-10	0.138242
4.73356e-10	0.128677
4.73877e-10	0.119159
4.74399e-10	0.109689
4.7492e-10	0.100269
4.75442e-10	0.0909011
4.75964e-10	0.0815862
4.76485e-10	0.0723265
4.77007e-10	0.0631237
4.77528e-10	0.0539796
4.7805e-10	0.0448957
4.78572e-10	0.0358738
4.79093e-10	0.0269154
4.79615e-10	0.0180221
4.80136e-10	0.00919559
4.80658e-10	0.000437304
4.8118e-10	-0.00825123
4.81701e-10	-0.0168685
4.82223e-10	-0.0254131
4.82744e-10	-0.0338836
4.83266e-10	-0.0422787
4.83788e-10	-0.0505968
4.84309e-10	-0.0588367
4.84831e-10	-0.0669972
4.85352e-10	-0.0750768
4.85874e-10	-0.0830745
4.86396e-10	-0.0909889
4.86917e-10	-0.0988189
4.87439e-10	-0.106563
4.8796e-10	-0.114221
4.88482e-10	-0.121791
4.89004e-10	-0.129272
4.89525e-10	-0.136663
4.90047e-10	-0.143964
4.90568e-10	-0.151172
4.9109e-10	-0.158288
4.91612e-10	-0.165311
4.92133e-10	-0.172238
4.92655e-10	-0.179071
4.93176e-10	-0.185807
4.93698e-10	-0.192446
4.9422e-10	-0.198988
4.94741e-10	-0.205431
4.95263e-10	-0.211776
4.95784e-10	-0.21802
4.96306e-10	-0.224165
4.96828e-10	-0.230208
4.97349e-10	-0.23615
4.97871e-10	-0.24199
4.98393e-10	-0.247728
4.98914e-10	-0.253363
4.99436e-10	-0.258895
4.99957e-10	-0.264323
5.00479e-10	-0.269647
5.01001e-10	-0.274866
5.01522e-10	-0.279981
5.02044e-10	-0.284991
5.02565e-10	-0.289896
5.03087e-10	-0.294696
5.03609e-10	-0.29939
5.0413e-10	-0.303979
5.04652e-10	-0.308462
5.05173e-10	-0.312839
5.05695e-10	-0.31711
5.06217e-10	-0.321276
5.06738e-10	-0.325335
5.0726e-10	-0.329289
5.07781e-10	-0.333137
5.08303e-10	-0.336879
5.08825e-10	-0.340516
5.09346e-10	-0.344047
5.09868e-10	-0.347474
5.10389e-10	-0.350795
5.10911e-10	-0.354011
5.11433e-10	-0.357123
5.11954e-10	-0.360131
5.12476e-10	-0.363035
5.12997e-10	-0.365835
5.13519e-10	-0.368533
5.14041e-10	-0.371127
5.14562e-10	-0.373619
5.15084e-10	-0.376009
5.15605e-10	-0.378298
5.16127e-10	-0.380486
5.16649e-10	-0.382573
5.1717e-10	-0.38456
5.17692e-10	-0.386448
5.18213e-10	-0.388238
5.18735e-10	-0.389929
5.19257e-10	-0.391522
5.19778e-10	-0.393019
5.203e-10	-0.394419
5.20821e-10	-0.395724
5.21343e-10	-0.396934
5.21865e-10	-0.39805
5.22386e-10	-0.399072
5.22908e-10	-0.400002
5.2343e-10	-0.40084
5.23951e-10	-0.401587
5.24473e-10	-0.402244
5.24994e-10	-0.402812
5.25516e-10	-0.403291
5.26038e-10	-0.403682
5.26559e-10	-0.403986
5.27081e-10	-0.404205
5.27602e-10	-0.404339
5.28124e-10	-0.404388
5.28646e-10	-0.404355
5.29167e-10	-0.40424
5.29689e-10	-0.404043
5.3021e-10	-0.403766
5.30732e-10	-0.40341
5.31254e-10	-0.402975
5.31775e-10	-0.402464
5.32297e-10	-0.401876
5.32818e-10	-0.401214
5.3334e-10	-0.400477
5.33862e-10	-0.399667
5.34383e-10	-0.398785
5.34905e-10	-0.397832
5.35426e-10	-0.39681
5.35948e-10	-0.395719
5.3647e-10	-0.39456
5.36991e-10	-0.393335
5.37513e-10	-0.392044
5.38034e-10	-0.390689
5.38556e-10	-0.389271
5.39078e-10	-0.38779
5.39599e-10	-0.386249
5.40121e-10	-0.384648
5.40642e-10	-0.382989
5.41164e-10	-0.381272
5.41686e-10	-0.379498
5.42207e-10	-0.37767
5.42729e-10	-0.375787
5.4325e-10	-0.373852
5.43772e-10	-0.371864
5.44294e-10	-0.369827
5.44815e-10	-0.367739
5.45337e-10	-0.365604
5.45858e-10	-0.363421
5.4638e-10	-0.361192
5.46902e-10	-0.358919
5.47423e-10	-0.356602
5.47945e-10	-0.354242
5.48466e-10	-0.351841
5.48988e-10	-0.3494
5.4951e-10	-0.346919
5.50031e-10	-0.344401
5.50553e-10	-0.341846
5.51075e-10	-0.339255
5.51596e-10	-0.33663
5.52118e-10	-0.333972
5.52639e-10	-0.331281
5.53161e-10	-0.328558
5.53683e-10	-0.325806
5.54204e-10	-0.323025
5.54726e-10	-0.320216
5.55247e-10	-0.317381
5.55769e-10	-0.314519
5.56291e-10	-0.311633
5.56812e-10	-0.308724
5.57334e-10	-0.305792
5.57855e-10	-0.302839
5.58377e-10	-0.299865
5.58899e-10	-0.296872
5.5942e-10	-0.293861
5.59942e-10	-0.290832
5.60463e-10	-0.287787
5.60985e-10	-0.284728
5.61507e-10	-0.281653
5.62028e-10	-0.278566
5.6255e-10	-0.275467
5.63071e-10	-0.272356
5.63593e-10	-0.269235
5.64115e-10	-0.266104
5.64636e-10	-0.262965
5.65158e-10	-0.259819
5.65679e-10	-0.256666
5.66201e-10	-0.253507
5.66723e-10	-0.250344
5.67244e-10	-0.247176
5.67766e-10	-0.244006
5.68287e-10	-0.240834
5.68809e-10	-0.23766
5.69331e-10	-0.234486
5.69852e-10	-0.231312
5.70374e-10	-0.228139
5.70895e-10	-0.224968
5.71417e-10	-0.221801
5.71939e-10	-0.218636
5.7246e-10	-0.215476
5.72982e-10	-0.212321
5.73503e-10	-0.209172
5.74025e-10	-0.20603
5.74547e-10	-0.202895
5.75068e-10	-0.199767
5.7559e-10	-0.196649
5.76111e-10	-0.19354
5.76633e-10	-0.19044
5.77155e-10	-0.187352
5.77676e-10	-0.184275
5.78198e-10	-0.181209
5.7872e-10	-0.178157
5.79241e-10	-0.175117
5.79763e-10	-0.172091
5.80284e-10	-0.16908
5.80806e-10	-0.166083
5.81328e-10	-0.163102
5.81849e-10	-0.160136
5.82371e-10	-0.157187
5.82892e-10	-0.154256
5.83414e-10	-0.151341
5.83936e-10	-0.148445
5.84457e-10	-0.145567
5.84979e-10	-0.142708
5.855e-10	-0.139868
5.86022e-10	-0.137048
5.86544e-10	-0.134248
5.87065e-10	-0.131469
5.87587e-10	-0.128711
5.88108e-10	-0.125974
5.8863e-10	-0.123259
5.89152e-10	-0.120566
5.89673e-10	-0.117896
5.90195e-10	-0.115248
5.90716e-10	-0.112623
5.91238e-10	-0.110022
5.9176e-10	-0.107444
5.92281e-10	-0.104891
5.92803e-10	-0.102361
5.93324e-10	-0.0998564
5.93846e-10	-0.0973763
5.94368e-10	-0.0949211
5.94889e-10	-0.0924912
5.95411e-10	-0.0900867
5.95932e-10	-0.0877077
5.96454e-10	-0.0853546
5.96976e-10	-0.0830275
5.97497e-10	-0.0807265
5.98019e-10	-0.0784519
5.9854e-10	-0.0762037
5.99062e-10	-0.0739821
5.99584e-10	-0.0717872
6.00105e-10	-0.0696191
6.00627e-10	-0.067478
6.01148e-10	-0.0653639
6.0167e-10	-0.063277
6.02192e-10	-0.0612172
6.02713e-10	-0.0591846
6.03235e-10	-0.0571794
6.03757e-10	-0.0552016
6.04278e-10	-0.0532511
6.048e-10	-0.051328
6.05321e-10	-0.0494324
6.05843e-10	-0.0475642
6.06365e-10	-0.0457235
6.06886e-10	-0.0439102
6.07408e-10	-0.0421243
6.07929e-10	-0.0403658
6.08451e-10	-0.0386347
6.08973e-10	-0.0369309
6.09494e-10	-0.0352544
6.10016e-10	-0.0336051
6.10537e-10	-0.031983
6.11059e-10	-0.030388
6.11581e-10	-0.0288199
6.12102e-10	-0.0272788
6.12624e-10	-0.0257645
6.13145e-10	-0.0242769
6.13667e-10	-0.022816
6.14189e-10	-0.0213815
6.1471e-10	-0.0199735
6.15232e-10	-0.0185917
6.15753e-10	-0.0172361
6.16275e-10	-0.0159064
6.16797e-10	-0.0146026
6.17318e-10	-0.0133246
6.1784e-10	-0.0120721
6.18361e-10	-0.010845
6.18883e-10	-0.00964309
6.19405e-10	-0.00846629
6.19926e-10	-0.00731438
6.20448e-10	-0.00618719
6.20969e-10	-0.00508453
6.21491e-10	-0.00400622
6.22013e-10	-0.00295207
6.22534e-10	-0.00192188
6.23056e-10	-0.00091546
6.23577e-10	6.74016e-05
6.24099e-10	0.00102691
6.24621e-10	0.00196327
6.25142e-10	0.0028767
6.25664e-10	0.00376741
6.26185e-10	0.00463563
6.26707e-10	0.00548157
6.27229e-10	0.00630546
6.2775e-10	0.00710753
6.28272e-10	0.00788801
6.28793e-10	0.00864713
6.29315e-10	0.00938513
6.29837e-10	0.0101022
6.30358e-10	0.0107987
6.3088e-10	0.0114748
6.31402e-10	0.0121307
6.31923e-10	0.0127666
6.32445e-10	0.0133829
6.32966e-10	0.0139798
6.33488e-10	0.0145575
6.3401e-10	0.0151163
6.34531e-10	0.0156564
6.35053e-10	0.0161781
6.35574e-10	0.0166816
6.36096e-10	0.0171672
6.36618e-10	0.0176352
6.37139e-10	0.0180857
6.37661e-10	0.0185191
6.38182e-10	0.0189356
6.38704e-10	0.0193354
6.39226e-10	0.0197189
6.39747e-10	0.0200863
6.40269e-10	0.0204377
6.4079e-10	0.0207736
6.41312e-10	0.0210941
6.41834e-10	0.0213995
6.42355e-10	0.0216901
6.42877e-10	0.021966
6.43398e-10	0.0222276
6.4392e-10	0.0224752
6.44442e-10	0.0227089
6.44963e-10	0.022929
6.45485e-10	0.0231358
6.46006e-10	0.0233295
6.46528e-10	0.0235104
6.4705e-10	0.0236787
6.47571e-10	0.0238346
6.48093e-10	0.0239785
6.48614e-10	0.0241105
6.49136e-10	0.024231
6.49658e-10	0.02434
6.50179e-10	0.024438
6.50701e-10	0.024525
6.51222e-10	0.0246014
6.51744e-10	0.0246674
6.52266e-10	0.0247232
6.52787e-10	0.0247691
6.53309e-10	0.0248052
6.5383e-10	0.0248319
6.54352e-10	0.0248492
6.54874e-10	0.0248576
6.55395e-10	0.0248571
6.55917e-10	0.0248481
6.56438e-10	0.0248306
6.5696e-10	0.024805
6.57482e-10	0.0247715
6.58003e-10	0.0247302
6.58525e-10	0.0246813
6.59047e-10	0.0246252
6.59568e-10	0.0245619
6.6009e-10	0.0244918
6.60611e-10	0.0244149
6.61133e-10	0.0243315
6.61655e-10	0.0242418
6.62176e-10	0.0241459
6.62698e-10	0.0240442
6.63219e-10	0.0239366
6.63741e-10	0.0238236
6.64263e-10	0.0237051
6.64784e-10	0.0235815
6.65306e-10	0.0234528
6.65827e-10	0.0233193
6.66349e-10	0.0231811
6.66871e-10	0.0230384
6.67392e-10	0.0228915
6.67914e-10	0.0227403
6.68435e-10	0.0225852
6.68957e-10	0.0224262
6.69479e-10	0.0222635
6.7e-10	0.0220973
6.70522e-10	0.0219278
6.71043e-10	0.021755
6.71565e-10	0.0215792
6.72087e-10	0.0214004
6.72608e-10	0.0212189
6.7313e-10	0.0210347
6.73651e-10	0.0208481
6.74173e-10	0.0206591
6.74695e-10	0.0204678
6.75216e-10	0.0202744
6.75738e-10	0.0200791
6.76259e-10	0.0198819
6.76781e-10	0.019683
6.77303e-10	0.0194825
6.77824e-10	0.0192805
6.78346e-10	0.0190772
6.78867e-10	0.0188726
6.79389e-10	0.0186668
6.79911e-10	0.01846
6.80432e-10	0.0182523
6.80954e-10	0.0180438
6.81475e-10	0.0178345
6.81997e-10	0.0176246
6.82519e-10	0.0174142
6.8304e-10	0.0172034
6.83562e-10	0.0169922
6.84084e-10	0.0167807
6.84605e-10	0.0165691
6.85127e-10	0.0163574
6.85648e-10	0.0161458
6.8617e-10	0.0159342
6.86692e-10	0.0157227
6.87213e-10	0.0155116
6.87735e-10	0.0153007
6.88256e-10	0.0150902
6.88778e-10	0.0148802
6.893e-10	0.0146707
6.89821e-10	0.0144618
6.90343e-10	0.0142535
6.90864e-10	0.014046
6.91386e-10	0.0138393
6.91908e-10	0.0136334
6.92429e-10	0.0134284
6.92951e-10	0.0132243
6.93472e-10	0.0130212
6.93994e-10	0.0128192
6.94516e-10	0.0126183
6.95037e-10	0.0124186
6.95559e-10	0.0122201
6.9608e-10	0.0120227
6.96602e-10	0.0118267
6.97124e-10	0.011632
6.97645e-10	0.0114387
6.98167e-10	0.0112467
6.98688e-10	0.0110562
6.9921e-10	0.0108672
6.99732e-10	0.0106797
7.00253e-10	0.0104937
7.00775e-10	0.0103092
7.01296e-10	0.0101264
7.01818e-10	0.00994515
7.0234e-10	0.00976556
7.02861e-10	0.00958764
7.03383e-10	0.00941142
7.03904e-10	0.0092369
7.04426e-10	0.00906411
7.04948e-10	0.00889308
7.05469e-10	0.00872381
7.05991e-10	0.00855632
7.06512e-10	0.00839063
7.07034e-10	0.00822676
7.07556e-10	0.00806471
7.08077e-10	0.0079045
7.08599e-10	0.00774613
7.0912e-10	0.00758962
7.09642e-10	0.00743498
7.10164e-10	0.00728221
7.10685e-10	0.00713131
7.11207e-10	0.00698231
7.11729e-10	0.00683519
7.1225e-10	0.00668996
7.12772e-10	0.00654663
7.13293e-10	0.0064052
7.13815e-10	0.00626566
7.14337e-10	0.00612802
7.14858e-10	0.00599228
7.1538e-10	0.00585844
7.15901e-10	0.00572649
7.16423e-10	0.00559643
7.16945e-10	0.00546826
7.17466e-10	0.00534197
7.17988e-10	0.00521756
7.18509e-10	0.00509501
7.19031e-10	0.00497434
7.19553e-10	0.00485552
7.20074e-10	0.00473856
7.20596e-10	0.00462344
7.21117e-10	0.00451015
7.21639e-10	0.00439869
7.22161e-10	0.00428904
7.22682e-10	0.0041812
7.23204e-10	0.00407516
7.23725e-10	0.00397089
7.24247e-10	0.0038684
7.24769e-10	0.00376767
7.2529e-10	0.00366869
7.25812e-10	0.00357144
7.26333e-10	0.00347591
7.26855e-10	0.0033821
7.27377e-10	0.00328997
7.27898e-10	0.00319953
7.2842e-10	0.00311075
7.28941e-10	0.00302363
7.29463e-10	0.00293813
7.29985e-10	0.00285426
7.30506e-10	0.002772
7.31028e-10	0.00269132
7.31549e-10	0.00261222
7.32071e-10	0.00253468
7.32593e-10	0.00245867
7.33114e-10	0.00238419
7.33636e-10	0.00231122
7.34157e-10	0.00223974
7.34679e-10	0.00216973
7.35201e-10	0.00210118
7.35722e-10	0.00203407
7.36244e-10	0.00196838
7.36765e-10	0.0019041
7.37287e-10	0.0018412
7.37809e-10	0.00177967
7.3833e-10	0.00171949
7.38852e-10	0.00166065
7.39374e-10	0.00160312
7.39895e-10	0.00154689
7.40417e-10	0.00149194
7.40938e-10	0.00143825
7.4146e-10	0.00138581
7.41982e-10	0.00133459
7.42503e-10	0.00128459
7.43025e-10	0.00123577
7.43546e-10	0.00118813
7.44068e-10	0.00114164
7.4459e-10	0.00109629
7.45111e-10	0.00105207
7.45633e-10	0.00100894
7.46154e-10	0.000966898
7.46676e-10	0.000925924
7.47198e-10	0.000885999
7.47719e-10	0.000847107
7.48241e-10	0.000809231
7.48762e-10	0.000772353
7.49284e-10	0.000736455
7.49806e-10	0.000701522
7.50327e-10	0.000667535
7.50849e-10	0.000634479
7.5137e-10	0.000602337
7.51892e-10	0.000571091
7.52414e-10	0.000540727
7.52935e-10	0.000511227
7.53457e-10	0.000482575
7.53978e-10	0.000454755
7.545e-10	0.000427752
7.55022e-10	0.00040155
7.55543e-10	0.000376132
7.56065e-10	0.000351484
7.56586e-10	0.00032759
7.57108e-10	0.000304435
7.5763e-10	0.000282005
7.58151e-10	0.000260283
7.58673e-10	0.000239257
7.59194e-10	0.00021891
7.59716e-10	0.000199229
7.60238e-10	0.000180199
7.60759e-10	0.000161807
7.61281e-10	0.000144038
7.61802e-10	0.00012688
7.62324e-10	0.000110317
7.62846e-10	9.43381e-05
7.63367e-10	7.89286e-05
7.63889e-10	6.40761e-05
7.64411e-10	4.97675e-05
7.64932e-10	3.59903e-05
7.65454e-10	2.27319e-05
7.65975e-10	9.9801e-06
7.66497e-10	-2.27726e-06
7.67019e-10	-1.40521e-05
7.6754e-10	-2.53563e-05
7.68062e-10	-3.62014e-05
7.68583e-10	-4.65989e-05
7.69105e-10	-5.65599e-05
7.69627e-10	-6.60956e-05
7.70148e-10	-7.52168e-05
7.7067e-10	-8.39344e-05
7.71191e-10	-9.22588e-05
7.71713e-10	-0.0001002
7.72235e-10	-0.000107769
7.72756e-10	-0.000114976
7.73278e-10	-0.00012183
7.73799e-10	-0.000128341
7.74321e-10	-0.000134518
7.74843e-10	-0.000140371
7.75364e-10	-0.00014591
7.75886e-10	-0.000151142
7.76407e-10	-0.000156077
7.76929e-10	-0.000160724
7.77451e-10	-0.000165091
7.77972e-10	-0.000169187
7.78494e-10	-0.000173019
7.79015e-10	-0.000176596
7.79537e-10	-0.000179926
7.80059e-10	-0.000183016
7.8058e-10	-0.000185874
7.81102e-10	-0.000188507
7.81623e-10	-0.000190923
7.82145e-10	-0.000193128
7.82667e-10	-0.000195131
7.83188e-10	-0.000196936
7.8371e-10	-0.000198552
7.84231e-10	-0.000199984
7.84753e-10	-0.000201239
7.85275e-10	-0.000202324
7.85796e-10	-0.000203244
7.86318e-10	-0.000204005
7.86839e-10	-0.000204614
7.87361e-10	-0.000205075
7.87883e-10	-0.000205395
7.88404e-10	-0.000205578
7.88926e-10	-0.00020563
7.89447e-10	-0.000205557
7.89969e-10	-0.000205363
7.90491e-10	-0.000205053
7.91012e-10	-0.000204633
7.91534e-10	-0.000204106
7.92056e-10	-0.000203477
7.92577e-10	-0.000202751
7.93099e-10	-0.000201931
7.9362e-10	-0.000201024
7.94142e-10	-0.000200031
7.94664e-10	-0.000198958
7.95185e-10	-0.000197808
7.95707e-10	-0.000196584
7.96228e-10	-0.000195292
7.9675e-10	-0.000193934
7.97272e-10	-0.000192513
7.97793e-10	-0.000191034
7.98315e-10	-0.000189499
7.98836e-10	-0.000187911
7.99358e-10	-0.000186274
7.9988e-10	-0.00018459
8.00401e-10	-0.000182863
8.00923e-10	-0.000181096
8.01444e-10	-0.00017929
8.01966e-10	-0.000177449
8.02488e-10	-0.000175576
8.03009e-10	-0.000173672
8.03531e-10	-0.00017174
8.04052e-10	-0.000169782
8.04574e-10	-0.000167802
8.05096e-10	-0.0001658
8.05617e-10	-0.000163779
8.06139e-10	-0.000161741
8.0666e-10	-0.000159689
8.07182e-10	-0.000157623
8.07704e-10	-0.000155545
8.08225e-10	-0.000153458
8.08747e-10	-0.000151363
8.09268e-10	-0.000149262
8.0979e-10	-0.000147156
8.10312e-10	-0.000145047
8.10833e-10	-0.000142937
8.11355e-10	-0.000140825
8.11876e-10	-0.000138715
8.12398e-10	-0.000136607
8.1292e-10	-0.000134503
8.13441e-10	-0.000132403
8.13963e-10	-0.000130309
8.14484e-10	-0.000128222
8.15006e-10	-0.000126142
8.15528e-10	-0.000124072
8.16049e-10	-0.000122011
8.16571e-10	-0.000119961
8.17092e-10	-0.000117922
8.17614e-10	-0.000115896
8.18136e-10	-0.000113883
8.18657e-10	-0.000111884
