% time-domain current integration by openEMS v0.0.36 @Tue Jan 20 11:37:12 2026
% start-coordinates: (-0.00848214,-0.000334621,-0.00025) m -> [37,13,2]
% stop-coordinates: (-0.00848214,0.00022269,0.000125) m -> [37,18,5]
% t/s	current
2.60801946232e-13	0
1.799533429e-11	0
3.57298666338e-11	3.01777871545e-24
5.34643989776e-11	1.2475837107e-15
7.11989313215e-11	5.67433426635e-11
8.89334636653e-11	2.85613066531e-09
1.06667996009e-10	3.27946003686e-09
1.24402528353e-10	1.65144731223e-09
1.42137060697e-10	-6.26597529418e-09
1.5987159304e-10	-2.83775776211e-08
1.77606125384e-10	-7.52113251679e-08
1.95340657728e-10	-1.54143364739e-07
2.13075190072e-10	-2.59979003658e-07
2.30809722416e-10	-3.590219535e-07
2.4854425476e-10	-3.73382761154e-07
2.66278787103e-10	-1.7775388983e-07
2.84013319447e-10	3.75842660105e-07
3.01747851791e-10	1.39510768804e-06
3.19482384135e-10	2.85428473035e-06
3.37216916479e-10	4.50565312349e-06
3.54951448822e-10	5.85220777793e-06
3.72685981166e-10	6.23462210569e-06
3.9042051351e-10	5.044621048e-06
4.08155045854e-10	2.00749923351e-06
4.25889578198e-10	-2.58699151345e-06
4.43624110541e-10	-7.83929954196e-06
4.61358642885e-10	-1.24516882352e-05
4.79093175229e-10	-1.51485746755e-05
4.96827707573e-10	-1.51414815264e-05
5.14562239917e-10	-1.24321422845e-05
5.3229677226e-10	-7.81194194133e-06
5.50031304604e-10	-2.55793042925e-06
5.67765836948e-10	2.03249283004e-06
5.85500369292e-10	5.06164587932e-06
6.03234901636e-10	6.2423887357e-06
6.20969433979e-10	5.85179896007e-06
6.38703966323e-10	4.49952358395e-06
6.56438498667e-10	2.84499878944e-06
6.74173031011e-10	1.38431971664e-06
6.91907563355e-10	3.63996008446e-07
7.09642095698e-10	-1.91007600847e-07
7.27376628042e-10	-3.8824305193e-07
7.45111160386e-10	-3.74562461047e-07
7.6284569273e-10	-2.73690886843e-07
7.80580225074e-10	-1.62253769531e-07
7.98314757417e-10	-7.37922647431e-08
8.16049289761e-10	-1.47483252277e-08
8.33783822105e-10	1.98900682591e-08
8.51518354449e-10	3.69451811366e-08
8.69252886793e-10	4.14878194022e-08
8.86987419137e-10	3.69545780643e-08
9.0472195148e-10	2.67360427131e-08
9.22456483824e-10	1.41550655641e-08
9.40191016168e-10	1.72767733453e-09
9.57925548512e-10	-7.75241026929e-09
9.75660080856e-10	-1.28351160811e-08
9.93394613199e-10	-1.35649749211e-08
1.01112914554e-09	-1.11794777879e-08
1.02886367789e-09	-7.30429317031e-09
1.04659821023e-09	-3.37990568866e-09
1.06433274257e-09	-3.16117632071e-10
1.08206727492e-09	1.59165891578e-09
1.09980180726e-09	2.46613574006e-09
1.11753633961e-09	2.65971822344e-09
1.13527087195e-09	2.50356113618e-09
1.15300540429e-09	2.24098872792e-09
1.17073993664e-09	2.00289140828e-09
1.18847446898e-09	1.84343074139e-09
1.20620900133e-09	1.75073389119e-09
1.22394353367e-09	1.71130509763e-09
1.24167806601e-09	1.69687452978e-09
1.25941259836e-09	1.69418190588e-09
1.2771471307e-09	1.69103153702e-09
1.29488166304e-09	1.68837943626e-09
1.31261619539e-09	1.68540614798e-09
1.33035072773e-09	1.68974723103e-09
1.34808526008e-09	1.69412195383e-09
1.36581979242e-09	1.69457048393e-09
1.38355432476e-09	1.69593816768e-09
1.40128885711e-09	1.69224423363e-09
1.41902338945e-09	1.69055391908e-09
1.43675792179e-09	1.6917846013e-09
1.45449245414e-09	1.69409497541e-09
1.47222698648e-09	1.70056657645e-09
1.48996151883e-09	1.70506520014e-09
1.50769605117e-09	1.70567349134e-09
1.52543058351e-09	1.70846881087e-09
1.54316511586e-09	1.71138703209e-09
1.5608996482e-09	1.71325342802e-09
1.57863418054e-09	1.70844816072e-09
1.59636871289e-09	1.71214031841e-09
1.61410324523e-09	1.71293712548e-09
1.63183777758e-09	1.71783021141e-09
1.64957230992e-09	1.72304526203e-09
1.66730684226e-09	1.72886083227e-09
1.68504137461e-09	1.73510061874e-09
1.70277590695e-09	1.7384585993e-09
1.7205104393e-09	1.73923175861e-09
1.73824497164e-09	1.74369219064e-09
1.75597950398e-09	1.74308389944e-09
1.77371403633e-09	1.73925307489e-09
1.79144856867e-09	1.73833425432e-09
1.80918310101e-09	1.73877756637e-09
1.82691763336e-09	1.74019698651e-09
1.8446521657e-09	1.74328218527e-09
1.86238669805e-09	1.74772762929e-09
1.88012123039e-09	1.75390846291e-09
1.89785576273e-09	1.7578196676e-09
1.91559029508e-09	1.7613520642e-09
1.93332482742e-09	1.76936088003e-09
1.95105935976e-09	1.76693015774e-09
1.96879389211e-09	1.76988446121e-09
1.98652842445e-09	1.76810688313e-09
2.0042629568e-09	1.76626135939e-09
2.02199748914e-09	1.76268188934e-09
2.03973202148e-09	1.75756298404e-09
2.05746655383e-09	1.75452341544e-09
2.07520108617e-09	1.75428693794e-09
2.09293561852e-09	1.75527659074e-09
2.11067015086e-09	1.75522840706e-09
2.1284046832e-09	1.75593428686e-09
2.14613921555e-09	1.75968917215e-09
2.16387374789e-09	1.76264214335e-09
2.18160828023e-09	1.76619008307e-09
2.19934281258e-09	1.77251990863e-09
2.21707734492e-09	1.77661230172e-09
2.23481187727e-09	1.77501857657e-09
