% time-domain voltage integration by openEMS v0.0.36 @Tue Jan 20 11:37:12 2026
% start-coordinates: (0.00803571,0,-0) m -> [74,16,4]
% stop-coordinates: (0.00803571,0,-0.0005) m -> [74,16,0]
% t/s	voltage
0	0
1.77345323438e-11	0
3.54690646876e-11	0
5.32035970314e-11	0
7.09381293752e-11	0
8.8672661719e-11	0
1.06407194063e-10	5.27152785092e-28
1.24141726407e-10	5.51661028263e-21
1.4187625875e-10	1.3203976804e-15
1.59610791094e-10	1.24496879819e-11
1.77345323438e-10	5.38717315202e-09
1.95079855782e-10	7.41659889059e-08
2.12814388126e-10	8.37673184151e-08
2.30548920469e-10	3.66355425996e-08
2.48283452813e-10	-2.04433796114e-07
2.66017985157e-10	-8.27614471177e-07
2.83752517501e-10	-2.09277087038e-06
3.01487049845e-10	-4.17737811631e-06
3.19221582189e-10	-6.88666739279e-06
3.36956114532e-10	-9.24281175685e-06
3.54690646876e-10	-9.14777388061e-06
3.7242517922e-10	-3.31754881699e-06
3.90159711564e-10	1.1957867855e-05
4.07894243908e-10	3.9108488636e-05
4.25628776251e-10	7.69091984694e-05
4.43363308595e-10	0.00011835389887
4.61097840939e-10	0.000150251580635
4.78832373283e-10	0.000155810925207
4.96566905627e-10	0.000120331276776
5.1430143797e-10	3.83562828574e-05
5.32035970314e-10	-8.09055854916e-05
5.49770502658e-10	-0.000213166043977
5.67505035002e-10	-0.000325149223499
5.85239567346e-10	-0.000385578983696
6.02974099689e-10	-0.000376690593839
6.20708632033e-10	-0.000301102278172
6.38443164377e-10	-0.000180788185389
6.56177696721e-10	-4.87025399707e-05
6.73912229065e-10	6.31251214145e-05
6.91646761408e-10	0.000133739547891
7.09381293752e-10	0.000157819278684
7.27115826096e-10	0.000143800138176
7.4485035844e-10	0.000107672463855
7.62584890784e-10	6.58859626128e-05
7.80319423127e-10	3.02915786961e-05
7.98053955471e-10	6.33058368749e-06
8.15788487815e-10	-5.97328846652e-06
8.33523020159e-10	-9.6863377621e-06
8.51257552503e-10	-8.62009778757e-06
8.68992084846e-10	-5.85185898672e-06
8.8672661719e-10	-3.19697124951e-06
9.04461149534e-10	-1.36251026106e-06
9.22195681878e-10	-3.72963249617e-07
9.39930214222e-10	2.89652364316e-08
9.57664746566e-10	1.19070334037e-07
9.75399278909e-10	8.95023486436e-08
9.93133811253e-10	4.07859390705e-08
1.0108683436e-09	2.12375241837e-08
1.02860287594e-09	2.67148978494e-08
1.04633740828e-09	3.19385820013e-08
1.06407194063e-09	3.72345985156e-08
1.08180647297e-09	4.08033802302e-08
1.09954100532e-09	4.15068548421e-08
1.11727553766e-09	4.14290637352e-08
1.13501007e-09	4.12546743433e-08
1.15274460235e-09	4.13923970655e-08
1.17047913469e-09	4.27421298355e-08
1.18821366703e-09	4.25987458641e-08
1.20594819938e-09	4.41500453974e-08
1.22368273172e-09	4.34610187838e-08
1.24141726407e-09	4.28347552983e-08
1.25915179641e-09	4.30608837476e-08
1.27688632875e-09	4.3073544731e-08
1.2946208611e-09	4.20977741555e-08
1.31235539344e-09	4.23629948898e-08
1.33008992579e-09	4.13260581311e-08
1.34782445813e-09	4.21578247867e-08
1.36555899047e-09	4.24149959599e-08
1.38329352282e-09	4.29015685199e-08
1.40102805516e-09	4.3420349094e-08
1.4187625875e-09	4.37828253652e-08
1.43649711985e-09	4.40385177214e-08
1.45423165219e-09	4.45676322514e-08
1.47196618454e-09	4.45089138879e-08
1.48970071688e-09	4.51277646363e-08
1.50743524922e-09	4.51922019806e-08
1.52516978157e-09	4.41408429808e-08
1.54290431391e-09	4.50636390426e-08
1.56063884625e-09	4.49095827193e-08
1.5783733786e-09	4.54023485474e-08
1.59610791094e-09	4.56222277734e-08
1.61384244329e-09	4.50817356779e-08
1.63157697563e-09	4.54581376985e-08
1.64931150797e-09	4.66372043206e-08
1.66704604032e-09	4.54866517785e-08
1.68478057266e-09	4.52023609654e-08
1.70251510501e-09	4.53527837507e-08
1.72024963735e-09	4.50629960014e-08
1.73798416969e-09	4.546274468e-08
1.75571870204e-09	4.53526389776e-08
1.77345323438e-09	4.4305616953e-08
1.79118776672e-09	4.51311441552e-08
1.80892229907e-09	4.44965415625e-08
1.82665683141e-09	4.389846886e-08
1.84439136376e-09	4.43617125256e-08
1.8621258961e-09	4.42978933535e-08
1.87986042844e-09	4.36269553816e-08
1.89759496079e-09	4.43117009752e-08
1.91532949313e-09	4.37235136985e-08
1.93306402547e-09	4.37626974659e-08
1.95079855782e-09	4.39110250383e-08
1.96853309016e-09	4.26880202298e-08
1.98626762251e-09	4.32295683694e-08
2.00400215485e-09	4.42358931707e-08
2.02173668719e-09	4.33746665252e-08
2.03947121954e-09	4.3279873907e-08
2.05720575188e-09	4.33166436054e-08
2.07494028423e-09	4.29221218567e-08
2.09267481657e-09	4.33375619835e-08
2.11040934891e-09	4.27108810541e-08
2.12814388126e-09	4.24635695495e-08
2.1458784136e-09	4.31411937285e-08
2.16361294594e-09	4.28759641125e-08
2.18134747829e-09	4.27228785682e-08
2.19908201063e-09	4.29544781966e-08
2.21681654298e-09	4.25654924641e-08
2.23455107532e-09	4.2797767108e-08
