% time-domain voltage integration by openEMS v0.0.36 @Tue Jan 20 11:37:12 2026
% start-coordinates: (-0.00848214,0,-0) m -> [37,16,4]
% stop-coordinates: (-0.00848214,0,-0.0005) m -> [37,16,0]
% t/s	voltage
0	0
1.77345323438e-11	0
3.54690646876e-11	2.39188340971e-22
5.32035970314e-11	6.91887580486e-14
7.09381293752e-11	2.23777718578e-09
8.8672661719e-11	7.2733790546e-08
1.06407194063e-10	7.84662042008e-08
1.24141726407e-10	3.91014429724e-08
1.4187625875e-10	-1.84313169171e-07
1.59610791094e-10	-7.72790983206e-07
1.77345323438e-10	-1.99829972303e-06
1.95079855782e-10	-4.04201921356e-06
2.12814388126e-10	-6.739798323e-06
2.30548920469e-10	-9.17310876503e-06
2.48283452813e-10	-9.29407838157e-06
2.66017985157e-10	-3.88570919085e-06
2.83752517501e-10	1.07841449335e-05
3.01487049845e-10	3.7282798985e-05
3.19221582189e-10	7.46518035157e-05
3.36956114532e-10	0.000116229515697
3.54690646876e-10	0.000149115126987
3.7242517922e-10	0.000156571339176
3.90159711564e-10	0.000123594501929
4.07894243908e-10	4.40451585746e-05
4.25628776251e-10	-7.37263744668e-05
4.43363308595e-10	-0.000206148801226
4.61097840939e-10	-0.000320174593071
4.78832373283e-10	-0.00038411062269
4.96566905627e-10	-0.000379223449272
5.1430143797e-10	-0.000306957714201
5.32035970314e-10	-0.000188368383533
5.49770502658e-10	-5.60701828363e-05
5.67505035002e-10	5.76092552365e-05
5.85239567346e-10	0.000130955679197
6.02974099689e-10	0.000157766149641
6.20708632033e-10	0.000145797090227
6.38443164377e-10	0.00011072851521
6.56177696721e-10	6.90629112796e-05
6.73912229065e-10	3.29440808855e-05
6.91646761408e-10	8.17898671812e-06
7.09381293752e-10	-4.91743946895e-06
7.27115826096e-10	-9.23321636037e-06
7.4485035844e-10	-8.54612039802e-06
7.62584890784e-10	-5.98889289449e-06
7.80319423127e-10	-3.46904039361e-06
7.98053955471e-10	-1.77468794504e-06
8.15788487815e-10	-9.62083106515e-07
8.33523020159e-10	-7.51974255309e-07
8.51257552503e-10	-8.11552794744e-07
8.68992084846e-10	-8.80911770196e-07
8.8672661719e-10	-8.24560046908e-07
9.04461149534e-10	-6.11568594877e-07
9.22195681878e-10	-2.9577073235e-07
9.39930214222e-10	2.14541930887e-08
9.57664746566e-10	2.67133206222e-07
9.75399278909e-10	4.05850251184e-07
9.93133811253e-10	4.31893951713e-07
1.0108683436e-09	3.74883356358e-07
1.02860287594e-09	2.78214184135e-07
1.04633740828e-09	1.77652587752e-07
1.06407194063e-09	9.7647610886e-08
1.08180647297e-09	4.92705671817e-08
1.09954100532e-09	2.54262375599e-08
1.11727553766e-09	2.10548578572e-08
1.13501007e-09	2.54549132883e-08
1.15274460235e-09	3.11210097692e-08
1.17047913469e-09	3.73880508775e-08
1.18821366703e-09	4.23861683529e-08
1.20594819938e-09	4.27913615653e-08
1.22368273172e-09	4.4250226594e-08
1.24141726407e-09	4.45439560792e-08
1.25915179641e-09	4.45950831818e-08
1.27688632875e-09	4.38212461873e-08
1.2946208611e-09	4.39847616107e-08
1.31235539344e-09	4.35290647971e-08
1.33008992579e-09	4.43516610105e-08
1.34782445813e-09	4.40692735637e-08
1.36555899047e-09	4.36421982997e-08
1.38329352282e-09	4.39006910824e-08
1.40102805516e-09	4.41846843557e-08
1.4187625875e-09	4.33119309307e-08
1.43649711985e-09	4.40552758718e-08
1.45423165219e-09	4.32300746311e-08
1.47196618454e-09	4.28755795312e-08
1.48970071688e-09	4.34991855869e-08
1.50743524922e-09	4.29155297965e-08
1.52516978157e-09	4.25668229553e-08
1.54290431391e-09	4.32772049308e-08
1.56063884625e-09	4.29469508845e-08
1.5783733786e-09	4.39533005547e-08
1.59610791094e-09	4.36914957547e-08
1.61384244329e-09	4.25909592039e-08
1.63157697563e-09	4.36912017676e-08
1.64931150797e-09	4.34290665652e-08
1.66704604032e-09	4.30897699744e-08
1.68478057266e-09	4.39843930167e-08
1.70251510501e-09	4.33831450763e-08
1.72024963735e-09	4.35412568223e-08
1.73798416969e-09	4.37864047242e-08
1.75571870204e-09	4.31853246496e-08
1.77345323438e-09	4.32739843959e-08
1.79118776672e-09	4.32060485167e-08
1.80892229907e-09	4.34661187043e-08
1.82665683141e-09	4.40753584741e-08
1.84439136376e-09	4.31861835182e-08
1.8621258961e-09	4.31617985797e-08
1.87986042844e-09	4.29730331319e-08
1.89759496079e-09	4.30737703283e-08
1.91532949313e-09	4.35484084349e-08
1.93306402547e-09	4.28892104054e-08
1.95079855782e-09	4.3377577974e-08
1.96853309016e-09	4.40260823353e-08
1.98626762251e-09	4.294525624e-08
2.00400215485e-09	4.40602923035e-08
2.02173668719e-09	4.33264011335e-08
2.03947121954e-09	4.29402557955e-08
2.05720575188e-09	4.45048460307e-08
2.07494028423e-09	4.36780922541e-08
2.09267481657e-09	4.35684546218e-08
2.11040934891e-09	4.40881562369e-08
2.12814388126e-09	4.30579598643e-08
2.1458784136e-09	4.41375798133e-08
2.16361294594e-09	4.4249001796e-08
2.18134747829e-09	4.35567732993e-08
2.19908201063e-09	4.48039267908e-08
2.21681654298e-09	4.37674199105e-08
2.23455107532e-09	4.35497291562e-08
