% time-domain voltage integration by openEMS v0.0.36 @Tue Jan 20 11:37:12 2026
% start-coordinates: (0.00892857,0,-0) m -> [76,16,4]
% stop-coordinates: (0.00892857,0,-0.0005) m -> [76,16,0]
% t/s	voltage
0	0
1.77345323438e-11	0
3.54690646876e-11	0
5.32035970314e-11	0
7.09381293752e-11	0
8.8672661719e-11	0
1.06407194063e-10	4.09851941674e-30
1.24141726407e-10	9.89345754875e-23
1.4187625875e-10	5.18622110495e-17
1.59610791094e-10	1.07703348193e-12
1.77345323438e-10	1.1219663254e-09
1.95079855782e-10	4.87376832226e-08
2.12814388126e-10	6.91555728238e-08
2.30548920469e-10	5.3975020009e-08
2.48283452813e-10	-9.49494065594e-08
2.66017985157e-10	-5.66885844933e-07
2.83752517501e-10	-1.60415154937e-06
3.01487049845e-10	-3.41810738291e-06
3.19221582189e-10	-5.98468784574e-06
3.36956114532e-10	-8.62980868988e-06
3.54690646876e-10	-9.62427657214e-06
3.7242517922e-10	-6.04395802384e-06
3.90159711564e-10	5.82104212299e-06
4.07894243908e-10	2.90614925689e-05
4.25628776251e-10	6.38961837467e-05
4.43363308595e-10	0.000105330695078
4.61097840939e-10	0.000142040293213
4.78832373283e-10	0.000157902974024
4.96566905627e-10	0.000136790053148
5.1430143797e-10	6.95297276252e-05
5.32035970314e-10	-3.97253961637e-05
5.49770502658e-10	-0.000171179337485
5.67505035002e-10	-0.000293414050248
5.85239567346e-10	-0.000373180671886
6.02974099689e-10	-0.000387318264984
6.20708632033e-10	-0.000331595314492
6.38443164377e-10	-0.000222395166929
6.56177696721e-10	-9.03741602087e-05
6.73912229065e-10	3.08641569973e-05
6.91646761408e-10	0.000116009954581
7.09381293752e-10	0.000154658660904
7.27115826096e-10	0.000151371783431
7.4485035844e-10	0.000120516529933
7.62584890784e-10	7.90711346781e-05
7.80319423127e-10	4.06915996791e-05
7.98053955471e-10	1.28534841224e-05
8.15788487815e-10	-2.92774024047e-06
8.33523020159e-10	-9.00302507034e-06
8.51257552503e-10	-9.14218776416e-06
8.68992084846e-10	-6.73388842642e-06
8.8672661719e-10	-3.98554561798e-06
9.04461149534e-10	-1.903965682e-06
9.22195681878e-10	-6.78735702309e-07
9.39930214222e-10	-1.15855918636e-07
9.57664746566e-10	6.50436140504e-08
9.75399278909e-10	7.78157307479e-08
9.93133811253e-10	4.64408707046e-08
1.0108683436e-09	2.22060676514e-08
1.02860287594e-09	2.74867226757e-08
1.04633740828e-09	3.44132899954e-08
1.06407194063e-09	4.00431758862e-08
1.08180647297e-09	4.42776757481e-08
1.09954100532e-09	4.41177618882e-08
1.11727553766e-09	4.36015357153e-08
1.13501007e-09	4.30425322051e-08
1.15274460235e-09	4.2343248019e-08
1.17047913469e-09	4.26572217549e-08
1.18821366703e-09	4.30982360911e-08
1.20594819938e-09	4.32046940446e-08
1.22368273172e-09	4.33951319323e-08
1.24141726407e-09	4.38705587413e-08
1.25915179641e-09	4.41421876829e-08
1.27688632875e-09	4.42845413673e-08
1.2946208611e-09	4.34485132317e-08
1.31235539344e-09	4.41857572753e-08
1.33008992579e-09	4.24289368084e-08
1.34782445813e-09	4.23710169173e-08
1.36555899047e-09	4.19041663591e-08
1.38329352282e-09	4.1865217959e-08
1.40102805516e-09	4.19435357557e-08
1.4187625875e-09	4.31343822882e-08
1.43649711985e-09	4.27973976258e-08
1.45423165219e-09	4.34064002519e-08
1.47196618454e-09	4.38000746783e-08
1.48970071688e-09	4.37098695016e-08
1.50743524922e-09	4.40201421981e-08
1.52516978157e-09	4.39845759814e-08
1.54290431391e-09	4.4402748145e-08
1.56063884625e-09	4.54464261779e-08
1.5783733786e-09	4.58201840914e-08
1.59610791094e-09	4.53354918051e-08
1.61384244329e-09	4.53670301326e-08
1.63157697563e-09	4.56648141522e-08
1.64931150797e-09	4.56073685484e-08
1.66704604032e-09	4.51913368948e-08
1.68478057266e-09	4.46156356304e-08
1.70251510501e-09	4.49389929713e-08
1.72024963735e-09	4.52754003177e-08
1.73798416969e-09	4.48345351955e-08
1.75571870204e-09	4.47049686159e-08
1.77345323438e-09	4.44927348298e-08
1.79118776672e-09	4.47187904484e-08
1.80892229907e-09	4.47316548247e-08
1.82665683141e-09	4.47316184093e-08
1.84439136376e-09	4.49567592042e-08
1.8621258961e-09	4.54197124355e-08
1.87986042844e-09	4.48229151573e-08
1.89759496079e-09	4.50443708999e-08
1.91532949313e-09	4.50873569591e-08
1.93306402547e-09	4.45816414896e-08
1.95079855782e-09	4.44345165107e-08
1.96853309016e-09	4.40530145696e-08
1.98626762251e-09	4.41961907072e-08
2.00400215485e-09	4.46296004597e-08
2.02173668719e-09	4.38609157882e-08
2.03947121954e-09	4.3138020267e-08
2.05720575188e-09	4.32016618035e-08
2.07494028423e-09	4.30014575059e-08
2.09267481657e-09	4.27927933089e-08
2.11040934891e-09	4.27403943348e-08
2.12814388126e-09	4.22000709932e-08
2.1458784136e-09	4.25543369431e-08
2.16361294594e-09	4.26330917236e-08
2.18134747829e-09	4.24569934765e-08
2.19908201063e-09	4.24321493497e-08
2.21681654298e-09	4.24918837894e-08
2.23455107532e-09	4.27128474811e-08
