% time-domain current integration by openEMS v0.0.36 @Tue Jan 20 11:37:12 2026
% start-coordinates: (0.00848214,-0.000334621,-0.00025) m -> [75,13,2]
% stop-coordinates: (0.00848214,0.00022269,0.000125) m -> [75,18,5]
% t/s	current
2.60801946232e-13	-0
1.799533429e-11	-0
3.57298666338e-11	-0
5.34643989776e-11	-0
7.11989313215e-11	-0
8.89334636653e-11	-0
1.06667996009e-10	-7.34619270055e-31
1.24402528353e-10	-1.35284454541e-23
1.42137060697e-10	-5.55033434735e-18
1.5987159304e-10	-9.07316891974e-14
1.77606125384e-10	-7.30325244724e-11
1.95340657728e-10	-2.28936358759e-09
2.13075190072e-10	-2.86315571252e-09
2.30809722416e-10	-2.00642347181e-09
2.4854425476e-10	4.76508255076e-09
2.66278787103e-10	2.5406052373e-08
2.84013319447e-10	6.89044057367e-08
3.01747851791e-10	1.44284214798e-07
3.19482384135e-10	2.47825852284e-07
3.37216916479e-10	3.50340570776e-07
3.54951448822e-10	3.78374352294e-07
3.72685981166e-10	2.11420783103e-07
3.9042051351e-10	-2.97858946396e-07
4.08155045854e-10	-1.2654851389e-06
4.25889578198e-10	-2.68452367891e-06
4.43624110541e-10	-4.33367586083e-06
4.61358642885e-10	-5.74088926442e-06
4.79093175229e-10	-6.25655502517e-06
4.96827707573e-10	-5.25450013811e-06
5.14562239917e-10	-2.41160842052e-06
5.3229677226e-10	2.04925618164e-06
5.50031304604e-10	7.288863344e-06
5.67765836948e-10	1.20353752209e-05
5.85500369292e-10	1.49880870595e-05
6.03234901636e-10	1.52872689796e-05
6.20969433979e-10	1.28432739075e-05
6.38703966323e-10	8.37158222566e-06
6.56438498667e-10	3.11703911393e-06
6.74173031011e-10	-1.60319586939e-06
6.91907563355e-10	-4.83361145598e-06
7.09642095698e-10	-6.2180824898e-06
7.27376628042e-10	-5.9797744143e-06
7.45111160386e-10	-4.70412669529e-06
7.6284569273e-10	-3.05582921101e-06
7.80580225074e-10	-1.55481109232e-06
7.98314757417e-10	-4.75978225722e-07
8.16049289761e-10	1.33436131478e-07
8.33783822105e-10	3.69503936781e-07
8.51518354449e-10	3.77621944381e-07
8.69252886793e-10	2.86270761762e-07
8.86987419137e-10	1.78736826228e-07
9.0472195148e-10	9.38147408647e-08
9.22456483824e-10	4.02100823749e-08
9.40191016168e-10	1.21613998871e-08
9.57925548512e-10	2.84518075766e-10
9.75660080856e-10	-3.23129212276e-09
9.93394613199e-10	-3.27748539419e-09
1.01112914554e-09	-2.57894705591e-09
1.02886367789e-09	-2.48719933538e-09
1.04659821023e-09	-2.217029893e-09
1.06433274257e-09	-1.98237493088e-09
1.08206727492e-09	-1.84683990323e-09
1.09980180726e-09	-1.74452130519e-09
1.11753633961e-09	-1.70406844191e-09
1.13527087195e-09	-1.67608393831e-09
1.15300540429e-09	-1.7007271147e-09
1.17073993664e-09	-1.71937952764e-09
1.18847446898e-09	-1.75219316834e-09
1.20620900133e-09	-1.78981673926e-09
1.22394353367e-09	-1.8227580556e-09
1.24167806601e-09	-1.8319629147e-09
1.25941259836e-09	-1.824357998e-09
1.2771471307e-09	-1.81219506068e-09
1.29488166304e-09	-1.79560133429e-09
1.31261619539e-09	-1.77764569731e-09
1.33035072773e-09	-1.75465764141e-09
1.34808526008e-09	-1.73803493819e-09
1.36581979242e-09	-1.72133340914e-09
1.38355432476e-09	-1.71310565733e-09
1.40128885711e-09	-1.70774083763e-09
1.41902338945e-09	-1.70493030804e-09
1.43675792179e-09	-1.69984581966e-09
1.45449245414e-09	-1.69656011462e-09
1.47222698648e-09	-1.68946645562e-09
1.48996151883e-09	-1.68076597085e-09
1.50769605117e-09	-1.67736768919e-09
1.52543058351e-09	-1.67038327614e-09
1.54316511586e-09	-1.66685143466e-09
1.5608996482e-09	-1.6680070658e-09
1.57863418054e-09	-1.67465863399e-09
1.59636871289e-09	-1.67573099841e-09
1.61410324523e-09	-1.6847362394e-09
1.63183777758e-09	-1.69782188308e-09
1.64957230992e-09	-1.70980263281e-09
1.66730684226e-09	-1.71975489405e-09
1.68504137461e-09	-1.73176306628e-09
1.70277590695e-09	-1.74423997468e-09
1.7205104393e-09	-1.75444092587e-09
1.73824497164e-09	-1.75787806533e-09
1.75597950398e-09	-1.76249670414e-09
1.77371403633e-09	-1.77070635932e-09
1.79144856867e-09	-1.77021963754e-09
1.80918310101e-09	-1.77100289989e-09
1.82691763336e-09	-1.76930192719e-09
1.8446521657e-09	-1.76731440593e-09
1.86238669805e-09	-1.7684751441e-09
1.88012123039e-09	-1.76533110352e-09
1.89785576273e-09	-1.76411740771e-09
1.91559029508e-09	-1.76792736006e-09
1.93332482742e-09	-1.76581094191e-09
1.95105935976e-09	-1.77459358319e-09
1.96879389211e-09	-1.7721105694e-09
1.98652842445e-09	-1.7778363226e-09
2.0042629568e-09	-1.78030346021e-09
2.02199748914e-09	-1.77995074235e-09
2.03973202148e-09	-1.78925929628e-09
2.05746655383e-09	-1.78916526039e-09
2.07520108617e-09	-1.79109138632e-09
2.09293561852e-09	-1.7892832771e-09
2.11067015086e-09	-1.78694237185e-09
2.1284046832e-09	-1.78252734795e-09
2.14613921555e-09	-1.7805498187e-09
2.16387374789e-09	-1.77595338435e-09
2.18160828023e-09	-1.77017200897e-09
2.19934281258e-09	-1.76169279165e-09
2.21707734492e-09	-1.75374648137e-09
2.23481187727e-09	-1.74305392342e-09
