% time-domain voltage integration by openEMS v0.0.36 @Tue Jan 20 11:37:12 2026
% start-coordinates: (0.00848214,0,-0) m -> [75,16,4]
% stop-coordinates: (0.00848214,0,0.0005) m -> [75,16,8]
% t/s	voltage
0	0
1.77345323438e-11	0
3.54690646876e-11	0
5.32035970314e-11	0
7.09381293752e-11	0
8.8672661719e-11	0
1.06407194063e-10	4.74241606405e-29
1.24141726407e-10	7.54625528381e-22
1.4187625875e-10	2.67904034098e-16
1.59610791094e-10	3.76445803783e-12
1.77345323438e-10	2.54941301403e-09
1.95079855782e-10	6.34985646286e-08
2.12814388126e-10	7.54628395327e-08
2.30548920469e-10	4.82769806354e-08
2.48283452813e-10	-1.41146635713e-07
2.66017985157e-10	-6.93574079946e-07
2.83752517501e-10	-1.83387246011e-06
3.01487049845e-10	-3.79226861469e-06
3.19221582189e-10	-6.43233408937e-06
3.36956114532e-10	-8.96165215636e-06
3.54690646876e-10	-9.45538499764e-06
3.7242517922e-10	-4.79379161789e-06
3.90159711564e-10	8.73819931257e-06
4.07894243908e-10	3.3932246879e-05
4.25628776251e-10	7.03241803421e-05
4.43363308595e-10	0.000111928888145
4.61097840939e-10	0.000146453916386
4.78832373283e-10	0.000157374211994
4.96566905627e-10	0.000129176969494
5.1430143797e-10	5.44718241144e-05
5.32035970314e-10	-6.0077550188e-05
5.49770502658e-10	-0.000192364917893
5.67505035002e-10	-0.000309902461595
5.85239567346e-10	-0.00038027404662
6.02974099689e-10	-0.000382908634492
6.20708632033e-10	-0.00031699554529
6.38443164377e-10	-0.000201814498723
6.56177696721e-10	-6.93240763212e-05
6.73912229065e-10	4.75117049064e-05
6.91646761408e-10	0.000125492791994
7.09381293752e-10	0.000156762343977
7.27115826096e-10	0.000147905568156
7.4485035844e-10	0.000114189670057
7.62584890784e-10	7.24090423319e-05
7.80319423127e-10	3.53405298483e-05
7.98053955471e-10	9.43657369135e-06
8.15788487815e-10	-4.56774000668e-06
8.33523020159e-10	-9.41076064009e-06
8.51257552503e-10	-8.90318358415e-06
8.68992084846e-10	-6.29059502444e-06
8.8672661719e-10	-3.57838547416e-06
9.04461149534e-10	-1.62007717108e-06
9.22195681878e-10	-5.15866233286e-07
9.39930214222e-10	-3.83905511825e-08
9.57664746566e-10	9.25646954641e-08
9.75399278909e-10	8.42311518312e-08
9.93133811253e-10	4.10976994658e-08
1.0108683436e-09	1.6735575592e-08
1.02860287594e-09	2.25991283465e-08
1.04633740828e-09	3.01839286898e-08
1.06407194063e-09	3.5885669547e-08
1.08180647297e-09	3.88985528232e-08
1.09954100532e-09	4.08581710687e-08
1.11727553766e-09	4.12464773447e-08
1.13501007e-09	4.0315597083e-08
1.15274460235e-09	4.11293594738e-08
1.17047913469e-09	4.2718193427e-08
1.18821366703e-09	4.32051665555e-08
1.20594819938e-09	4.4492009188e-08
1.22368273172e-09	4.53469715112e-08
1.24141726407e-09	4.72900500981e-08
1.25915179641e-09	4.69473242504e-08
1.27688632875e-09	4.70540753028e-08
1.2946208611e-09	4.65298386487e-08
1.31235539344e-09	4.57280560084e-08
1.33008992579e-09	4.59928592988e-08
1.34782445813e-09	4.57430893164e-08
1.36555899047e-09	4.43607879319e-08
1.38329352282e-09	4.44966508084e-08
1.40102805516e-09	4.44052883353e-08
1.4187625875e-09	4.47139134607e-08
1.43649711985e-09	4.50047670242e-08
1.45423165219e-09	4.46339898375e-08
1.47196618454e-09	4.47853070185e-08
1.48970071688e-09	4.49388410928e-08
1.50743524922e-09	4.42840430992e-08
1.52516978157e-09	4.40036602711e-08
1.54290431391e-09	4.34851763487e-08
1.56063884625e-09	4.28614317372e-08
1.5783733786e-09	4.31830207148e-08
1.59610791094e-09	4.24373967078e-08
1.61384244329e-09	4.25555368722e-08
1.63157697563e-09	4.22705710434e-08
1.64931150797e-09	4.16460395058e-08
1.66704604032e-09	4.14140979288e-08
1.68478057266e-09	4.19855803457e-08
1.70251510501e-09	4.14960865669e-08
1.72024963735e-09	4.30331335011e-08
1.73798416969e-09	4.25695025896e-08
1.75571870204e-09	4.30146789299e-08
1.77345323438e-09	4.35312310643e-08
1.79118776672e-09	4.38490497245e-08
1.80892229907e-09	4.37894609462e-08
1.82665683141e-09	4.41383587457e-08
1.84439136376e-09	4.4011246203e-08
1.8621258961e-09	4.49486670107e-08
1.87986042844e-09	4.49418564585e-08
1.89759496079e-09	4.42078276208e-08
1.91532949313e-09	4.42106955489e-08
1.93306402547e-09	4.39782281703e-08
1.95079855782e-09	4.34229088242e-08
1.96853309016e-09	4.4183769532e-08
1.98626762251e-09	4.38745120235e-08
2.00400215485e-09	4.39649099349e-08
2.02173668719e-09	4.40685319347e-08
2.03947121954e-09	4.40545635527e-08
2.05720575188e-09	4.43200169897e-08
2.07494028423e-09	4.42469039186e-08
2.09267481657e-09	4.40027569937e-08
2.11040934891e-09	4.42751177943e-08
2.12814388126e-09	4.55649988851e-08
2.1458784136e-09	4.53764164021e-08
2.16361294594e-09	4.53589672489e-08
2.18134747829e-09	4.54223245683e-08
2.19908201063e-09	4.5530724968e-08
2.21681654298e-09	4.56168223195e-08
2.23455107532e-09	4.57952040733e-08
