% time-domain voltage integration by openEMS v0.0.36 @Tue Jan 20 11:37:12 2026
% start-coordinates: (0.00892857,0,-0) m -> [76,16,4]
% stop-coordinates: (0.00892857,0,0.0005) m -> [76,16,8]
% t/s	voltage
0	0
1.77345323438e-11	0
3.54690646876e-11	0
5.32035970314e-11	0
7.09381293752e-11	0
8.8672661719e-11	0
1.06407194063e-10	4.09851800615e-30
1.24141726407e-10	9.89345770652e-23
1.4187625875e-10	5.18622127038e-17
1.59610791094e-10	1.07703353614e-12
1.77345323438e-10	1.12196635316e-09
1.95079855782e-10	4.87376823344e-08
2.12814388126e-10	6.91555754884e-08
2.30548920469e-10	5.39750217854e-08
2.48283452813e-10	-9.49494118885e-08
2.66017985157e-10	-5.66885901776e-07
2.83752517501e-10	-1.60415152095e-06
3.01487049845e-10	-3.41810732607e-06
3.19221582189e-10	-5.98468739099e-06
3.36956114532e-10	-8.629809372e-06
3.54690646876e-10	-9.62427543527e-06
3.7242517922e-10	-6.04395688697e-06
3.90159711564e-10	5.82104257774e-06
4.07894243908e-10	2.90614952974e-05
4.25628776251e-10	6.38961828372e-05
4.43363308595e-10	0.000105330695078
4.61097840939e-10	0.000142040295032
4.78832373283e-10	0.00015790294492
4.96566905627e-10	0.000136790022225
5.1430143797e-10	6.95297048878e-05
5.32035970314e-10	-3.97254134441e-05
5.49770502658e-10	-0.000171179352037
5.67505035002e-10	-0.000293414072075
5.85239567346e-10	-0.000373180722818
6.02974099689e-10	-0.000387318432331
6.20708632033e-10	-0.000331595321768
6.38443164377e-10	-0.000222395115998
6.56177696721e-10	-9.03742202354e-05
6.73912229065e-10	3.08641651827e-05
6.91646761408e-10	0.000116009841804
7.09381293752e-10	0.000154658479005
7.27115826096e-10	0.000151371823449
7.4485035844e-10	0.000120516539027
7.62584890784e-10	7.90709491412e-05
7.80319423127e-10	4.06916042266e-05
7.98053955471e-10	1.28534570649e-05
8.15788487815e-10	-2.92793544077e-06
8.33523020159e-10	-9.00308236851e-06
8.51257552503e-10	-9.14213592296e-06
8.68992084846e-10	-6.73394288242e-06
8.8672661719e-10	-3.98554539061e-06
9.04461149534e-10	-1.90387780208e-06
9.22195681878e-10	-6.78663724329e-07
9.39930214222e-10	-1.15823485913e-07
9.57664746566e-10	6.5024860163e-08
9.75399278909e-10	7.77648629935e-08
9.93133811253e-10	4.63689335817e-08
1.0108683436e-09	2.21733422734e-08
1.02860287594e-09	2.75007163708e-08
1.04633740828e-09	3.44376114292e-08
1.06407194063e-09	4.00719368798e-08
1.08180647297e-09	4.42256871125e-08
1.09954100532e-09	4.40540723901e-08
1.11727553766e-09	4.35996643233e-08
1.13501007e-09	4.30212985236e-08
1.15274460235e-09	4.2364549202e-08
1.17047913469e-09	4.27886934773e-08
1.18821366703e-09	4.32112789994e-08
1.20594819938e-09	4.32476587875e-08
1.22368273172e-09	4.34202025446e-08
1.24141726407e-09	4.38776721623e-08
1.25915179641e-09	4.42335705841e-08
1.27688632875e-09	4.44058017024e-08
1.2946208611e-09	4.34289644247e-08
1.31235539344e-09	4.4197210336e-08
1.33008992579e-09	4.25032764539e-08
1.34782445813e-09	4.23589163745e-08
1.36555899047e-09	4.19007148977e-08
1.38329352282e-09	4.19064196677e-08
1.40102805516e-09	4.19564418763e-08
1.4187625875e-09	4.31360911435e-08
1.43649711985e-09	4.27525010949e-08
1.45423165219e-09	4.32945501672e-08
1.47196618454e-09	4.38176748219e-08
1.48970071688e-09	4.38384946122e-08
1.50743524922e-09	4.40137020163e-08
1.52516978157e-09	4.39076677239e-08
1.54290431391e-09	4.43962013819e-08
1.56063884625e-09	4.54431283714e-08
1.5783733786e-09	4.58572095852e-08
1.59610791094e-09	4.54078241674e-08
1.61384244329e-09	4.53436213022e-08
1.63157697563e-09	4.56252244874e-08
1.64931150797e-09	4.56932314208e-08
1.66704604032e-09	4.5272524396e-08
1.68478057266e-09	4.4551446976e-08
1.70251510501e-09	4.4818134981e-08
1.72024963735e-09	4.52220216829e-08
1.73798416969e-09	4.48126264985e-08
1.75571870204e-09	4.47263355241e-08
1.77345323438e-09	4.45260353032e-08
1.79118776672e-09	4.47210259935e-08
1.80892229907e-09	4.47344437049e-08
1.82665683141e-09	4.47351773403e-08
1.84439136376e-09	4.49472929986e-08
1.8621258961e-09	4.54256650073e-08
1.87986042844e-09	4.48151951105e-08
1.89759496079e-09	4.50358559334e-08
1.91532949313e-09	4.51794086587e-08
1.93306402547e-09	4.46459686998e-08
1.95079855782e-09	4.43726948518e-08
1.96853309016e-09	4.40198784091e-08
1.98626762251e-09	4.42550236457e-08
2.00400215485e-09	4.46950707556e-08
2.02173668719e-09	4.39228040605e-08
2.03947121954e-09	4.31789279887e-08
2.05720575188e-09	4.32132871708e-08
2.07494028423e-09	4.30021422915e-08
2.09267481657e-09	4.27512505397e-08
2.11040934891e-09	4.26658495201e-08
2.12814388126e-09	4.21315284882e-08
2.1458784136e-09	4.25212709487e-08
2.16361294594e-09	4.26296473677e-08
2.18134747829e-09	4.2445208237e-08
2.19908201063e-09	4.24290655943e-08
2.21681654298e-09	4.24796668952e-08
2.23455107532e-09	4.27220738786e-08
