% time-domain voltage integration by openEMS v0.0.36 @Tue Jan 20 11:37:12 2026
% start-coordinates: (-0.00848214,0,-0) m -> [37,16,4]
% stop-coordinates: (-0.00848214,0,0.0005) m -> [37,16,8]
% t/s	voltage
0	0
1.77345323438e-11	0
3.54690646876e-11	2.39188325194e-22
5.32035970314e-11	6.91887580486e-14
7.09381293752e-11	2.23777713027e-09
8.8672661719e-11	7.27337940987e-08
1.06407194063e-10	7.84662113062e-08
1.24141726407e-10	3.9101450966e-08
1.4187625875e-10	-1.84313165619e-07
1.59610791094e-10	-7.72790983206e-07
1.77345323438e-10	-1.99829983671e-06
1.95079855782e-10	-4.04201909987e-06
2.12814388126e-10	-6.7397974135e-06
2.30548920469e-10	-9.17311035664e-06
2.48283452813e-10	-9.29407951844e-06
2.66017985157e-10	-3.88570850873e-06
2.83752517501e-10	1.07841431145e-05
3.01487049845e-10	3.7282798985e-05
3.19221582189e-10	7.46518035157e-05
3.36956114532e-10	0.000116229512059
3.54690646876e-10	0.000149115123349
3.7242517922e-10	0.000156571328262
3.90159711564e-10	0.000123594465549
4.07894243908e-10	4.40451349277e-05
4.25628776251e-10	-7.37263999326e-05
4.43363308595e-10	-0.000206148801226
4.61097840939e-10	-0.000320174629451
4.78832373283e-10	-0.000384110702726
4.96566905627e-10	-0.000379223420168
5.1430143797e-10	-0.000306957685098
5.32035970314e-10	-0.000188368336239
5.49770502658e-10	-5.60701937502e-05
5.67505035002e-10	5.76092497795e-05
5.85239567346e-10	0.000130955671921
6.02974099689e-10	0.000157766040502
6.20708632033e-10	0.000145796988363
6.38443164377e-10	0.000110728517029
6.56177696721e-10	6.90629467499e-05
6.73912229065e-10	3.29441786562e-05
6.91646761408e-10	8.17904697215e-06
7.09381293752e-10	-4.91746482112e-06
7.27115826096e-10	-9.23313450585e-06
7.4485035844e-10	-8.54607287692e-06
7.62584890784e-10	-5.98898759563e-06
7.80319423127e-10	-3.46907273752e-06
7.98053955471e-10	-1.77480524144e-06
8.15788487815e-10	-9.62325401588e-07
8.33523020159e-10	-7.52018493699e-07
8.51257552503e-10	-8.11462996353e-07
8.68992084846e-10	-8.80921405155e-07
8.8672661719e-10	-8.24570733471e-07
9.04461149534e-10	-6.11596860267e-07
9.22195681878e-10	-2.95848280985e-07
9.39930214222e-10	2.135454924e-08
9.57664746566e-10	2.67055970227e-07
9.75399278909e-10	4.0586623129e-07
9.93133811253e-10	4.31847745119e-07
1.0108683436e-09	3.74857222596e-07
1.02860287594e-09	2.78376859342e-07
1.04633740828e-09	1.77784240663e-07
1.06407194063e-09	9.76071952152e-08
1.08180647297e-09	4.92002154573e-08
1.09954100532e-09	2.53480827439e-08
1.11727553766e-09	2.10285415747e-08
1.13501007e-09	2.54998901994e-08
1.15274460235e-09	3.11614947179e-08
1.17047913469e-09	3.74025157512e-08
1.18821366703e-09	4.23625650114e-08
1.20594819938e-09	4.2745423201e-08
1.22368273172e-09	4.41749854474e-08
1.24141726407e-09	4.43844543341e-08
1.25915179641e-09	4.44470993344e-08
1.27688632875e-09	4.37709619661e-08
1.2946208611e-09	4.38934293356e-08
1.31235539344e-09	4.34024087781e-08
1.33008992579e-09	4.42693393055e-08
1.34782445813e-09	4.4017792078e-08
1.36555899047e-09	4.36335279019e-08
1.38329352282e-09	4.39292717758e-08
1.40102805516e-09	4.41231442494e-08
1.4187625875e-09	4.32978266574e-08
1.43649711985e-09	4.41385346051e-08
1.45423165219e-09	4.31966533654e-08
1.47196618454e-09	4.28110515927e-08
1.48970071688e-09	4.35407629951e-08
1.50743524922e-09	4.29038307104e-08
1.52516978157e-09	4.25517914238e-08
1.54290431391e-09	4.32900844061e-08
1.56063884625e-09	4.28693036625e-08
1.5783733786e-09	4.3838702446e-08
1.59610791094e-09	4.36590719133e-08
1.61384244329e-09	4.26024300282e-08
1.63157697563e-09	4.36967759754e-08
1.64931150797e-09	4.34150448925e-08
1.66704604032e-09	4.30741780022e-08
1.68478057266e-09	4.39526779417e-08
1.70251510501e-09	4.33648832399e-08
1.72024963735e-09	4.35974731872e-08
1.73798416969e-09	4.38542651082e-08
1.75571870204e-09	4.3193664645e-08
1.77345323438e-09	4.32658371352e-08
1.79118776672e-09	4.31704476611e-08
1.80892229907e-09	4.34728582022e-08
1.82665683141e-09	4.41598357881e-08
1.84439136376e-09	4.31913571575e-08
1.8621258961e-09	4.30581392763e-08
1.87986042844e-09	4.29055244666e-08
1.89759496079e-09	4.30491455816e-08
1.91532949313e-09	4.34981393127e-08
1.93306402547e-09	4.27763504618e-08
1.95079855782e-09	4.32357722957e-08
1.96853309016e-09	4.39442837674e-08
1.98626762251e-09	4.29033697458e-08
2.00400215485e-09	4.4010489475e-08
2.02173668719e-09	4.33044080594e-08
2.03947121954e-09	4.29561950455e-08
2.05720575188e-09	4.44996759441e-08
2.07494028423e-09	4.36203695386e-08
2.09267481657e-09	4.34613820488e-08
2.11040934891e-09	4.4039720315e-08
2.12814388126e-09	4.31008500001e-08
2.1458784136e-09	4.41487246761e-08
2.16361294594e-09	4.42009264745e-08
2.18134747829e-09	4.35065299342e-08
2.19908201063e-09	4.47472041643e-08
2.21681654298e-09	4.37544436238e-08
2.23455107532e-09	4.3591922072e-08
