% time-domain current integration by openEMS v0.0.36 @Tue Jan 20 11:37:12 2026
% start-coordinates: (-0.00892857,-0.000334621,-0.00025) m -> [36,13,2]
% stop-coordinates: (-0.00892857,0.00022269,0.000125) m -> [36,18,5]
% t/s	current
2.60801946232e-13	0
1.799533429e-11	0
3.57298666338e-11	6.24113994706e-23
5.34643989776e-11	8.91834044494e-15
7.11989313215e-11	1.64340832609e-10
8.89334636653e-11	2.78883938165e-09
1.06667996009e-10	2.92868618246e-09
1.24402528353e-10	1.28597710258e-09
1.42137060697e-10	-8.75143690848e-09
1.5987159304e-10	-3.41940733506e-08
1.77606125384e-10	-8.55075938944e-08
1.95340657728e-10	-1.69531048755e-07
2.13075190072e-10	-2.77659495396e-07
2.30809722416e-10	-3.69847697357e-07
2.4854425476e-10	-3.60133498134e-07
2.66278787103e-10	-1.16912680426e-07
2.84013319447e-10	5.06552737534e-07
3.01747851791e-10	1.60320860232e-06
3.19482384135e-10	3.11672647513e-06
3.37216916479e-10	4.75869956063e-06
3.54951448822e-10	5.99669556323e-06
3.72685981166e-10	6.16230136075e-06
3.9042051351e-10	4.68143571197e-06
4.08155045854e-10	1.3578907101e-06
4.25889578198e-10	-3.41726445185e-06
4.43624110541e-10	-8.65948913997e-06
4.61358642885e-10	-1.30426442411e-05
4.79093175229e-10	-1.53398887051e-05
4.96827707573e-10	-1.48761200762e-05
5.14562239917e-10	-1.17887739179e-05
5.3229677226e-10	-6.97429004504e-06
5.50031304604e-10	-1.74569049705e-06
5.67765836948e-10	2.63952529167e-06
5.85500369292e-10	5.37443020221e-06
6.03234901636e-10	6.27190911473e-06
6.20969433979e-10	5.68118321098e-06
6.38703966323e-10	4.2383762775e-06
6.56438498667e-10	2.58802219832e-06
6.74173031011e-10	1.18845673569e-06
6.91907563355e-10	2.46232275458e-07
7.09642095698e-10	-2.41857861738e-07
7.27376628042e-10	-3.95631161609e-07
7.45111160386e-10	-3.61518289083e-07
7.6284569273e-10	-2.56326671888e-07
7.80580225074e-10	-1.48714761394e-07
7.98314757417e-10	-6.62234853621e-08
8.16049289761e-10	-1.20525260883e-08
8.33783822105e-10	1.98903808979e-08
8.51518354449e-10	3.62289860334e-08
8.69252886793e-10	4.12928038429e-08
8.86987419137e-10	3.77430247056e-08
9.0472195148e-10	2.85563501734e-08
9.22456483824e-10	1.62331001974e-08
9.40191016168e-10	3.52821816207e-09
9.57925548512e-10	-6.52418830072e-09
9.75660080856e-10	-1.232813851e-08
9.93394613199e-10	-1.37121354271e-08
1.01112914554e-09	-1.1708483072e-08
1.02886367789e-09	-7.93366172758e-09
1.04659821023e-09	-3.91745880179e-09
1.06433274257e-09	-6.67606248062e-10
1.08206727492e-09	1.43453537937e-09
1.09980180726e-09	2.46884379607e-09
1.11753633961e-09	2.74545364221e-09
1.13527087195e-09	2.62459010081e-09
1.15300540429e-09	2.36045805124e-09
1.17073993664e-09	2.11271444783e-09
1.18847446898e-09	1.94556859512e-09
1.20620900133e-09	1.85088122606e-09
1.22394353367e-09	1.80071157985e-09
1.24167806601e-09	1.78240433524e-09
1.25941259836e-09	1.77601811036e-09
1.2771471307e-09	1.77834713622e-09
1.29488166304e-09	1.78322812072e-09
1.31261619539e-09	1.78739534284e-09
1.33035072773e-09	1.78609416146e-09
1.34808526008e-09	1.78589110167e-09
1.36581979242e-09	1.77916870125e-09
1.38355432476e-09	1.77752756958e-09
1.40128885711e-09	1.78066628109e-09
1.41902338945e-09	1.77711956262e-09
1.43675792179e-09	1.78256354122e-09
1.45449245414e-09	1.7799778318e-09
1.47222698648e-09	1.77922421241e-09
1.48996151883e-09	1.76924841444e-09
1.50769605117e-09	1.76546666175e-09
1.52543058351e-09	1.7612047376e-09
1.54316511586e-09	1.75560188609e-09
1.5608996482e-09	1.75846615047e-09
1.57863418054e-09	1.75946812675e-09
1.59636871289e-09	1.75832670646e-09
1.61410324523e-09	1.75716829975e-09
1.63183777758e-09	1.75352099507e-09
1.64957230992e-09	1.75309333716e-09
1.66730684226e-09	1.74922143437e-09
1.68504137461e-09	1.73634817635e-09
1.70277590695e-09	1.73434389072e-09
1.7205104393e-09	1.72807335108e-09
1.73824497164e-09	1.72677905308e-09
1.75597950398e-09	1.72788772179e-09
1.77371403633e-09	1.72912151264e-09
1.79144856867e-09	1.73093372968e-09
1.80918310101e-09	1.7313703804e-09
1.82691763336e-09	1.73091996292e-09
1.8446521657e-09	1.73091330158e-09
1.86238669805e-09	1.72890202155e-09
1.88012123039e-09	1.72451630753e-09
1.89785576273e-09	1.71974823271e-09
1.91559029508e-09	1.71342551258e-09
1.93332482742e-09	1.71280456485e-09
1.95105935976e-09	1.70682490364e-09
1.96879389211e-09	1.70351466267e-09
1.98652842445e-09	1.70550773504e-09
2.0042629568e-09	1.70629110841e-09
2.02199748914e-09	1.70766212282e-09
2.03973202148e-09	1.71310088337e-09
2.05746655383e-09	1.71355019063e-09
2.07520108617e-09	1.72244829511e-09
2.09293561852e-09	1.72062142312e-09
2.11067015086e-09	1.72426684042e-09
2.1284046832e-09	1.71682201788e-09
2.14613921555e-09	1.71788572256e-09
2.16387374789e-09	1.71733249843e-09
2.18160828023e-09	1.7123618079e-09
2.19934281258e-09	1.71094494128e-09
2.21707734492e-09	1.71007363825e-09
2.23481187727e-09	1.70464198312e-09
