% time-domain current integration by openEMS v0.0.36 @Tue Jan 20 11:37:12 2026
% start-coordinates: (0.00803571,-0.000334621,-0.00025) m -> [74,13,2]
% stop-coordinates: (0.00803571,0.00022269,0.000125) m -> [74,18,5]
% t/s	current
2.60801946232e-13	-0
1.799533429e-11	-0
3.57298666338e-11	-0
5.34643989776e-11	-0
7.11989313215e-11	-0
8.89334636653e-11	-0
1.06667996009e-10	-8.27835859228e-30
1.24402528353e-10	-1.00440414714e-22
1.42137060697e-10	-2.7851191077e-17
1.5987159304e-10	-3.06722963e-13
1.77606125384e-10	-1.58989377219e-10
1.95340657728e-10	-2.79789547086e-09
2.13075190072e-10	-3.19947490723e-09
2.30809722416e-10	-1.69792568894e-09
2.4854425476e-10	7.01616142962e-09
2.66278787103e-10	3.06222247559e-08
2.84013319447e-10	7.86631204619e-08
3.01747851791e-10	1.5940149467e-07
3.19482384135e-10	2.65805851996e-07
3.37216916479e-10	3.62278797184e-07
3.54951448822e-10	3.6853958818e-07
3.72685981166e-10	1.56681537078e-07
3.9042051351e-10	-4.20680464686e-07
4.08155045854e-10	-1.46598233641e-06
4.25889578198e-10	-2.94329856843e-06
4.43624110541e-10	-4.59149259768e-06
4.61358642885e-10	-5.90175659454e-06
4.79093175229e-10	-6.21154595137e-06
4.96827707573e-10	-4.92367189509e-06
5.14562239917e-10	-1.78931441042e-06
5.3229677226e-10	2.86811791739e-06
5.50031304604e-10	8.12051985122e-06
5.67765836948e-10	1.26600816657e-05
5.85500369292e-10	1.52265874931e-05
6.03234901636e-10	1.50684845721e-05
6.20969433979e-10	1.22321407616e-05
6.38703966323e-10	7.5437446867e-06
6.56438498667e-10	2.29248848882e-06
6.74173031011e-10	-2.23714187086e-06
6.91907563355e-10	-5.17708804182e-06
7.09642095698e-10	-6.27256213193e-06
7.27376628042e-10	-5.82331813348e-06
7.45111160386e-10	-4.44628358309e-06
7.6284569273e-10	-2.79468645203e-06
7.80580225074e-10	-1.35172581395e-06
7.98314757417e-10	-3.51470447413e-07
8.16049289761e-10	1.88783545241e-07
8.33783822105e-10	3.7891547322e-07
8.51518354449e-10	3.64705442735e-07
8.69252886793e-10	2.67862134251e-07
8.86987419137e-10	1.63486660654e-07
9.0472195148e-10	8.42086862463e-08
9.22456483824e-10	3.54357538868e-08
9.40191016168e-10	1.04046433691e-08
9.57925548512e-10	-5.21692064548e-11
9.75660080856e-10	-3.11759351668e-09
9.93394613199e-10	-3.15470605194e-09
1.01112914554e-09	-2.68347721821e-09
1.02886367789e-09	-2.56499754769e-09
1.04659821023e-09	-2.27115259932e-09
1.06433274257e-09	-2.0148467339e-09
1.08206727492e-09	-1.82480741628e-09
1.09980180726e-09	-1.6819828863e-09
1.11753633961e-09	-1.62391777803e-09
1.13527087195e-09	-1.58781754411e-09
1.15300540429e-09	-1.57767265918e-09
1.17073993664e-09	-1.60363389234e-09
1.18847446898e-09	-1.62643376544e-09
1.20620900133e-09	-1.65186941903e-09
1.22394353367e-09	-1.68197511474e-09
1.24167806601e-09	-1.71576786112e-09
1.25941259836e-09	-1.73923631053e-09
1.2771471307e-09	-1.74417558174e-09
1.29488166304e-09	-1.74503123063e-09
1.31261619539e-09	-1.75492420595e-09
1.33035072773e-09	-1.75953962511e-09
1.34808526008e-09	-1.76953851572e-09
1.36581979242e-09	-1.77410219848e-09
1.38355432476e-09	-1.77494641207e-09
1.40128885711e-09	-1.78078818358e-09
1.41902338945e-09	-1.77896564146e-09
1.43675792179e-09	-1.78197567813e-09
1.45449245414e-09	-1.78398051887e-09
1.47222698648e-09	-1.78896553127e-09
1.48996151883e-09	-1.79367731779e-09
1.50769605117e-09	-1.79536063794e-09
1.52543058351e-09	-1.79915216059e-09
1.54316511586e-09	-1.79999826155e-09
1.5608996482e-09	-1.79963732805e-09
1.57863418054e-09	-1.79915726761e-09
1.59636871289e-09	-1.79008119439e-09
1.61410324523e-09	-1.78174142107e-09
1.63183777758e-09	-1.77090409004e-09
1.64957230992e-09	-1.75966330396e-09
1.66730684226e-09	-1.74507497341e-09
1.68504137461e-09	-1.73672087822e-09
1.70277590695e-09	-1.72107661456e-09
1.7205104393e-09	-1.71303726759e-09
1.73824497164e-09	-1.70448921644e-09
1.75597950398e-09	-1.69759528656e-09
1.77371403633e-09	-1.6931560598e-09
1.79144856867e-09	-1.69317815324e-09
1.80918310101e-09	-1.69212999168e-09
1.82691763336e-09	-1.69886160695e-09
1.8446521657e-09	-1.69424252405e-09
1.86238669805e-09	-1.69940261863e-09
1.88012123039e-09	-1.7052447232e-09
1.89785576273e-09	-1.70261593713e-09
1.91559029508e-09	-1.70659453236e-09
1.93332482742e-09	-1.70648906117e-09
1.95105935976e-09	-1.71151182116e-09
1.96879389211e-09	-1.70458103188e-09
1.98652842445e-09	-1.70628888796e-09
2.0042629568e-09	-1.70424729884e-09
2.02199748914e-09	-1.70108460651e-09
2.03973202148e-09	-1.69610647749e-09
2.05746655383e-09	-1.70149294654e-09
2.07520108617e-09	-1.69577007991e-09
2.09293561852e-09	-1.70024971879e-09
2.11067015086e-09	-1.69435232511e-09
2.1284046832e-09	-1.69852498733e-09
2.14613921555e-09	-1.70125713517e-09
2.16387374789e-09	-1.70615710449e-09
2.18160828023e-09	-1.7077391723e-09
2.19934281258e-09	-1.71983105535e-09
2.21707734492e-09	-1.72601499759e-09
2.23481187727e-09	-1.73122582936e-09
