% time-domain voltage integration by openEMS v0.0.36 @Tue Jan 20 11:37:12 2026
% start-coordinates: (-0.00803571,0,-0) m -> [38,16,4]
% stop-coordinates: (-0.00803571,0,-0.0005) m -> [38,16,0]
% t/s	voltage
0	0
1.77345323438e-11	0
3.54690646876e-11	1.08413881929e-23
5.32035970314e-11	9.09161141045e-15
7.09381293752e-11	7.14373796229e-10
8.8672661719e-11	6.70595463603e-08
1.06407194063e-10	8.62949889324e-08
1.24141726407e-10	4.72363801407e-08
1.4187625875e-10	-1.22332746599e-07
1.59610791094e-10	-6.42405467488e-07
1.77345323438e-10	-1.75464836616e-06
1.95079855782e-10	-3.66155052234e-06
2.12814388126e-10	-6.28389932444e-06
2.30548920469e-10	-8.86104260189e-06
2.48283452813e-10	-9.54628853833e-06
2.66017985157e-10	-5.28019813828e-06
2.83752517501e-10	7.66552341247e-06
3.01487049845e-10	3.22046894325e-05
3.19221582189e-10	6.81071478539e-05
3.36956114532e-10	0.000109728018288
3.54690646876e-10	0.000145087164128
3.7242517922e-10	0.000157771086378
3.90159711564e-10	0.000132020386445
4.07894243908e-10	5.98139768044e-05
4.25628776251e-10	-5.3039739214e-05
4.43363308595e-10	-0.000185200198757
4.61097840939e-10	-0.000304501772916
4.78832373283e-10	-0.000378209464543
4.96566905627e-10	-0.000384846141969
5.1430143797e-10	-0.000322431958921
5.32035970314e-10	-0.000209255962545
5.49770502658e-10	-7.68266418163e-05
5.67505035002e-10	4.16799357481e-05
5.85239567346e-10	0.00012234047972
6.02974099689e-10	0.000156414633238
6.20708632033e-10	0.000149738050823
6.38443164377e-10	0.000117213430713
6.56177696721e-10	7.56411645852e-05
6.73912229065e-10	3.80797473554e-05
6.91646761408e-10	1.13565574793e-05
7.09381293752e-10	-3.46779461324e-06
7.27115826096e-10	-8.94729816991e-06
7.4485035844e-10	-8.84382211552e-06
7.62584890784e-10	-6.45425427592e-06
7.80319423127e-10	-3.88872240364e-06
7.98053955471e-10	-2.07608957226e-06
8.15788487815e-10	-1.15114823984e-06
8.33523020159e-10	-8.58682454918e-07
8.51257552503e-10	-8.56397775806e-07
8.68992084846e-10	-8.81917287643e-07
8.8672661719e-10	-7.97389645868e-07
9.04461149534e-10	-5.68497128484e-07
9.22195681878e-10	-2.46803690374e-07
9.39930214222e-10	6.37713455376e-08
9.57664746566e-10	2.95319303234e-07
9.75399278909e-10	4.13398126398e-07
9.93133811253e-10	4.23595842847e-07
1.0108683436e-09	3.59277962048e-07
1.02860287594e-09	2.583587424e-07
1.04633740828e-09	1.60692650297e-07
1.06407194063e-09	8.60450644069e-08
1.08180647297e-09	3.99749380264e-08
1.09954100532e-09	2.17206905795e-08
1.11727553766e-09	1.99327465644e-08
1.13501007e-09	2.34816917022e-08
1.15274460235e-09	3.13170498423e-08
1.17047913469e-09	3.71232813379e-08
1.18821366703e-09	4.09739548957e-08
1.20594819938e-09	4.36655342995e-08
1.22368273172e-09	4.35866462922e-08
1.24141726407e-09	4.34775584424e-08
1.25915179641e-09	4.40735927754e-08
1.27688632875e-09	4.31568327741e-08
1.2946208611e-09	4.38913696499e-08
1.31235539344e-09	4.46390098219e-08
1.33008992579e-09	4.42325687189e-08
1.34782445813e-09	4.39490870363e-08
1.36555899047e-09	4.49693482452e-08
1.38329352282e-09	4.40677103697e-08
1.40102805516e-09	4.41094645254e-08
1.4187625875e-09	4.4128010579e-08
1.43649711985e-09	4.43910854742e-08
1.45423165219e-09	4.50174590938e-08
1.47196618454e-09	4.56920750125e-08
1.48970071688e-09	4.40898118015e-08
1.50743524922e-09	4.46670096466e-08
1.52516978157e-09	4.46392238729e-08
1.54290431391e-09	4.44310597203e-08
1.56063884625e-09	4.50985089273e-08
1.5783733786e-09	4.52011681418e-08
1.59610791094e-09	4.43499850178e-08
1.61384244329e-09	4.61249705097e-08
1.63157697563e-09	4.5213883304e-08
1.64931150797e-09	4.52524364647e-08
1.66704604032e-09	4.50719035427e-08
1.68478057266e-09	4.52169919285e-08
1.70251510501e-09	4.58800242242e-08
1.72024963735e-09	4.53653958843e-08
1.73798416969e-09	4.44331309524e-08
1.75571870204e-09	4.53022597213e-08
1.77345323438e-09	4.47774430867e-08
1.79118776672e-09	4.53535342615e-08
1.80892229907e-09	4.50556347786e-08
1.82665683141e-09	4.50183392786e-08
1.84439136376e-09	4.52024613296e-08
1.8621258961e-09	4.43936700734e-08
1.87986042844e-09	4.42907603926e-08
1.89759496079e-09	4.47020536143e-08
1.91532949313e-09	4.37829035249e-08
1.93306402547e-09	4.49986314877e-08
1.95079855782e-09	4.4302012725e-08
1.96853309016e-09	4.36919069813e-08
1.98626762251e-09	4.44692966894e-08
2.00400215485e-09	4.34035198893e-08
2.02173668719e-09	4.39933973695e-08
2.03947121954e-09	4.45174697106e-08
2.05720575188e-09	4.34232889646e-08
2.07494028423e-09	4.49660850776e-08
2.09267481657e-09	4.39392344731e-08
2.11040934891e-09	4.32784528215e-08
2.12814388126e-09	4.45327215104e-08
2.1458784136e-09	4.36883693666e-08
2.16361294594e-09	4.38940324088e-08
2.18134747829e-09	4.5228627954e-08
2.19908201063e-09	4.39097069815e-08
2.21681654298e-09	4.45086660861e-08
2.23455107532e-09	4.36513039048e-08
