% time-domain voltage integration by openEMS v0.0.36 @Tue Jan 20 11:37:12 2026
% start-coordinates: (-0.00803571,0,-0) m -> [38,16,4]
% stop-coordinates: (-0.00803571,0,0.0005) m -> [38,16,8]
% t/s	voltage
0	0
1.77345323438e-11	0
3.54690646876e-11	1.0841387404e-23
5.32035970314e-11	9.09161162221e-15
7.09381293752e-11	7.14373796229e-10
8.8672661719e-11	6.7059549913e-08
1.06407194063e-10	8.62949924851e-08
1.24141726407e-10	4.72363632653e-08
1.4187625875e-10	-1.2233274127e-07
1.59610791094e-10	-6.42405453277e-07
1.77345323438e-10	-1.75464833774e-06
1.95079855782e-10	-3.66155097709e-06
2.12814388126e-10	-6.28389921076e-06
2.30548920469e-10	-8.8610433977e-06
2.48283452813e-10	-9.54628808358e-06
2.66017985157e-10	-5.28019734247e-06
2.83752517501e-10	7.66552307141e-06
3.01487049845e-10	3.22046871588e-05
3.19221582189e-10	6.81071487634e-05
3.36956114532e-10	0.000109728007374
3.54690646876e-10	0.000145087167766
3.7242517922e-10	0.000157771093654
3.90159711564e-10	0.000132020384626
4.07894243908e-10	5.98140059083e-05
4.25628776251e-10	-5.30397155671e-05
4.43363308595e-10	-0.000185200227861
4.61097840939e-10	-0.000304501743813
4.78832373283e-10	-0.000378209435439
4.96566905627e-10	-0.000384846083762
5.1430143797e-10	-0.000322431878885
5.32035970314e-10	-0.000209255878872
5.49770502658e-10	-7.68265326769e-05
5.67505035002e-10	4.16800257881e-05
5.85239567346e-10	0.000122340486996
6.02974099689e-10	0.000156414676894
6.20708632033e-10	0.000149738185428
6.38443164377e-10	0.00011721357987
6.56177696721e-10	7.56413191993e-05
6.73912229065e-10	3.80798392143e-05
6.91646761408e-10	1.13566075015e-05
7.09381293752e-10	-3.46771707882e-06
7.27115826096e-10	-8.94727429568e-06
7.4485035844e-10	-8.84385315203e-06
7.62584890784e-10	-6.45431634894e-06
7.80319423127e-10	-3.88879982438e-06
7.98053955471e-10	-2.07606649383e-06
8.15788487815e-10	-1.15102537279e-06
8.33523020159e-10	-8.58619642941e-07
8.51257552503e-10	-8.56449602793e-07
8.68992084846e-10	-8.81927419982e-07
8.8672661719e-10	-7.97322300627e-07
9.04461149534e-10	-5.6840795537e-07
9.22195681878e-10	-2.46668744097e-07
9.39930214222e-10	6.39274073677e-08
9.57664746566e-10	2.9541043034e-07
9.75399278909e-10	4.13442833747e-07
9.93133811253e-10	4.23530124749e-07
1.0108683436e-09	3.59159088248e-07
1.02860287594e-09	2.58377887974e-07
1.04633740828e-09	1.60706637331e-07
1.06407194063e-09	8.59473949788e-08
1.08180647297e-09	4.00234361209e-08
1.09954100532e-09	2.18453641843e-08
1.11727553766e-09	1.99873095852e-08
1.13501007e-09	2.35797599224e-08
1.15274460235e-09	3.13942680741e-08
1.17047913469e-09	3.71361084106e-08
1.18821366703e-09	4.1045331578e-08
1.20594819938e-09	4.37091598471e-08
1.22368273172e-09	4.36306279994e-08
1.24141726407e-09	4.35012958988e-08
1.25915179641e-09	4.40221663567e-08
1.27688632875e-09	4.31979465532e-08
1.2946208611e-09	4.40050795802e-08
1.31235539344e-09	4.47695009953e-08
1.33008992579e-09	4.44424870238e-08
1.34782445813e-09	4.40344081198e-08
1.36555899047e-09	4.49616139875e-08
1.38329352282e-09	4.41965548603e-08
1.40102805516e-09	4.42219594277e-08
1.4187625875e-09	4.41285523678e-08
1.43649711985e-09	4.44278782652e-08
1.45423165219e-09	4.50068871061e-08
1.47196618454e-09	4.56512356806e-08
1.48970071688e-09	4.41364482739e-08
1.50743524922e-09	4.4652182396e-08
1.52516978157e-09	4.45688694839e-08
1.54290431391e-09	4.44885914774e-08
1.56063884625e-09	4.51823432002e-08
1.5783733786e-09	4.52304025345e-08
1.59610791094e-09	4.4372257868e-08
1.61384244329e-09	4.61423548259e-08
1.63157697563e-09	4.52523858385e-08
1.64931150797e-09	4.52815971386e-08
1.66704604032e-09	4.5069604937e-08
1.68478057266e-09	4.52480328761e-08
1.70251510501e-09	4.58486333343e-08
1.72024963735e-09	4.5335576182e-08
1.73798416969e-09	4.45245396108e-08
1.75571870204e-09	4.53808270962e-08
1.77345323438e-09	4.4825074319e-08
1.79118776672e-09	4.54406725581e-08
1.80892229907e-09	4.50693518061e-08
1.82665683141e-09	4.50019213005e-08
1.84439136376e-09	4.52506689896e-08
1.8621258961e-09	4.45026158147e-08
1.87986042844e-09	4.44651364617e-08
1.89759496079e-09	4.48046124646e-08
1.91532949313e-09	4.37838041378e-08
1.93306402547e-09	4.50036070632e-08
1.95079855782e-09	4.43168151065e-08
1.96853309016e-09	4.36716760532e-08
1.98626762251e-09	4.44884973305e-08
2.00400215485e-09	4.34357376733e-08
2.02173668719e-09	4.40630714138e-08
2.03947121954e-09	4.45744641198e-08
2.05720575188e-09	4.33854339121e-08
2.07494028423e-09	4.49341008846e-08
2.09267481657e-09	4.39933840468e-08
2.11040934891e-09	4.33290496815e-08
2.12814388126e-09	4.45917773817e-08
2.1458784136e-09	4.37088178984e-08
2.16361294594e-09	4.39468914593e-08
2.18134747829e-09	4.53256161492e-08
2.19908201063e-09	4.39084004711e-08
2.21681654298e-09	4.44193224425e-08
2.23455107532e-09	4.36633662559e-08
