% time-domain voltage integration by openEMS v0.0.36 @Tue Jan 20 11:37:12 2026
% start-coordinates: (0.00848214,0,-0) m -> [75,16,4]
% stop-coordinates: (0.00848214,0,-0.0005) m -> [75,16,0]
% t/s	voltage
0	0
1.77345323438e-11	0
3.54690646876e-11	0
5.32035970314e-11	0
7.09381293752e-11	0
8.8672661719e-11	0
1.06407194063e-10	4.74241576313e-29
1.24141726407e-10	7.54625541003e-22
1.4187625875e-10	2.67904027481e-16
1.59610791094e-10	3.76445814625e-12
1.77345323438e-10	2.54941301403e-09
1.95079855782e-10	6.34985628523e-08
2.12814388126e-10	7.54628466382e-08
2.30548920469e-10	4.82769957344e-08
2.48283452813e-10	-1.41146653476e-07
2.66017985157e-10	-6.93574094157e-07
2.83752517501e-10	-1.83387263064e-06
3.01487049845e-10	-3.79226923997e-06
3.19221582189e-10	-6.43233431674e-06
3.36956114532e-10	-8.96165465747e-06
3.54690646876e-10	-9.45538408814e-06
3.7242517922e-10	-4.79379184526e-06
3.90159711564e-10	8.73819931257e-06
4.07894243908e-10	3.39322446052e-05
4.25628776251e-10	7.03241848896e-05
4.43363308595e-10	0.00011192889724
4.61097840939e-10	0.000146453912748
4.78832373283e-10	0.00015737421927
4.96566905627e-10	0.000129176956762
5.1430143797e-10	5.44717913726e-05
5.32035970314e-10	-6.00775865678e-05
5.49770502658e-10	-0.000192364961549
5.67505035002e-10	-0.000309902505251
5.85239567346e-10	-0.000380274090276
6.02974099689e-10	-0.000382908627216
6.20708632033e-10	-0.000316995596222
6.38443164377e-10	-0.000201814560569
6.56177696721e-10	-6.93240644978e-05
6.73912229065e-10	4.7511674893e-05
6.91646761408e-10	0.000125492777443
7.09381293752e-10	0.000156762383995
7.27115826096e-10	0.000147905437188
7.4485035844e-10	0.000114189568194
7.62584890784e-10	7.24090441508e-05
7.80319423127e-10	3.53403843292e-05
7.98053955471e-10	9.43646591622e-06
8.15788487815e-10	-4.56773125279e-06
8.33523020159e-10	-9.41081452766e-06
8.51257552503e-10	-8.90316823643e-06
8.68992084846e-10	-6.29050941825e-06
8.8672661719e-10	-3.57843504162e-06
9.04461149534e-10	-1.62011900784e-06
9.22195681878e-10	-5.158032792e-07
9.39930214222e-10	-3.83235185808e-08
9.57664746566e-10	9.25541741026e-08
9.75399278909e-10	8.424405884e-08
9.93133811253e-10	4.11693470426e-08
1.0108683436e-09	1.68010654278e-08
1.02860287594e-09	2.26565051165e-08
1.04633740828e-09	3.02057321377e-08
1.06407194063e-09	3.58312561843e-08
1.08180647297e-09	3.88039609334e-08
1.09954100532e-09	4.07557365634e-08
1.11727553766e-09	4.10809732898e-08
1.13501007e-09	4.01901099067e-08
1.15274460235e-09	4.10352987146e-08
1.17047913469e-09	4.25714281604e-08
1.18821366703e-09	4.31279678637e-08
1.20594819938e-09	4.44516645715e-08
1.22368273172e-09	4.52603314827e-08
1.24141726407e-09	4.73767265419e-08
1.25915179641e-09	4.70787924201e-08
1.27688632875e-09	4.69423415694e-08
1.2946208611e-09	4.65093830115e-08
1.31235539344e-09	4.58148745608e-08
1.33008992579e-09	4.59410571807e-08
1.34782445813e-09	4.57322606451e-08
1.36555899047e-09	4.43561729568e-08
1.38329352282e-09	4.43842109732e-08
1.40102805516e-09	4.4402748145e-08
1.4187625875e-09	4.48227712724e-08
1.43649711985e-09	4.51308537208e-08
1.45423165219e-09	4.48258923313e-08
1.47196618454e-09	4.48941497311e-08
1.48970071688e-09	4.49876562669e-08
1.50743524922e-09	4.43271428452e-08
1.52516978157e-09	4.39406449004e-08
1.54290431391e-09	4.34215694511e-08
1.56063884625e-09	4.29276898473e-08
1.5783733786e-09	4.32578053378e-08
1.59610791094e-09	4.24495656404e-08
1.61384244329e-09	4.24618242789e-08
1.63157697563e-09	4.2217249252e-08
1.64931150797e-09	4.16438190598e-08
1.66704604032e-09	4.13072687167e-08
1.68478057266e-09	4.18972607719e-08
1.70251510501e-09	4.15471328452e-08
1.72024963735e-09	4.29923350254e-08
1.73798416969e-09	4.25222932421e-08
1.75571870204e-09	4.30602629109e-08
1.77345323438e-09	4.35492033546e-08
1.79118776672e-09	4.38339577968e-08
1.80892229907e-09	4.38213385578e-08
1.82665683141e-09	4.41926717443e-08
1.84439136376e-09	4.41094467618e-08
1.8621258961e-09	4.49697310501e-08
1.87986042844e-09	4.48855219659e-08
1.89759496079e-09	4.42203926809e-08
1.91532949313e-09	4.42374687992e-08
1.93306402547e-09	4.39262768381e-08
1.95079855782e-09	4.33714895109e-08
1.96853309016e-09	4.41416467822e-08
1.98626762251e-09	4.38848264395e-08
2.00400215485e-09	4.40062990492e-08
2.02173668719e-09	4.40649232658e-08
2.03947121954e-09	4.39876712832e-08
2.05720575188e-09	4.42866907591e-08
2.07494028423e-09	4.42990426563e-08
2.09267481657e-09	4.40634595478e-08
2.11040934891e-09	4.42590248895e-08
2.12814388126e-09	4.55484556738e-08
2.1458784136e-09	4.53819897217e-08
2.16361294594e-09	4.5360780021e-08
2.18134747829e-09	4.53998483252e-08
2.19908201063e-09	4.54224116098e-08
2.21681654298e-09	4.55626540941e-08
2.23455107532e-09	4.58464226583e-08
