% time-domain voltage integration by openEMS v0.0.36 @Tue Jan 20 11:37:12 2026
% start-coordinates: (0.00803571,0,-0) m -> [74,16,4]
% stop-coordinates: (0.00803571,0,0.0005) m -> [74,16,8]
% t/s	voltage
0	0
1.77345323438e-11	0
3.54690646876e-11	0
5.32035970314e-11	0
7.09381293752e-11	0
8.8672661719e-11	0
1.06407194063e-10	5.2715283324e-28
1.24141726407e-10	5.51660997971e-21
1.4187625875e-10	1.32039773334e-15
1.59610791094e-10	1.24496881988e-11
1.77345323438e-10	5.38717337406e-09
1.95079855782e-10	7.41659942349e-08
2.12814388126e-10	8.37673201914e-08
2.30548920469e-10	3.66355532577e-08
2.48283452813e-10	-2.04433781903e-07
2.66017985157e-10	-8.27614442755e-07
2.83752517501e-10	-2.09277104091e-06
3.01487049845e-10	-4.17737931002e-06
3.19221582189e-10	-6.88666784754e-06
3.36956114532e-10	-9.24281016523e-06
3.54690646876e-10	-9.14777365324e-06
3.7242517922e-10	-3.31754824856e-06
3.90159711564e-10	1.19578685371e-05
4.07894243908e-10	3.91084859075e-05
4.25628776251e-10	7.69091948314e-05
4.43363308595e-10	0.000118353906146
4.61097840939e-10	0.000150251584273
4.78832373283e-10	0.000155810907017
4.96566905627e-10	0.000120331260405
5.1430143797e-10	3.83562355637e-05
5.32035970314e-10	-8.09056055004e-05
5.49770502658e-10	-0.000213166040339
5.67505035002e-10	-0.000325149288983
5.85239567346e-10	-0.000385578990972
6.02974099689e-10	-0.000376690666599
6.20708632033e-10	-0.000301102285448
6.38443164377e-10	-0.000180788141734
6.56177696721e-10	-4.87025827169e-05
6.73912229065e-10	6.31250823062e-05
6.91646761408e-10	0.000133739555167
7.09381293752e-10	0.00015781923139
7.27115826096e-10	0.000143800054502
7.4485035844e-10	0.000107672356535
7.62584890784e-10	6.58858989482e-05
7.80319423127e-10	3.02915987049e-05
7.98053955471e-10	6.33062836641e-06
8.15788487815e-10	-5.97327266405e-06
8.33523020159e-10	-9.68632753029e-06
8.51257552503e-10	-8.62005413182e-06
8.68992084846e-10	-5.85175087053e-06
8.8672661719e-10	-3.19690900596e-06
9.04461149534e-10	-1.36254087124e-06
9.22195681878e-10	-3.72960492712e-07
9.39930214222e-10	2.89756805216e-08
9.57664746566e-10	1.19034361035e-07
9.75399278909e-10	8.94549145869e-08
9.93133811253e-10	4.07324085572e-08
1.0108683436e-09	2.13063886534e-08
1.02860287594e-09	2.68198836473e-08
1.04633740828e-09	3.19112971603e-08
1.06407194063e-09	3.72752255728e-08
1.08180647297e-09	4.09215363817e-08
1.09954100532e-09	4.15426262279e-08
1.11727553766e-09	4.14776160085e-08
1.13501007e-09	4.12478637912e-08
1.15274460235e-09	4.12858716103e-08
1.17047913469e-09	4.26900887973e-08
1.18821366703e-09	4.24816972711e-08
1.20594819938e-09	4.39891705284e-08
1.22368273172e-09	4.34754134915e-08
1.24141726407e-09	4.28698898602e-08
1.25915179641e-09	4.30212967473e-08
1.27688632875e-09	4.30706963428e-08
1.2946208611e-09	4.20373789112e-08
1.31235539344e-09	4.2331977923e-08
1.33008992579e-09	4.13870386851e-08
1.34782445813e-09	4.21225401226e-08
1.36555899047e-09	4.22957286972e-08
1.38329352282e-09	4.28918198736e-08
1.40102805516e-09	4.34463922616e-08
1.4187625875e-09	4.3823982665e-08
1.43649711985e-09	4.41385079597e-08
1.45423165219e-09	4.45806884741e-08
1.47196618454e-09	4.44414913758e-08
1.48970071688e-09	4.51300445903e-08
1.50743524922e-09	4.52208768209e-08
1.52516978157e-09	4.41827632258e-08
1.54290431391e-09	4.51197577078e-08
1.56063884625e-09	4.4940240862e-08
1.5783733786e-09	4.54021513718e-08
1.59610791094e-09	4.56288686834e-08
1.61384244329e-09	4.51038646432e-08
1.63157697563e-09	4.541427856e-08
1.64931150797e-09	4.64948000101e-08
1.66704604032e-09	4.54248230142e-08
1.68478057266e-09	4.52335111589e-08
1.70251510501e-09	4.52910740023e-08
1.72024963735e-09	4.50420154507e-08
1.73798416969e-09	4.55783686348e-08
1.75571870204e-09	4.54416699824e-08
1.77345323438e-09	4.43540617567e-08
1.79118776672e-09	4.52321948785e-08
1.80892229907e-09	4.45601990862e-08
1.82665683141e-09	4.39164224986e-08
1.84439136376e-09	4.43782655069e-08
1.8621258961e-09	4.42712417836e-08
1.87986042844e-09	4.35891704953e-08
1.89759496079e-09	4.43014194218e-08
1.91532949313e-09	4.37237881457e-08
1.93306402547e-09	4.37363150141e-08
1.95079855782e-09	4.38578933171e-08
1.96853309016e-09	4.26298321088e-08
1.98626762251e-09	4.32709761355e-08
2.00400215485e-09	4.43114691606e-08
2.02173668719e-09	4.33544231626e-08
2.03947121954e-09	4.32514335458e-08
2.05720575188e-09	4.33506626152e-08
2.07494028423e-09	4.29557989179e-08
2.09267481657e-09	4.34046105724e-08
2.11040934891e-09	4.2752198226e-08
2.12814388126e-09	4.24506447771e-08
2.1458784136e-09	4.31886304497e-08
2.16361294594e-09	4.29500852661e-08
2.18134747829e-09	4.2685129209e-08
2.19908201063e-09	4.29226085785e-08
2.21681654298e-09	4.25876303112e-08
2.23455107532e-09	4.28416147003e-08
