% time-domain voltage integration by openEMS v0.0.36 @Tue Jan 20 11:37:12 2026
% start-coordinates: (-0.00892857,0,-0) m -> [36,16,4]
% stop-coordinates: (-0.00892857,0,-0.0005) m -> [36,16,0]
% t/s	voltage
0	0
1.77345323438e-11	0
3.54690646876e-11	4.80439666806e-21
5.32035970314e-11	4.76767984901e-13
7.09381293752e-11	6.1407217089e-09
8.8672661719e-11	6.70658293345e-08
1.06407194063e-10	7.32168317086e-08
1.24141726407e-10	2.3717465325e-08
1.4187625875e-10	-2.44990026488e-07
1.59610791094e-10	-9.27326027522e-07
1.77345323438e-10	-2.2724690325e-06
1.95079855782e-10	-4.4395490022e-06
2.12814388126e-10	-7.18006947409e-06
2.30548920469e-10	-9.41484768191e-06
2.48283452813e-10	-8.89697696493e-06
2.66017985157e-10	-2.24753898692e-06
2.83752517501e-10	1.42097883327e-05
3.01487049845e-10	4.26460037488e-05
3.19221582189e-10	8.13096958154e-05
3.36956114532e-10	0.000122508261484
3.54690646876e-10	0.000152473934577
3.7242517922e-10	0.000154302691953
3.90159711564e-10	0.000113927520943
4.07894243908e-10	2.7254825909e-05
4.25628776251e-10	-9.48093875195e-05
4.43363308595e-10	-0.000226615287829
4.61097840939e-10	-0.000334519529133
4.78832373283e-10	-0.0003881862649
4.96566905627e-10	-0.000371809990611
5.1430143797e-10	-0.000290247997327
5.32035970314e-10	-0.000167121197592
5.49770502658e-10	-3.58086099368e-05
5.67505035002e-10	7.24729543435e-05
5.85239567346e-10	0.000138345696541
6.02974099689e-10	0.000158109298354
6.20708632033e-10	0.000141267391882
6.38443164377e-10	0.00010408838898
6.56177696721e-10	6.26485343673e-05
6.73912229065e-10	2.81174066004e-05
6.91646761408e-10	5.31037255769e-06
7.09381293752e-10	-6.13650934156e-06
7.27115826096e-10	-9.39390611165e-06
7.4485035844e-10	-8.20715376904e-06
7.62584890784e-10	-5.52855681235e-06
7.80319423127e-10	-3.07678737954e-06
7.98053955471e-10	-1.50110014374e-06
8.15788487815e-10	-7.94555091943e-07
8.33523020159e-10	-6.62008105223e-07
8.51257552503e-10	-7.73852306679e-07
8.68992084846e-10	-8.81643643424e-07
8.8672661719e-10	-8.57671693666e-07
9.04461149534e-10	-6.58850908053e-07
9.22195681878e-10	-3.52497778522e-07
9.39930214222e-10	-3.09636152274e-08
9.57664746566e-10	2.3160242435e-07
9.75399278909e-10	3.87684039538e-07
9.93133811253e-10	4.29953750825e-07
1.0108683436e-09	3.852616004e-07
1.02860287594e-09	2.91532288088e-07
1.04633740828e-09	1.90723671523e-07
1.06407194063e-09	1.07545192307e-07
1.08180647297e-09	5.25274064245e-08
1.09954100532e-09	2.61951123015e-08
1.11727553766e-09	2.02932524118e-08
1.13501007e-09	2.24566654161e-08
1.15274460235e-09	2.98279223543e-08
1.17047913469e-09	3.53943914178e-08
1.18821366703e-09	4.00944646373e-08
1.20594819938e-09	4.34975264696e-08
1.22368273172e-09	4.37670921727e-08
1.24141726407e-09	4.39637490857e-08
1.25915179641e-09	4.46926149422e-08
1.27688632875e-09	4.36892984013e-08
1.2946208611e-09	4.43357990321e-08
1.31235539344e-09	4.50416619557e-08
1.33008992579e-09	4.46612640204e-08
1.34782445813e-09	4.46405330479e-08
1.36555899047e-09	4.52121247108e-08
1.38329352282e-09	4.46256596121e-08
1.40102805516e-09	4.46632588691e-08
1.4187625875e-09	4.40339480434e-08
1.43649711985e-09	4.43501058101e-08
1.45423165219e-09	4.52550334984e-08
1.47196618454e-09	4.57128468412e-08
1.48970071688e-09	4.44703260882e-08
1.50743524922e-09	4.48974466494e-08
1.52516978157e-09	4.50164359123e-08
1.54290431391e-09	4.46810375365e-08
1.56063884625e-09	4.54086990231e-08
1.5783733786e-09	4.53282131829e-08
1.59610791094e-09	4.4348587025e-08
1.61384244329e-09	4.61017970466e-08
1.63157697563e-09	4.51122348366e-08
1.64931150797e-09	4.50692860809e-08
1.66704604032e-09	4.52263000383e-08
1.68478057266e-09	4.49531682989e-08
1.70251510501e-09	4.57768001283e-08
1.72024963735e-09	4.56471784815e-08
1.73798416969e-09	4.42727436933e-08
1.75571870204e-09	4.52909594273e-08
1.77345323438e-09	4.45415846428e-08
1.79118776672e-09	4.46593642067e-08
1.80892229907e-09	4.49544170777e-08
1.82665683141e-09	4.4558913892e-08
1.84439136376e-09	4.49315962214e-08
1.8621258961e-09	4.44839072244e-08
1.87986042844e-09	4.40077743136e-08
1.89759496079e-09	4.45843619801e-08
1.91532949313e-09	4.37288063537e-08
1.93306402547e-09	4.44083569917e-08
1.95079855782e-09	4.44153371859e-08
1.96853309016e-09	4.3691557039e-08
1.98626762251e-09	4.42740155648e-08
2.00400215485e-09	4.34397033899e-08
2.02173668719e-09	4.36095692891e-08
2.03947121954e-09	4.43842491649e-08
2.05720575188e-09	4.3400108396e-08
2.07494028423e-09	4.45424710449e-08
2.09267481657e-09	4.38830323191e-08
2.11040934891e-09	4.29383977263e-08
2.12814388126e-09	4.42904273257e-08
2.1458784136e-09	4.34931175519e-08
2.16361294594e-09	4.35023146395e-08
2.18134747829e-09	4.50857511325e-08
2.19908201063e-09	4.39410445807e-08
2.21681654298e-09	4.45437988716e-08
2.23455107532e-09	4.41185514788e-08
