% time-domain voltage integration by openEMS v0.0.36 @Tue Jan 20 11:37:12 2026
% start-coordinates: (-0.00892857,0,-0) m -> [36,16,4]
% stop-coordinates: (-0.00892857,0,0.0005) m -> [36,16,8]
% t/s	voltage
0	0
1.77345323438e-11	0
3.54690646876e-11	4.80439687001e-21
5.32035970314e-11	4.76767984901e-13
7.09381293752e-11	6.14072193095e-09
8.8672661719e-11	6.70658302226e-08
1.06407194063e-10	7.32168405904e-08
1.24141726407e-10	2.37174608841e-08
1.4187625875e-10	-2.44990051357e-07
1.59610791094e-10	-9.27326055944e-07
1.77345323438e-10	-2.27246897566e-06
1.95079855782e-10	-4.43954888851e-06
2.12814388126e-10	-7.18007004252e-06
2.30548920469e-10	-9.41484881878e-06
2.48283452813e-10	-8.89697525963e-06
2.66017985157e-10	-2.24753793532e-06
2.83752517501e-10	1.42097853768e-05
3.01487049845e-10	4.26460010203e-05
3.19221582189e-10	8.13096921775e-05
3.36956114532e-10	0.000122508277855
3.54690646876e-10	0.000152473952767
3.7242517922e-10	0.000154302721057
3.90159711564e-10	0.00011392756096
4.07894243908e-10	2.72548268185e-05
4.25628776251e-10	-9.48094293562e-05
4.43363308595e-10	-0.000226615338761
4.61097840939e-10	-0.000334519543685
4.78832373283e-10	-0.000388186279451
4.96566905627e-10	-0.000371810005163
5.1430143797e-10	-0.000290247953671
5.32035970314e-10	-0.00016712121942
5.49770502658e-10	-3.58086194865e-05
5.67505035002e-10	7.24729779904e-05
5.85239567346e-10	0.000138345651067
6.02974099689e-10	0.000158109211043
6.20708632033e-10	0.00014126732458
6.38443164377e-10	0.000104088319858
6.56177696721e-10	6.26485070825e-05
6.73912229065e-10	2.8117417969e-05
6.91646761408e-10	5.31033629159e-06
7.09381293752e-10	-6.13657482518e-06
7.27115826096e-10	-9.39388019106e-06
7.4485035844e-10	-8.20712443783e-06
7.62584890784e-10	-5.5286047882e-06
7.80319423127e-10	-3.07668847199e-06
7.98053955471e-10	-1.50095172557e-06
8.15788487815e-10	-7.94596672904e-07
8.33523020159e-10	-6.62076516278e-07
8.51257552503e-10	-7.73739770921e-07
8.68992084846e-10	-8.81526986518e-07
8.8672661719e-10	-8.57534473653e-07
9.04461149534e-10	-6.58647550722e-07
9.22195681878e-10	-3.52420400418e-07
9.39930214222e-10	-3.1035889414e-08
9.57664746566e-10	2.31575885579e-07
9.75399278909e-10	3.87731866169e-07
9.93133811253e-10	4.29972786264e-07
1.0108683436e-09	3.85262453051e-07
1.02860287594e-09	2.91599278057e-07
1.04633740828e-09	1.90784536613e-07
1.06407194063e-09	1.07547590389e-07
1.08180647297e-09	5.25880077262e-08
1.09954100532e-09	2.62718380384e-08
1.11727553766e-09	2.02770444879e-08
1.13501007e-09	2.24359770762e-08
1.15274460235e-09	2.98775795216e-08
1.17047913469e-09	3.54895046684e-08
1.18821366703e-09	4.01538651218e-08
1.20594819938e-09	4.35026317192e-08
1.22368273172e-09	4.37951213073e-08
1.24141726407e-09	4.39643894623e-08
1.25915179641e-09	4.47116113023e-08
1.27688632875e-09	4.37565113032e-08
1.2946208611e-09	4.43477761181e-08
1.31235539344e-09	4.50404975538e-08
1.33008992579e-09	4.47581864904e-08
1.34782445813e-09	4.47248638125e-08
1.36555899047e-09	4.53048452087e-08
1.38329352282e-09	4.47284902449e-08
1.40102805516e-09	4.46693011469e-08
1.4187625875e-09	4.40954064373e-08
1.43649711985e-09	4.44320615856e-08
1.45423165219e-09	4.51863275686e-08
1.47196618454e-09	4.56800988147e-08
1.48970071688e-09	4.45332313248e-08
1.50743524922e-09	4.48648993512e-08
1.52516978157e-09	4.4968341939e-08
1.54290431391e-09	4.4667674004e-08
1.56063884625e-09	4.53103039533e-08
1.5783733786e-09	4.53000836842e-08
1.59610791094e-09	4.43944090378e-08
1.61384244329e-09	4.60791103052e-08
1.63157697563e-09	4.51076793695e-08
1.64931150797e-09	4.51047226235e-08
1.66704604032e-09	4.51745902907e-08
1.68478057266e-09	4.48879413639e-08
1.70251510501e-09	4.57665336739e-08
1.72024963735e-09	4.56529161141e-08
1.73798416969e-09	4.42627010599e-08
1.75571870204e-09	4.52973987208e-08
1.77345323438e-09	4.4619859807e-08
1.79118776672e-09	4.47151737859e-08
1.80892229907e-09	4.48973676015e-08
1.82665683141e-09	4.45056480558e-08
1.84439136376e-09	4.49068062736e-08
1.8621258961e-09	4.4442686864e-08
1.87986042844e-09	4.39972867028e-08
1.89759496079e-09	4.45720553799e-08
1.91532949313e-09	4.37617737603e-08
1.93306402547e-09	4.45444934272e-08
1.95079855782e-09	4.4555792833e-08
1.96853309016e-09	4.38181935181e-08
1.98626762251e-09	4.44025749502e-08
2.00400215485e-09	4.34940217175e-08
2.02173668719e-09	4.36540767978e-08
2.03947121954e-09	4.43917409498e-08
2.05720575188e-09	4.333799275e-08
2.07494028423e-09	4.45711068053e-08
2.09267481657e-09	4.39928538043e-08
2.11040934891e-09	4.29720365958e-08
2.12814388126e-09	4.4304671043e-08
2.1458784136e-09	4.35245359753e-08
2.16361294594e-09	4.35291731549e-08
2.18134747829e-09	4.51106760835e-08
2.19908201063e-09	4.39381375728e-08
2.21681654298e-09	4.45247856362e-08
2.23455107532e-09	4.41381242666e-08
