0	0.00012334
9.62917e-13	0.000125257
1.92583e-12	0.000127187
2.88875e-12	0.000129131
3.85167e-12	0.000131088
4.81458e-12	0.000133059
5.7775e-12	0.000135042
6.74042e-12	0.000137038
7.70333e-12	0.000139046
8.66625e-12	0.000141065
9.62917e-12	0.000143096
1.05921e-11	0.000145138
1.1555e-11	0.000147191
1.25179e-11	0.000149254
1.34808e-11	0.000151327
1.44437e-11	0.000153409
1.54067e-11	0.0001555
1.63696e-11	0.0001576
1.73325e-11	0.000159707
1.82954e-11	0.000161822
1.92583e-11	0.000163945
2.02212e-11	0.000166073
2.11842e-11	0.000168208
2.21471e-11	0.000170348
2.311e-11	0.000172493
2.40729e-11	0.000174642
2.50358e-11	0.000176795
2.59987e-11	0.00017895
2.69617e-11	0.000181108
2.79246e-11	0.000183268
2.88875e-11	0.000185429
2.98504e-11	0.00018759
3.08133e-11	0.00018975
3.17762e-11	0.00019191
3.27392e-11	0.000194067
3.37021e-11	0.000196221
3.4665e-11	0.000198372
3.56279e-11	0.000200519
3.65908e-11	0.00020266
3.75537e-11	0.000204795
3.85167e-11	0.000206923
3.94796e-11	0.000209044
4.04425e-11	0.000211155
4.14054e-11	0.000213257
4.23683e-11	0.000215347
4.33312e-11	0.000217426
4.42942e-11	0.000219492
4.52571e-11	0.000221544
4.622e-11	0.000223581
4.71829e-11	0.000225602
4.81458e-11	0.000227606
4.91087e-11	0.000229591
5.00717e-11	0.000231557
5.10346e-11	0.000233502
5.19975e-11	0.000235425
5.29604e-11	0.000237325
5.39233e-11	0.0002392
5.48862e-11	0.000241049
5.58492e-11	0.000242871
5.68121e-11	0.000244665
5.7775e-11	0.000246428
5.87379e-11	0.000248161
5.97008e-11	0.00024986
6.06637e-11	0.000251525
6.16267e-11	0.000253154
6.25896e-11	0.000254746
6.35525e-11	0.000256299
6.45154e-11	0.000257812
6.54783e-11	0.000259282
6.64412e-11	0.000260709
6.74042e-11	0.00026209
6.83671e-11	0.000263424
6.933e-11	0.000264709
7.02929e-11	0.000265943
7.12558e-11	0.000267125
7.22187e-11	0.000268252
7.31817e-11	0.000269324
7.41446e-11	0.000270337
7.51075e-11	0.00027129
7.60704e-11	0.000272182
7.70333e-11	0.000273009
7.79962e-11	0.00027377
7.89592e-11	0.000274464
7.99221e-11	0.000275087
8.0885e-11	0.000275637
8.18479e-11	0.000276114
8.28108e-11	0.000276514
8.37737e-11	0.000276835
8.47367e-11	0.000277075
8.56996e-11	0.000277231
8.66625e-11	0.000277302
8.76254e-11	0.000277285
8.85883e-11	0.000277177
8.95512e-11	0.000276976
9.05142e-11	0.00027668
9.14771e-11	0.000276286
9.244e-11	0.000275792
9.34029e-11	0.000275195
9.43658e-11	0.000274493
9.53287e-11	0.000273682
9.62917e-11	0.000272761
9.72546e-11	0.000271726
9.82175e-11	0.000270574
9.91804e-11	0.000269304
1.00143e-10	0.000267912
1.01106e-10	0.000266396
1.02069e-10	0.000264751
1.03032e-10	0.000262977
1.03995e-10	0.000261069
1.04958e-10	0.000259025
1.05921e-10	0.000256842
1.06884e-10	0.000254516
1.07847e-10	0.000252044
1.0881e-10	0.000249425
1.09772e-10	0.000246653
1.10735e-10	0.000243727
1.11698e-10	0.000240643
1.12661e-10	0.000237397
1.13624e-10	0.000233987
1.14587e-10	0.000230409
1.1555e-10	0.00022666
1.16513e-10	0.000222737
1.17476e-10	0.000218635
1.18439e-10	0.000214352
1.19402e-10	0.000209884
1.20365e-10	0.000205228
1.21327e-10	0.00020038
1.2229e-10	0.000195336
1.23253e-10	0.000190094
1.24216e-10	0.000184649
1.25179e-10	0.000178997
1.26142e-10	0.000173136
1.27105e-10	0.000167061
1.28068e-10	0.000160769
1.29031e-10	0.000154255
1.29994e-10	0.000147517
1.30957e-10	0.00014055
1.3192e-10	0.000133351
1.32882e-10	0.000125915
1.33845e-10	0.000118238
1.34808e-10	0.000110318
1.35771e-10	0.000102149
1.36734e-10	9.37288e-05
1.37697e-10	8.50521e-05
1.3866e-10	7.61153e-05
1.39623e-10	6.69145e-05
1.40586e-10	5.74455e-05
1.41549e-10	4.77044e-05
1.42512e-10	3.7687e-05
1.43475e-10	2.73892e-05
1.44437e-10	1.6807e-05
1.454e-10	5.93612e-06
1.46363e-10	-5.22748e-06
1.47326e-10	-1.6688e-05
1.48289e-10	-2.84496e-05
1.49252e-10	-4.05165e-05
1.50215e-10	-5.28928e-05
1.51178e-10	-6.55828e-05
1.52141e-10	-7.85908e-05
1.53104e-10	-9.19209e-05
1.54067e-10	-0.000105577
1.5503e-10	-0.000119564
1.55992e-10	-0.000133886
1.56955e-10	-0.000148547
1.57918e-10	-0.000163552
1.58881e-10	-0.000178904
1.59844e-10	-0.000194608
1.60807e-10	-0.000210668
1.6177e-10	-0.000227088
1.62733e-10	-0.000243873
1.63696e-10	-0.000261028
1.64659e-10	-0.000278555
1.65622e-10	-0.000296459
1.66585e-10	-0.000314746
1.67547e-10	-0.000333418
1.6851e-10	-0.00035248
1.69473e-10	-0.000371936
1.70436e-10	-0.000391791
1.71399e-10	-0.000412049
1.72362e-10	-0.000432713
1.73325e-10	-0.000453788
1.74288e-10	-0.000475278
1.75251e-10	-0.000497187
1.76214e-10	-0.00051952
1.77177e-10	-0.000542279
1.7814e-10	-0.00056547
1.79102e-10	-0.000589096
1.80065e-10	-0.000613161
1.81028e-10	-0.000637669
1.81991e-10	-0.000662624
1.82954e-10	-0.00068803
1.83917e-10	-0.00071389
1.8488e-10	-0.000740209
1.85843e-10	-0.000766989
1.86806e-10	-0.000794236
1.87769e-10	-0.000821951
1.88732e-10	-0.00085014
1.89695e-10	-0.000878805
1.90657e-10	-0.000907951
1.9162e-10	-0.000937579
1.92583e-10	-0.000967694
1.93546e-10	-0.0009983
1.94509e-10	-0.0010294
1.95472e-10	-0.00106099
1.96435e-10	-0.00109309
1.97398e-10	-0.00112569
1.98361e-10	-0.00115879
1.99324e-10	-0.0011924
2.00287e-10	-0.00122652
2.0125e-10	-0.00126116
2.02212e-10	-0.00129631
2.03175e-10	-0.00133199
2.04138e-10	-0.00136818
2.05101e-10	-0.0014049
2.06064e-10	-0.00144214
2.07027e-10	-0.00147992
2.0799e-10	-0.00151822
2.08953e-10	-0.00155706
2.09916e-10	-0.00159643
2.10879e-10	-0.00163634
2.11842e-10	-0.00167679
2.12805e-10	-0.00171778
2.13767e-10	-0.0017593
2.1473e-10	-0.00180137
2.15693e-10	-0.00184399
2.16656e-10	-0.00188715
2.17619e-10	-0.00193085
2.18582e-10	-0.00197511
2.19545e-10	-0.00201991
2.20508e-10	-0.00206526
2.21471e-10	-0.00211115
2.22434e-10	-0.0021576
2.23397e-10	-0.00220459
2.2436e-10	-0.00225214
2.25322e-10	-0.00230023
2.26285e-10	-0.00234887
2.27248e-10	-0.00239806
2.28211e-10	-0.0024478
2.29174e-10	-0.00249809
2.30137e-10	-0.00254892
2.311e-10	-0.00260029
2.32063e-10	-0.00265221
2.33026e-10	-0.00270467
2.33989e-10	-0.00275767
2.34952e-10	-0.00281121
2.35915e-10	-0.00286529
2.36877e-10	-0.0029199
2.3784e-10	-0.00297505
2.38803e-10	-0.00303072
2.39766e-10	-0.00308692
2.40729e-10	-0.00314364
2.41692e-10	-0.00320089
2.42655e-10	-0.00325865
2.43618e-10	-0.00331692
2.44581e-10	-0.00337571
2.45544e-10	-0.003435
2.46507e-10	-0.00349479
2.4747e-10	-0.00355508
2.48432e-10	-0.00361586
2.49395e-10	-0.00367713
2.50358e-10	-0.00373888
2.51321e-10	-0.0038011
2.52284e-10	-0.0038638
2.53247e-10	-0.00392696
2.5421e-10	-0.00399058
2.55173e-10	-0.00405465
2.56136e-10	-0.00411917
2.57099e-10	-0.00418412
2.58062e-10	-0.00424951
2.59025e-10	-0.00431532
2.59987e-10	-0.00438155
2.6095e-10	-0.00444818
2.61913e-10	-0.00451521
2.62876e-10	-0.00458264
2.63839e-10	-0.00465044
2.64802e-10	-0.00471862
2.65765e-10	-0.00478716
2.66728e-10	-0.00485605
2.67691e-10	-0.00492529
2.68654e-10	-0.00499485
2.69617e-10	-0.00506474
2.7058e-10	-0.00513495
2.71542e-10	-0.00520545
2.72505e-10	-0.00527623
2.73468e-10	-0.0053473
2.74431e-10	-0.00541862
2.75394e-10	-0.0054902
2.76357e-10	-0.00556201
2.7732e-10	-0.00563405
2.78283e-10	-0.0057063
2.79246e-10	-0.00577875
2.80209e-10	-0.00585138
2.81172e-10	-0.00592417
2.82135e-10	-0.00599712
2.83097e-10	-0.0060702
2.8406e-10	-0.00614341
2.85023e-10	-0.00621672
2.85986e-10	-0.00629012
2.86949e-10	-0.00636359
2.87912e-10	-0.00643712
2.88875e-10	-0.00651068
2.89838e-10	-0.00658426
2.90801e-10	-0.00665784
2.91764e-10	-0.0067314
2.92727e-10	-0.00680493
2.9369e-10	-0.0068784
2.94652e-10	-0.00695179
2.95615e-10	-0.00702508
2.96578e-10	-0.00709826
2.97541e-10	-0.0071713
2.98504e-10	-0.00724417
2.99467e-10	-0.00731687
3.0043e-10	-0.00738936
3.01393e-10	-0.00746162
3.02356e-10	-0.00753364
3.03319e-10	-0.00760538
3.04282e-10	-0.00767682
3.05245e-10	-0.00774794
3.06207e-10	-0.00781872
3.0717e-10	-0.00788912
3.08133e-10	-0.00795913
3.09096e-10	-0.00802871
3.10059e-10	-0.00809784
3.11022e-10	-0.0081665
3.11985e-10	-0.00823465
3.12948e-10	-0.00830228
3.13911e-10	-0.00836934
3.14874e-10	-0.00843582
3.15837e-10	-0.00850168
3.168e-10	-0.00856689
3.17762e-10	-0.00863143
3.18725e-10	-0.00869527
3.19688e-10	-0.00875837
3.20651e-10	-0.0088207
3.21614e-10	-0.00888223
3.22577e-10	-0.00894294
3.2354e-10	-0.00900278
3.24503e-10	-0.00906172
3.25466e-10	-0.00911974
3.26429e-10	-0.0091768
3.27392e-10	-0.00923286
3.28355e-10	-0.00928789
3.29317e-10	-0.00934186
3.3028e-10	-0.00939473
3.31243e-10	-0.00944646
3.32206e-10	-0.00949702
3.33169e-10	-0.00954638
3.34132e-10	-0.00959449
3.35095e-10	-0.00964131
3.36058e-10	-0.00968682
3.37021e-10	-0.00973097
3.37984e-10	-0.00977373
3.38947e-10	-0.00981505
3.3991e-10	-0.00985489
3.40872e-10	-0.00989322
3.41835e-10	-0.00993
3.42798e-10	-0.00996519
3.43761e-10	-0.00999874
3.44724e-10	-0.0100306
3.45687e-10	-0.0100608
3.4665e-10	-0.0100892
3.47613e-10	-0.0101158
3.48576e-10	-0.0101405
3.49539e-10	-0.0101634
3.50502e-10	-0.0101843
3.51465e-10	-0.0102033
3.52427e-10	-0.0102202
3.5339e-10	-0.0102351
3.54353e-10	-0.0102478
3.55316e-10	-0.0102585
3.56279e-10	-0.0102669
3.57242e-10	-0.010273
3.58205e-10	-0.0102769
3.59168e-10	-0.0102785
3.60131e-10	-0.0102776
3.61094e-10	-0.0102743
3.62057e-10	-0.0102686
3.6302e-10	-0.0102603
3.63982e-10	-0.0102495
3.64945e-10	-0.010236
3.65908e-10	-0.0102198
3.66871e-10	-0.010201
3.67834e-10	-0.0101793
3.68797e-10	-0.0101549
3.6976e-10	-0.0101276
3.70723e-10	-0.0100973
3.71686e-10	-0.0100641
3.72649e-10	-0.0100279
3.73612e-10	-0.00998865
3.74575e-10	-0.00994626
3.75537e-10	-0.00990069
3.765e-10	-0.0098519
3.77463e-10	-0.00979985
3.78426e-10	-0.00974447
3.79389e-10	-0.00968573
3.80352e-10	-0.00962355
3.81315e-10	-0.00955791
3.82278e-10	-0.00948873
3.83241e-10	-0.00941598
3.84204e-10	-0.0093396
3.85167e-10	-0.00925953
3.8613e-10	-0.00917573
3.87092e-10	-0.00908815
3.88055e-10	-0.00899672
3.89018e-10	-0.0089014
3.89981e-10	-0.00880214
3.90944e-10	-0.00869889
3.91907e-10	-0.00859158
3.9287e-10	-0.00848018
3.93833e-10	-0.00836463
3.94796e-10	-0.00824487
3.95759e-10	-0.00812085
3.96722e-10	-0.00799253
3.97685e-10	-0.00785984
3.98647e-10	-0.00772275
3.9961e-10	-0.00758119
4.00573e-10	-0.00743512
4.01536e-10	-0.00728448
4.02499e-10	-0.00712922
4.03462e-10	-0.00696929
4.04425e-10	-0.00680464
4.05388e-10	-0.00663522
4.06351e-10	-0.00646099
4.07314e-10	-0.00628188
4.08277e-10	-0.00609784
4.0924e-10	-0.00590884
4.10202e-10	-0.00571482
4.11165e-10	-0.00551573
4.12128e-10	-0.00531152
4.13091e-10	-0.00510214
4.14054e-10	-0.00488755
4.15017e-10	-0.00466769
4.1598e-10	-0.00444252
4.16943e-10	-0.004212
4.17906e-10	-0.00397608
4.18869e-10	-0.0037347
4.19832e-10	-0.00348783
4.20795e-10	-0.00323542
4.21757e-10	-0.00297742
4.2272e-10	-0.00271379
4.23683e-10	-0.00244449
4.24646e-10	-0.00216948
4.25609e-10	-0.0018887
4.26572e-10	-0.00160213
4.27535e-10	-0.00130971
4.28498e-10	-0.00101141
4.29461e-10	-0.00070719
4.30424e-10	-0.000397007
4.31387e-10	-8.08242e-05
4.3235e-10	0.000241397
4.33312e-10	0.000569694
4.34275e-10	0.000904102
4.35238e-10	0.00124466
4.36201e-10	0.0015914
4.37164e-10	0.00194435
4.38127e-10	0.00230355
4.3909e-10	0.00266904
4.40053e-10	0.00304083
4.41016e-10	0.00341898
4.41979e-10	0.00380349
4.42942e-10	0.00419441
4.43905e-10	0.00459175
4.44867e-10	0.00499555
4.4583e-10	0.00540584
4.46793e-10	0.00582263
4.47756e-10	0.00624595
4.48719e-10	0.00667582
4.49682e-10	0.00711226
4.50645e-10	0.0075553
4.51608e-10	0.00800495
4.52571e-10	0.00846124
4.53534e-10	0.00892417
4.54497e-10	0.00939376
4.5546e-10	0.00987003
4.56422e-10	0.010353
4.57385e-10	0.0108427
4.58348e-10	0.011339
4.59311e-10	0.0118421
4.60274e-10	0.012352
4.61237e-10	0.0128685
4.622e-10	0.0133918
4.63163e-10	0.0139219
4.64126e-10	0.0144587
4.65089e-10	0.0150022
4.66052e-10	0.0155525
4.67015e-10	0.0161095
4.67977e-10	0.0166733
4.6894e-10	0.0172438
4.69903e-10	0.017821
4.70866e-10	0.0184049
4.71829e-10	0.0189956
4.72792e-10	0.0195929
4.73755e-10	0.020197
4.74718e-10	0.0208077
4.75681e-10	0.021425
4.76644e-10	0.022049
4.77607e-10	0.0226796
4.7857e-10	0.0233167
4.79532e-10	0.0239605
4.80495e-10	0.0246107
4.81458e-10	0.0252675
4.82421e-10	0.0259308
4.83384e-10	0.0266005
4.84347e-10	0.0272766
4.8531e-10	0.0279591
4.86273e-10	0.028648
4.87236e-10	0.0293431
4.88199e-10	0.0300445
4.89162e-10	0.0307522
4.90125e-10	0.031466
4.91087e-10	0.0321859
4.9205e-10	0.0329119
4.93013e-10	0.0336439
4.93976e-10	0.0343819
4.94939e-10	0.0351259
4.95902e-10	0.0358756
4.96865e-10	0.0366312
4.97828e-10	0.0373925
4.98791e-10	0.0381595
4.99754e-10	0.0389321
5.00717e-10	0.0397102
5.0168e-10	0.0404938
5.02642e-10	0.0412827
5.03605e-10	0.042077
5.04568e-10	0.0428765
5.05531e-10	0.0436812
5.06494e-10	0.0444909
5.07457e-10	0.0453057
5.0842e-10	0.0461253
5.09383e-10	0.0469498
5.10346e-10	0.0477789
5.11309e-10	0.0486127
5.12272e-10	0.049451
5.13235e-10	0.0502938
5.14197e-10	0.0511409
5.1516e-10	0.0519922
5.16123e-10	0.0528476
5.17086e-10	0.053707
5.18049e-10	0.0545703
5.19012e-10	0.0554374
5.19975e-10	0.0563082
5.20938e-10	0.0571825
5.21901e-10	0.0580602
5.22864e-10	0.0589413
5.23827e-10	0.0598255
5.2479e-10	0.0607127
5.25752e-10	0.0616029
5.26715e-10	0.0624959
5.27678e-10	0.0633915
5.28641e-10	0.0642896
5.29604e-10	0.06519
5.30567e-10	0.0660927
5.3153e-10	0.0669975
5.32493e-10	0.0679041
5.33456e-10	0.0688126
5.34419e-10	0.0697226
5.35382e-10	0.0706341
5.36345e-10	0.071547
5.37307e-10	0.0724609
5.3827e-10	0.0733758
5.39233e-10	0.0742916
5.40196e-10	0.0752079
5.41159e-10	0.0761248
5.42122e-10	0.0770419
5.43085e-10	0.0779591
5.44048e-10	0.0788763
5.45011e-10	0.0797932
5.45974e-10	0.0807096
5.46937e-10	0.0816255
5.479e-10	0.0825405
5.48862e-10	0.0834545
5.49825e-10	0.0843673
5.50788e-10	0.0852787
5.51751e-10	0.0861886
5.52714e-10	0.0870966
5.53677e-10	0.0880026
5.5464e-10	0.0889064
5.55603e-10	0.0898078
5.56566e-10	0.0907065
5.57529e-10	0.0916024
5.58492e-10	0.0924952
5.59455e-10	0.0933848
5.60417e-10	0.0942708
5.6138e-10	0.0951531
5.62343e-10	0.0960314
5.63306e-10	0.0969056
5.64269e-10	0.0977753
5.65232e-10	0.0986404
5.66195e-10	0.0995007
5.67158e-10	0.100356
5.68121e-10	0.101206
5.69084e-10	0.10205
5.70047e-10	0.102888
5.7101e-10	0.10372
5.71972e-10	0.104546
5.72935e-10	0.105365
5.73898e-10	0.106178
5.74861e-10	0.106983
5.75824e-10	0.107781
5.76787e-10	0.108572
5.7775e-10	0.109354
5.78713e-10	0.110129
5.79676e-10	0.110895
5.80639e-10	0.111652
5.81602e-10	0.112401
5.82565e-10	0.11314
5.83527e-10	0.11387
5.8449e-10	0.11459
5.85453e-10	0.1153
5.86416e-10	0.116
5.87379e-10	0.116689
5.88342e-10	0.117368
5.89305e-10	0.118035
5.90268e-10	0.118691
5.91231e-10	0.119335
5.92194e-10	0.119968
5.93157e-10	0.120588
5.9412e-10	0.121196
5.95082e-10	0.121791
5.96045e-10	0.122372
5.97008e-10	0.122941
5.97971e-10	0.123496
5.98934e-10	0.124036
5.99897e-10	0.124563
6.0086e-10	0.125075
6.01823e-10	0.125572
6.02786e-10	0.126054
6.03749e-10	0.126521
6.04712e-10	0.126972
6.05675e-10	0.127407
6.06637e-10	0.127826
6.076e-10	0.128228
6.08563e-10	0.128613
6.09526e-10	0.128981
6.10489e-10	0.129332
6.11452e-10	0.129665
6.12415e-10	0.129979
6.13378e-10	0.130276
6.14341e-10	0.130553
6.15304e-10	0.130812
6.16267e-10	0.131052
6.1723e-10	0.131272
6.18192e-10	0.131472
6.19155e-10	0.131652
6.20118e-10	0.131811
6.21081e-10	0.13195
6.22044e-10	0.132068
6.23007e-10	0.132164
6.2397e-10	0.132239
6.24933e-10	0.132292
6.25896e-10	0.132323
6.26859e-10	0.132331
6.27822e-10	0.132317
6.28785e-10	0.132279
6.29747e-10	0.132218
6.3071e-10	0.132134
6.31673e-10	0.132025
6.32636e-10	0.131893
6.33599e-10	0.131736
6.34562e-10	0.131554
6.35525e-10	0.131347
6.36488e-10	0.131115
6.37451e-10	0.130857
6.38414e-10	0.130573
6.39377e-10	0.130264
6.4034e-10	0.129927
6.41302e-10	0.129565
6.42265e-10	0.129175
6.43228e-10	0.128758
6.44191e-10	0.128313
6.45154e-10	0.127841
6.46117e-10	0.127341
6.4708e-10	0.126813
6.48043e-10	0.126256
6.49006e-10	0.12567
6.49969e-10	0.125056
6.50932e-10	0.124412
6.51895e-10	0.123739
6.52857e-10	0.123036
6.5382e-10	0.122304
6.54783e-10	0.121541
6.55746e-10	0.120748
6.56709e-10	0.119924
6.57672e-10	0.119069
6.58635e-10	0.118184
6.59598e-10	0.117267
6.60561e-10	0.116319
6.61524e-10	0.115339
6.62487e-10	0.114327
6.6345e-10	0.113283
6.64412e-10	0.112207
6.65375e-10	0.111098
6.66338e-10	0.109957
6.67301e-10	0.108784
6.68264e-10	0.107577
6.69227e-10	0.106337
6.7019e-10	0.105064
6.71153e-10	0.103757
6.72116e-10	0.102417
6.73079e-10	0.101042
6.74042e-10	0.0996345
6.75005e-10	0.0981924
6.75967e-10	0.0967162
6.7693e-10	0.0952057
6.77893e-10	0.0936607
6.78856e-10	0.0920811
6.79819e-10	0.0904669
6.80782e-10	0.0888179
6.81745e-10	0.087134
6.82708e-10	0.0854151
6.83671e-10	0.0836611
6.84634e-10	0.0818719
6.85597e-10	0.0800475
6.8656e-10	0.0781877
6.87522e-10	0.0762926
6.88485e-10	0.0743619
6.89448e-10	0.0723958
6.90411e-10	0.0703941
6.91374e-10	0.0683568
6.92337e-10	0.0662838
6.933e-10	0.0641751
6.94263e-10	0.0620308
6.95226e-10	0.0598507
6.96189e-10	0.0576348
6.97152e-10	0.0553833
6.98115e-10	0.053096
6.99077e-10	0.0507729
7.0004e-10	0.0484141
7.01003e-10	0.0460197
7.01966e-10	0.0435896
7.02929e-10	0.0411238
7.03892e-10	0.0386225
7.04855e-10	0.0360856
7.05818e-10	0.0335133
7.06781e-10	0.0309056
7.07744e-10	0.0282625
7.08707e-10	0.0255842
7.0967e-10	0.0228707
7.10632e-10	0.0201222
7.11595e-10	0.0173387
7.12558e-10	0.0145203
7.13521e-10	0.0116673
7.14484e-10	0.00877959
7.15447e-10	0.00585745
7.1641e-10	0.00290099
7.17373e-10	-8.96396e-05
7.18336e-10	-0.00311428
7.19299e-10	-0.00617277
7.20262e-10	-0.00926492
7.21225e-10	-0.0123906
7.22187e-10	-0.0155495
7.2315e-10	-0.0187415
7.24113e-10	-0.0219664
7.25076e-10	-0.025224
7.26039e-10	-0.028514
7.27002e-10	-0.0318363
7.27965e-10	-0.0351905
7.28928e-10	-0.0385764
7.29891e-10	-0.0419938
7.30854e-10	-0.0454424
7.31817e-10	-0.0489219
7.3278e-10	-0.052432
7.33742e-10	-0.0559725
7.34705e-10	-0.059543
7.35668e-10	-0.0631433
7.36631e-10	-0.066773
7.37594e-10	-0.0704317
7.38557e-10	-0.0741192
7.3952e-10	-0.0778352
7.40483e-10	-0.0815792
7.41446e-10	-0.0853509
7.42409e-10	-0.0891499
7.43372e-10	-0.0929759
7.44335e-10	-0.0968285
7.45297e-10	-0.100707
7.4626e-10	-0.104612
7.47223e-10	-0.108542
7.48186e-10	-0.112496
7.49149e-10	-0.116476
7.50112e-10	-0.120479
7.51075e-10	-0.124506
7.52038e-10	-0.128556
7.53001e-10	-0.132629
7.53964e-10	-0.136724
7.54927e-10	-0.140841
7.5589e-10	-0.14498
7.56852e-10	-0.149139
7.57815e-10	-0.153318
7.58778e-10	-0.157517
7.59741e-10	-0.161735
7.60704e-10	-0.165972
7.61667e-10	-0.170227
7.6263e-10	-0.1745
7.63593e-10	-0.17879
7.64556e-10	-0.183096
7.65519e-10	-0.187418
7.66482e-10	-0.191756
7.67445e-10	-0.196108
7.68407e-10	-0.200475
7.6937e-10	-0.204855
7.70333e-10	-0.209248
7.71296e-10	-0.213654
7.72259e-10	-0.218071
7.73222e-10	-0.222499
7.74185e-10	-0.226938
7.75148e-10	-0.231387
7.76111e-10	-0.235845
7.77074e-10	-0.240311
7.78037e-10	-0.244785
7.79e-10	-0.249267
7.79962e-10	-0.253754
7.80925e-10	-0.258248
7.81888e-10	-0.262747
7.82851e-10	-0.26725
7.83814e-10	-0.271757
7.84777e-10	-0.276266
7.8574e-10	-0.280778
7.86703e-10	-0.285292
7.87666e-10	-0.289806
7.88629e-10	-0.29432
7.89592e-10	-0.298834
7.90555e-10	-0.303346
7.91517e-10	-0.307856
7.9248e-10	-0.312363
7.93443e-10	-0.316866
7.94406e-10	-0.321365
7.95369e-10	-0.325859
7.96332e-10	-0.330346
7.97295e-10	-0.334826
7.98258e-10	-0.339299
7.99221e-10	-0.343763
8.00184e-10	-0.348218
8.01147e-10	-0.352663
8.0211e-10	-0.357097
8.03072e-10	-0.361519
8.04035e-10	-0.365929
8.04998e-10	-0.370325
8.05961e-10	-0.374707
8.06924e-10	-0.379074
8.07887e-10	-0.383425
8.0885e-10	-0.38776
8.09813e-10	-0.392077
8.10776e-10	-0.396375
8.11739e-10	-0.400654
8.12702e-10	-0.404913
8.13665e-10	-0.409151
8.14627e-10	-0.413367
8.1559e-10	-0.417561
8.16553e-10	-0.42173
8.17516e-10	-0.425876
8.18479e-10	-0.429996
8.19442e-10	-0.434089
8.20405e-10	-0.438156
8.21368e-10	-0.442195
8.22331e-10	-0.446205
8.23294e-10	-0.450185
8.24257e-10	-0.454135
8.2522e-10	-0.458053
8.26182e-10	-0.461939
8.27145e-10	-0.465791
8.28108e-10	-0.46961
8.29071e-10	-0.473394
8.30034e-10	-0.477141
8.30997e-10	-0.480852
8.3196e-10	-0.484525
8.32923e-10	-0.48816
8.33886e-10	-0.491756
8.34849e-10	-0.495311
8.35812e-10	-0.498825
8.36775e-10	-0.502297
8.37737e-10	-0.505726
8.387e-10	-0.509111
8.39663e-10	-0.512452
8.40626e-10	-0.515747
8.41589e-10	-0.518996
8.42552e-10	-0.522197
8.43515e-10	-0.525351
8.44478e-10	-0.528455
8.45441e-10	-0.53151
8.46404e-10	-0.534514
8.47367e-10	-0.537466
8.4833e-10	-0.540367
8.49292e-10	-0.543213
8.50255e-10	-0.546006
8.51218e-10	-0.548744
8.52181e-10	-0.551427
8.53144e-10	-0.554052
8.54107e-10	-0.556621
8.5507e-10	-0.559131
8.56033e-10	-0.561582
8.56996e-10	-0.563974
8.57959e-10	-0.566305
8.58922e-10	-0.568574
8.59885e-10	-0.570781
8.60847e-10	-0.572926
8.6181e-10	-0.575007
8.62773e-10	-0.577023
8.63736e-10	-0.578974
8.64699e-10	-0.580859
8.65662e-10	-0.582677
8.66625e-10	-0.584428
8.67588e-10	-0.58611
8.68551e-10	-0.587724
8.69514e-10	-0.589267
8.70477e-10	-0.590741
8.7144e-10	-0.592143
8.72402e-10	-0.593474
8.73365e-10	-0.594732
8.74328e-10	-0.595917
8.75291e-10	-0.597028
8.76254e-10	-0.598065
8.77217e-10	-0.599027
8.7818e-10	-0.599912
8.79143e-10	-0.600722
8.80106e-10	-0.601454
8.81069e-10	-0.602109
8.82032e-10	-0.602686
8.82995e-10	-0.603184
8.83957e-10	-0.603603
8.8492e-10	-0.603941
8.85883e-10	-0.604199
8.86846e-10	-0.604376
8.87809e-10	-0.604472
8.88772e-10	-0.604485
8.89735e-10	-0.604416
8.90698e-10	-0.604264
8.91661e-10	-0.604028
8.92624e-10	-0.603708
8.93587e-10	-0.603304
8.9455e-10	-0.602814
8.95512e-10	-0.60224
8.96475e-10	-0.601579
8.97438e-10	-0.600832
8.98401e-10	-0.599999
8.99364e-10	-0.599078
9.00327e-10	-0.59807
9.0129e-10	-0.596975
9.02253e-10	-0.595791
9.03216e-10	-0.594519
9.04179e-10	-0.593158
9.05142e-10	-0.591708
9.06105e-10	-0.590169
9.07067e-10	-0.58854
9.0803e-10	-0.586821
9.08993e-10	-0.585012
9.09956e-10	-0.583113
9.10919e-10	-0.581123
9.11882e-10	-0.579043
9.12845e-10	-0.576872
9.13808e-10	-0.574609
9.14771e-10	-0.572255
9.15734e-10	-0.56981
9.16697e-10	-0.567274
9.1766e-10	-0.564645
9.18622e-10	-0.561925
9.19585e-10	-0.559114
9.20548e-10	-0.55621
9.21511e-10	-0.553215
9.22474e-10	-0.550127
9.23437e-10	-0.546948
9.244e-10	-0.543677
9.25363e-10	-0.540313
9.26326e-10	-0.536858
9.27289e-10	-0.533312
9.28252e-10	-0.529673
9.29215e-10	-0.525943
9.30177e-10	-0.522121
9.3114e-10	-0.518208
9.32103e-10	-0.514203
9.33066e-10	-0.510108
9.34029e-10	-0.505921
9.34992e-10	-0.501644
9.35955e-10	-0.497276
9.36918e-10	-0.492818
9.37881e-10	-0.488269
9.38844e-10	-0.483631
9.39807e-10	-0.478903
9.4077e-10	-0.474086
9.41732e-10	-0.46918
9.42695e-10	-0.464185
9.43658e-10	-0.459102
9.44621e-10	-0.453931
9.45584e-10	-0.448673
9.46547e-10	-0.443327
9.4751e-10	-0.437895
9.48473e-10	-0.432376
9.49436e-10	-0.426771
9.50399e-10	-0.421081
9.51362e-10	-0.415306
9.52325e-10	-0.409447
9.53287e-10	-0.403503
9.5425e-10	-0.397476
9.55213e-10	-0.391366
9.56176e-10	-0.385174
9.57139e-10	-0.378901
9.58102e-10	-0.372546
9.59065e-10	-0.366111
9.60028e-10	-0.359595
9.60991e-10	-0.353001
9.61954e-10	-0.346328
9.62917e-10	-0.339577
9.6388e-10	-0.332749
9.64842e-10	-0.325845
9.65805e-10	-0.318865
9.66768e-10	-0.31181
9.67731e-10	-0.30468
9.68694e-10	-0.297478
9.69657e-10	-0.290202
9.7062e-10	-0.282855
9.71583e-10	-0.275437
9.72546e-10	-0.267949
9.73509e-10	-0.260391
9.74472e-10	-0.252765
9.75435e-10	-0.245072
9.76397e-10	-0.237312
9.7736e-10	-0.229486
9.78323e-10	-0.221596
9.79286e-10	-0.213641
9.80249e-10	-0.205624
9.81212e-10	-0.197545
9.82175e-10	-0.189405
9.83138e-10	-0.181206
9.84101e-10	-0.172947
9.85064e-10	-0.164631
9.86027e-10	-0.156258
9.8699e-10	-0.14783
9.87952e-10	-0.139346
9.88915e-10	-0.13081
9.89878e-10	-0.122221
9.90841e-10	-0.11358
9.91804e-10	-0.10489
9.92767e-10	-0.0961506
9.9373e-10	-0.0873633
9.94693e-10	-0.0785294
9.95656e-10	-0.0696501
9.96619e-10	-0.0607265
9.97582e-10	-0.0517598
9.98545e-10	-0.0427512
9.99507e-10	-0.033702
1.00047e-09	-0.0246135
1.00143e-09	-0.0154868
1.0024e-09	-0.0063232
1.00336e-09	0.00287596
1.00432e-09	0.0121094
1.00528e-09	0.0213759
1.00625e-09	0.0306742
1.00721e-09	0.0400028
1.00817e-09	0.0493605
1.00914e-09	0.0587459
1.0101e-09	0.0681578
1.01106e-09	0.0775948
1.01203e-09	0.0870554
1.01299e-09	0.0965384
1.01395e-09	0.106042
1.01491e-09	0.115566
1.01588e-09	0.125108
1.01684e-09	0.134666
1.0178e-09	0.14424
1.01877e-09	0.153828
1.01973e-09	0.163429
1.02069e-09	0.17304
1.02165e-09	0.182662
1.02262e-09	0.192291
1.02358e-09	0.201928
1.02454e-09	0.21157
1.02551e-09	0.221215
1.02647e-09	0.230864
1.02743e-09	0.240513
1.02839e-09	0.250162
1.02936e-09	0.259809
1.03032e-09	0.269453
1.03128e-09	0.279092
1.03225e-09	0.288724
1.03321e-09	0.298349
1.03417e-09	0.307965
1.03514e-09	0.317569
1.0361e-09	0.327162
1.03706e-09	0.336741
1.03802e-09	0.346304
1.03899e-09	0.355851
1.03995e-09	0.36538
1.04091e-09	0.374888
1.04188e-09	0.384376
1.04284e-09	0.393841
1.0438e-09	0.403282
1.04476e-09	0.412697
1.04573e-09	0.422086
1.04669e-09	0.431445
1.04765e-09	0.440775
1.04862e-09	0.450072
1.04958e-09	0.459337
1.05054e-09	0.468567
1.0515e-09	0.477761
1.05247e-09	0.486918
1.05343e-09	0.496036
1.05439e-09	0.505113
1.05536e-09	0.514148
1.05632e-09	0.52314
1.05728e-09	0.532087
1.05825e-09	0.540988
1.05921e-09	0.549841
1.06017e-09	0.558645
1.06113e-09	0.567399
1.0621e-09	0.5761
1.06306e-09	0.584749
1.06402e-09	0.593342
1.06499e-09	0.601879
1.06595e-09	0.610358
1.06691e-09	0.618779
1.06787e-09	0.627138
1.06884e-09	0.635437
1.0698e-09	0.643672
1.07076e-09	0.651842
1.07173e-09	0.659947
1.07269e-09	0.667984
1.07365e-09	0.675953
1.07461e-09	0.683853
1.07558e-09	0.691681
1.07654e-09	0.699436
1.0775e-09	0.707118
1.07847e-09	0.714725
1.07943e-09	0.722255
1.08039e-09	0.729708
1.08136e-09	0.737082
1.08232e-09	0.744376
1.08328e-09	0.751589
1.08424e-09	0.758719
1.08521e-09	0.765766
1.08617e-09	0.772728
1.08713e-09	0.779604
1.0881e-09	0.786392
1.08906e-09	0.793093
1.09002e-09	0.799704
1.09098e-09	0.806224
1.09195e-09	0.812653
1.09291e-09	0.818989
1.09387e-09	0.825231
1.09484e-09	0.831378
1.0958e-09	0.837429
1.09676e-09	0.843384
1.09772e-09	0.84924
1.09869e-09	0.854998
1.09965e-09	0.860655
1.10061e-09	0.866212
1.10158e-09	0.871667
1.10254e-09	0.877019
1.1035e-09	0.882267
1.10447e-09	0.887411
1.10543e-09	0.892449
1.10639e-09	0.897381
1.10735e-09	0.902206
1.10832e-09	0.906923
1.10928e-09	0.911531
1.11024e-09	0.91603
1.11121e-09	0.920418
1.11217e-09	0.924695
1.11313e-09	0.92886
1.11409e-09	0.932913
1.11506e-09	0.936852
1.11602e-09	0.940678
1.11698e-09	0.944389
1.11795e-09	0.947985
1.11891e-09	0.951465
1.11987e-09	0.954828
1.12083e-09	0.958075
1.1218e-09	0.961203
1.12276e-09	0.964214
1.12372e-09	0.967106
1.12469e-09	0.969879
1.12565e-09	0.972533
1.12661e-09	0.975066
1.12758e-09	0.977479
1.12854e-09	0.979771
1.1295e-09	0.981942
1.13046e-09	0.98399
1.13143e-09	0.985917
1.13239e-09	0.987722
1.13335e-09	0.989404
1.13432e-09	0.990963
1.13528e-09	0.992398
1.13624e-09	0.99371
1.1372e-09	0.994899
1.13817e-09	0.995963
1.13913e-09	0.996903
1.14009e-09	0.99772
1.14106e-09	0.998411
1.14202e-09	0.998978
1.14298e-09	0.999421
1.14394e-09	0.999739
1.14491e-09	0.999932
1.14587e-09	1
1.14683e-09	0.999943
1.1478e-09	0.999762
1.14876e-09	0.999456
1.14972e-09	0.999025
1.15069e-09	0.998469
1.15165e-09	0.997789
1.15261e-09	0.996985
1.15357e-09	0.996056
1.15454e-09	0.995003
1.1555e-09	0.993826
1.15646e-09	0.992526
1.15743e-09	0.991102
1.15839e-09	0.989554
1.15935e-09	0.987884
1.16031e-09	0.986091
1.16128e-09	0.984175
1.16224e-09	0.982138
1.1632e-09	0.979978
1.16417e-09	0.977698
1.16513e-09	0.975296
1.16609e-09	0.972774
1.16705e-09	0.970132
1.16802e-09	0.96737
1.16898e-09	0.964489
1.16994e-09	0.961489
1.17091e-09	0.958371
1.17187e-09	0.955135
1.17283e-09	0.951783
1.1738e-09	0.948314
1.17476e-09	0.944729
1.17572e-09	0.941028
1.17668e-09	0.937214
1.17765e-09	0.933285
1.17861e-09	0.929242
1.17957e-09	0.925088
1.18054e-09	0.920821
1.1815e-09	0.916443
1.18246e-09	0.911955
1.18342e-09	0.907357
1.18439e-09	0.90265
1.18535e-09	0.897835
1.18631e-09	0.892913
1.18728e-09	0.887885
1.18824e-09	0.882751
1.1892e-09	0.877512
1.19016e-09	0.872169
1.19113e-09	0.866724
1.19209e-09	0.861177
1.19305e-09	0.855529
1.19402e-09	0.84978
1.19498e-09	0.843933
1.19594e-09	0.837988
1.19691e-09	0.831946
1.19787e-09	0.825807
1.19883e-09	0.819574
1.19979e-09	0.813247
1.20076e-09	0.806827
1.20172e-09	0.800315
1.20268e-09	0.793712
1.20365e-09	0.78702
1.20461e-09	0.78024
1.20557e-09	0.773372
1.20653e-09	0.766418
1.2075e-09	0.759379
1.20846e-09	0.752256
1.20942e-09	0.745051
1.21039e-09	0.737765
1.21135e-09	0.730398
1.21231e-09	0.722952
1.21327e-09	0.715429
1.21424e-09	0.707829
1.2152e-09	0.700155
1.21616e-09	0.692406
1.21713e-09	0.684585
1.21809e-09	0.676692
1.21905e-09	0.66873
1.22002e-09	0.660698
1.22098e-09	0.6526
1.22194e-09	0.644435
1.2229e-09	0.636206
1.22387e-09	0.627914
1.22483e-09	0.61956
1.22579e-09	0.611145
1.22676e-09	0.602671
1.22772e-09	0.594139
1.22868e-09	0.585551
1.22964e-09	0.576908
1.23061e-09	0.568211
1.23157e-09	0.559463
1.23253e-09	0.550663
1.2335e-09	0.541815
1.23446e-09	0.532918
1.23542e-09	0.523975
1.23638e-09	0.514987
1.23735e-09	0.505956
1.23831e-09	0.496883
1.23927e-09	0.487769
1.24024e-09	0.478616
1.2412e-09	0.469425
1.24216e-09	0.460198
1.24313e-09	0.450937
1.24409e-09	0.441642
1.24505e-09	0.432315
1.24601e-09	0.422959
1.24698e-09	0.413573
1.24794e-09	0.40416
1.2489e-09	0.394722
1.24987e-09	0.385259
1.25083e-09	0.375773
1.25179e-09	0.366266
1.25275e-09	0.356739
1.25372e-09	0.347194
1.25468e-09	0.337632
1.25564e-09	0.328054
1.25661e-09	0.318463
1.25757e-09	0.30886
1.25853e-09	0.299245
1.25949e-09	0.289621
1.26046e-09	0.279989
1.26142e-09	0.270351
1.26238e-09	0.260708
1.26335e-09	0.251061
1.26431e-09	0.241412
1.26527e-09	0.231762
1.26624e-09	0.222114
1.2672e-09	0.212468
1.26816e-09	0.202825
1.26912e-09	0.193188
1.27009e-09	0.183558
1.27105e-09	0.173936
1.27201e-09	0.164323
1.27298e-09	0.154722
1.27394e-09	0.145132
1.2749e-09	0.135557
1.27586e-09	0.125997
1.27683e-09	0.116454
1.27779e-09	0.106928
1.27875e-09	0.0974227
1.27972e-09	0.0879377
1.28068e-09	0.0784749
1.28164e-09	0.0690357
1.2826e-09	0.0596214
1.28357e-09	0.0502334
1.28453e-09	0.0408731
1.28549e-09	0.0315417
1.28646e-09	0.0222406
1.28742e-09	0.0129711
1.28838e-09	0.00373446
1.28935e-09	-0.00546795
1.29031e-09	-0.0146349
1.29127e-09	-0.0237651
1.29223e-09	-0.0328572
1.2932e-09	-0.0419101
1.29416e-09	-0.0509225
1.29512e-09	-0.0598932
1.29609e-09	-0.0688209
1.29705e-09	-0.0777044
1.29801e-09	-0.0865426
1.29897e-09	-0.0953342
1.29994e-09	-0.104078
1.3009e-09	-0.112773
1.30186e-09	-0.121418
1.30283e-09	-0.130012
1.30379e-09	-0.138554
1.30475e-09	-0.147042
1.30571e-09	-0.155476
1.30668e-09	-0.163854
1.30764e-09	-0.172175
1.3086e-09	-0.180439
1.30957e-09	-0.188644
1.31053e-09	-0.19679
1.31149e-09	-0.204874
1.31246e-09	-0.212897
1.31342e-09	-0.220857
1.31438e-09	-0.228754
1.31534e-09	-0.236586
1.31631e-09	-0.244352
1.31727e-09	-0.252052
1.31823e-09	-0.259684
1.3192e-09	-0.267248
1.32016e-09	-0.274743
1.32112e-09	-0.282167
1.32208e-09	-0.289521
1.32305e-09	-0.296803
1.32401e-09	-0.304013
1.32497e-09	-0.311149
1.32594e-09	-0.318211
1.3269e-09	-0.325198
1.32786e-09	-0.33211
1.32882e-09	-0.338945
1.32979e-09	-0.345703
1.33075e-09	-0.352383
1.33171e-09	-0.358985
1.33268e-09	-0.365507
1.33364e-09	-0.37195
1.3346e-09	-0.378312
1.33557e-09	-0.384594
1.33653e-09	-0.390793
1.33749e-09	-0.396911
1.33845e-09	-0.402945
1.33942e-09	-0.408897
1.34038e-09	-0.414764
1.34134e-09	-0.420547
1.34231e-09	-0.426245
1.34327e-09	-0.431858
1.34423e-09	-0.437384
1.34519e-09	-0.442825
1.34616e-09	-0.448179
1.34712e-09	-0.453445
1.34808e-09	-0.458625
1.34905e-09	-0.463716
1.35001e-09	-0.468719
1.35097e-09	-0.473633
1.35193e-09	-0.478458
1.3529e-09	-0.483194
1.35386e-09	-0.487841
1.35482e-09	-0.492398
1.35579e-09	-0.496864
1.35675e-09	-0.501241
1.35771e-09	-0.505527
1.35868e-09	-0.509722
1.35964e-09	-0.513826
1.3606e-09	-0.517839
1.36156e-09	-0.52176
1.36253e-09	-0.525591
1.36349e-09	-0.529329
1.36445e-09	-0.532977
1.36542e-09	-0.536532
1.36638e-09	-0.539996
1.36734e-09	-0.543367
1.3683e-09	-0.546647
1.36927e-09	-0.549835
1.37023e-09	-0.552931
1.37119e-09	-0.555935
1.37216e-09	-0.558847
1.37312e-09	-0.561667
1.37408e-09	-0.564396
1.37504e-09	-0.567033
1.37601e-09	-0.569578
1.37697e-09	-0.572032
1.37793e-09	-0.574394
1.3789e-09	-0.576665
1.37986e-09	-0.578845
1.38082e-09	-0.580934
1.38179e-09	-0.582932
1.38275e-09	-0.584839
1.38371e-09	-0.586656
1.38467e-09	-0.588384
1.38564e-09	-0.590021
1.3866e-09	-0.591568
1.38756e-09	-0.593027
1.38853e-09	-0.594396
1.38949e-09	-0.595676
1.39045e-09	-0.596868
1.39141e-09	-0.597972
1.39238e-09	-0.598988
1.39334e-09	-0.599917
1.3943e-09	-0.600758
1.39527e-09	-0.601513
1.39623e-09	-0.602182
1.39719e-09	-0.602764
1.39815e-09	-0.603262
1.39912e-09	-0.603674
1.40008e-09	-0.604002
1.40104e-09	-0.604245
1.40201e-09	-0.604406
1.40297e-09	-0.604482
1.40393e-09	-0.604477
1.4049e-09	-0.604389
1.40586e-09	-0.604219
1.40682e-09	-0.603969
1.40778e-09	-0.603637
1.40875e-09	-0.603226
1.40971e-09	-0.602736
1.41067e-09	-0.602166
1.41164e-09	-0.601519
1.4126e-09	-0.600793
1.41356e-09	-0.599991
1.41452e-09	-0.599112
1.41549e-09	-0.598158
1.41645e-09	-0.597128
1.41741e-09	-0.596024
1.41838e-09	-0.594845
1.41934e-09	-0.593594
1.4203e-09	-0.59227
1.42126e-09	-0.590874
1.42223e-09	-0.589408
1.42319e-09	-0.58787
1.42415e-09	-0.586263
1.42512e-09	-0.584587
1.42608e-09	-0.582843
1.42704e-09	-0.581031
1.42801e-09	-0.579152
1.42897e-09	-0.577207
1.42993e-09	-0.575197
1.43089e-09	-0.573122
1.43186e-09	-0.570984
1.43282e-09	-0.568782
1.43378e-09	-0.566519
1.43475e-09	-0.564193
1.43571e-09	-0.561808
1.43667e-09	-0.559362
1.43763e-09	-0.556857
1.4386e-09	-0.554294
1.43956e-09	-0.551674
1.44052e-09	-0.548997
1.44149e-09	-0.546264
1.44245e-09	-0.543476
1.44341e-09	-0.540634
1.44437e-09	-0.537739
1.44534e-09	-0.534791
1.4463e-09	-0.531792
1.44726e-09	-0.528742
1.44823e-09	-0.525642
1.44919e-09	-0.522493
1.45015e-09	-0.519296
1.45112e-09	-0.516052
1.45208e-09	-0.512761
1.45304e-09	-0.509424
1.454e-09	-0.506043
1.45497e-09	-0.502618
1.45593e-09	-0.49915
1.45689e-09	-0.49564
1.45786e-09	-0.492088
1.45882e-09	-0.488497
1.45978e-09	-0.484866
1.46074e-09	-0.481196
1.46171e-09	-0.477488
1.46267e-09	-0.473744
1.46363e-09	-0.469964
1.4646e-09	-0.466149
1.46556e-09	-0.462299
1.46652e-09	-0.458416
1.46748e-09	-0.454501
1.46845e-09	-0.450554
1.46941e-09	-0.446577
1.47037e-09	-0.44257
1.47134e-09	-0.438533
1.4723e-09	-0.434469
1.47326e-09	-0.430378
1.47423e-09	-0.42626
1.47519e-09	-0.422117
1.47615e-09	-0.41795
1.47711e-09	-0.413759
1.47808e-09	-0.409545
1.47904e-09	-0.405309
1.48e-09	-0.401052
1.48097e-09	-0.396774
1.48193e-09	-0.392478
1.48289e-09	-0.388163
1.48385e-09	-0.38383
1.48482e-09	-0.37948
1.48578e-09	-0.375115
1.48674e-09	-0.370734
1.48771e-09	-0.366339
1.48867e-09	-0.361931
1.48963e-09	-0.357509
1.49059e-09	-0.353077
1.49156e-09	-0.348633
1.49252e-09	-0.344179
1.49348e-09	-0.339715
1.49445e-09	-0.335243
1.49541e-09	-0.330763
1.49637e-09	-0.326277
1.49734e-09	-0.321784
1.4983e-09	-0.317286
1.49926e-09	-0.312783
1.50022e-09	-0.308276
1.50119e-09	-0.303766
1.50215e-09	-0.299254
1.50311e-09	-0.294741
1.50408e-09	-0.290227
1.50504e-09	-0.285712
1.506e-09	-0.281199
1.50696e-09	-0.276686
1.50793e-09	-0.272176
1.50889e-09	-0.267669
1.50985e-09	-0.263166
1.51082e-09	-0.258667
1.51178e-09	-0.254173
1.51274e-09	-0.249684
1.5137e-09	-0.245202
1.51467e-09	-0.240727
1.51563e-09	-0.23626
1.51659e-09	-0.231802
1.51756e-09	-0.227352
1.51852e-09	-0.222912
1.51948e-09	-0.218483
1.52045e-09	-0.214065
1.52141e-09	-0.209658
1.52237e-09	-0.205264
1.52333e-09	-0.200882
1.5243e-09	-0.196514
1.52526e-09	-0.192161
1.52622e-09	-0.187822
1.52719e-09	-0.183498
1.52815e-09	-0.17919
1.52911e-09	-0.174899
1.53007e-09	-0.170624
1.53104e-09	-0.166367
1.532e-09	-0.162129
1.53296e-09	-0.157909
1.53393e-09	-0.153708
1.53489e-09	-0.149527
1.53585e-09	-0.145366
1.53681e-09	-0.141226
1.53778e-09	-0.137107
1.53874e-09	-0.13301
1.5397e-09	-0.128935
1.54067e-09	-0.124882
1.54163e-09	-0.120853
1.54259e-09	-0.116848
1.54356e-09	-0.112866
1.54452e-09	-0.108909
1.54548e-09	-0.104977
1.54644e-09	-0.10107
1.54741e-09	-0.0971886
1.54837e-09	-0.0933336
1.54933e-09	-0.0895051
1.5503e-09	-0.0857036
1.55126e-09	-0.0819293
1.55222e-09	-0.0781827
1.55318e-09	-0.0744641
1.55415e-09	-0.0707739
1.55511e-09	-0.0671125
1.55607e-09	-0.0634801
1.55704e-09	-0.0598771
1.558e-09	-0.0563037
1.55896e-09	-0.0527605
1.55992e-09	-0.0492475
1.56089e-09	-0.0457651
1.56185e-09	-0.0423136
1.56281e-09	-0.0388933
1.56378e-09	-0.0355045
1.56474e-09	-0.0321473
1.5657e-09	-0.0288221
1.56667e-09	-0.025529
1.56763e-09	-0.0222684
1.56859e-09	-0.0190405
1.56955e-09	-0.0158454
1.57052e-09	-0.0126834
1.57148e-09	-0.00955461
1.57244e-09	-0.00645933
1.57341e-09	-0.0033977
1.57437e-09	-0.000369898
1.57533e-09	0.00262391
1.57629e-09	0.00558356
1.57726e-09	0.0085089
1.57822e-09	0.0113998
1.57918e-09	0.0142561
1.58015e-09	0.0170777
1.58111e-09	0.0198644
1.58207e-09	0.0226162
1.58303e-09	0.025333
1.584e-09	0.0280146
1.58496e-09	0.0306609
1.58592e-09	0.0332719
1.58689e-09	0.0358476
1.58785e-09	0.0383877
1.58881e-09	0.0408924
1.58978e-09	0.0433614
1.59074e-09	0.0457949
1.5917e-09	0.0481926
1.59266e-09	0.0505547
1.59363e-09	0.0528811
1.59459e-09	0.0551718
1.59555e-09	0.0574267
1.59652e-09	0.0596458
1.59748e-09	0.0618292
1.59844e-09	0.0639769
1.5994e-09	0.0660889
1.60037e-09	0.0681652
1.60133e-09	0.0702059
1.60229e-09	0.0722109
1.60326e-09	0.0741803
1.60422e-09	0.0761143
1.60518e-09	0.0780127
1.60614e-09	0.0798758
1.60711e-09	0.0817035
1.60807e-09	0.0834959
1.60903e-09	0.0852532
1.61e-09	0.0869754
1.61096e-09	0.0886625
1.61192e-09	0.0903148
1.61289e-09	0.0919323
1.61385e-09	0.093515
1.61481e-09	0.0950632
1.61577e-09	0.096577
1.61674e-09	0.0980564
1.6177e-09	0.0995016
1.61866e-09	0.100913
1.61963e-09	0.10229
1.62059e-09	0.103633
1.62155e-09	0.104943
1.62251e-09	0.10622
1.62348e-09	0.107463
1.62444e-09	0.108673
1.6254e-09	0.109849
1.62637e-09	0.110994
1.62733e-09	0.112105
1.62829e-09	0.113184
1.62925e-09	0.114231
1.63022e-09	0.115246
1.63118e-09	0.116229
1.63214e-09	0.11718
1.63311e-09	0.1181
1.63407e-09	0.118988
1.63503e-09	0.119846
1.636e-09	0.120672
1.63696e-09	0.121468
1.63792e-09	0.122234
1.63888e-09	0.122969
1.63985e-09	0.123675
1.64081e-09	0.124351
1.64177e-09	0.124997
1.64274e-09	0.125614
1.6437e-09	0.126203
1.64466e-09	0.126762
1.64562e-09	0.127293
1.64659e-09	0.127796
1.64755e-09	0.128271
1.64851e-09	0.128718
1.64948e-09	0.129137
1.65044e-09	0.129529
1.6514e-09	0.129895
1.65236e-09	0.130233
1.65333e-09	0.130546
1.65429e-09	0.130832
1.65525e-09	0.131092
1.65622e-09	0.131326
1.65718e-09	0.131536
1.65814e-09	0.13172
1.65911e-09	0.131879
1.66007e-09	0.132014
1.66103e-09	0.132125
1.66199e-09	0.132211
1.66296e-09	0.132275
1.66392e-09	0.132314
1.66488e-09	0.132331
1.66585e-09	0.132325
1.66681e-09	0.132296
1.66777e-09	0.132245
1.66873e-09	0.132172
1.6697e-09	0.132078
1.67066e-09	0.131962
1.67162e-09	0.131825
1.67259e-09	0.131667
1.67355e-09	0.131489
1.67451e-09	0.131291
1.67547e-09	0.131073
1.67644e-09	0.130835
1.6774e-09	0.130578
1.67836e-09	0.130302
1.67933e-09	0.130008
1.68029e-09	0.129695
1.68125e-09	0.129364
1.68222e-09	0.129015
1.68318e-09	0.128648
1.68414e-09	0.128264
1.6851e-09	0.127864
1.68607e-09	0.127447
1.68703e-09	0.127013
1.68799e-09	0.126564
1.68896e-09	0.126098
1.68992e-09	0.125618
1.69088e-09	0.125122
1.69184e-09	0.124611
1.69281e-09	0.124086
1.69377e-09	0.123547
1.69473e-09	0.122993
1.6957e-09	0.122426
1.69666e-09	0.121845
1.69762e-09	0.121252
1.69858e-09	0.120645
1.69955e-09	0.120026
1.70051e-09	0.119395
1.70147e-09	0.118752
1.70244e-09	0.118097
1.7034e-09	0.11743
1.70436e-09	0.116753
1.70533e-09	0.116064
1.70629e-09	0.115366
1.70725e-09	0.114656
1.70821e-09	0.113937
1.70918e-09	0.113208
1.71014e-09	0.11247
1.7111e-09	0.111722
1.71207e-09	0.110966
1.71303e-09	0.1102
1.71399e-09	0.109427
1.71495e-09	0.108645
1.71592e-09	0.107855
1.71688e-09	0.107058
1.71784e-09	0.106253
1.71881e-09	0.105441
1.71977e-09	0.104623
1.72073e-09	0.103797
1.72169e-09	0.102966
1.72266e-09	0.102128
1.72362e-09	0.101284
1.72458e-09	0.100435
1.72555e-09	0.0995805
1.72651e-09	0.0987208
1.72747e-09	0.0978561
1.72844e-09	0.0969868
1.7294e-09	0.096113
1.73036e-09	0.0952351
1.73132e-09	0.0943531
1.73229e-09	0.0934674
1.73325e-09	0.0925782
1.73421e-09	0.0916857
1.73518e-09	0.0907901
1.73614e-09	0.0898916
1.7371e-09	0.0889904
1.73806e-09	0.0880869
1.73903e-09	0.087181
1.73999e-09	0.0862732
1.74095e-09	0.0853636
1.74192e-09	0.0844523
1.74288e-09	0.0835396
1.74384e-09	0.0826257
1.7448e-09	0.0817107
1.74577e-09	0.0807949
1.74673e-09	0.0798785
1.74769e-09	0.0789617
1.74866e-09	0.0780445
1.74962e-09	0.0771273
1.75058e-09	0.0762102
1.75155e-09	0.0752933
1.75251e-09	0.0743769
1.75347e-09	0.0734611
1.75443e-09	0.0725461
1.7554e-09	0.071632
1.75636e-09	0.0707191
1.75732e-09	0.0698075
1.75829e-09	0.0688973
1.75925e-09	0.0679887
1.76021e-09	0.0670818
1.76117e-09	0.0661769
1.76214e-09	0.065274
1.7631e-09	0.0643733
1.76406e-09	0.063475
1.76503e-09	0.0625792
1.76599e-09	0.061686
1.76695e-09	0.0607955
1.76791e-09	0.059908
1.76888e-09	0.0590235
1.76984e-09	0.0581422
1.7708e-09	0.0572641
1.77177e-09	0.0563895
1.77273e-09	0.0555184
1.77369e-09	0.0546509
1.77466e-09	0.0537872
1.77562e-09	0.0529274
1.77658e-09	0.0520717
1.77754e-09	0.05122
1.77851e-09	0.0503725
1.77947e-09	0.0495293
1.78043e-09	0.0486906
1.7814e-09	0.0478564
1.78236e-09	0.0470268
1.78332e-09	0.0462019
1.78428e-09	0.0453818
1.78525e-09	0.0445666
1.78621e-09	0.0437564
1.78717e-09	0.0429512
1.78814e-09	0.0421512
1.7891e-09	0.0413565
1.79006e-09	0.040567
1.79102e-09	0.0397829
1.79199e-09	0.0390043
1.79295e-09	0.0382312
1.79391e-09	0.0374637
1.79488e-09	0.0367019
1.79584e-09	0.0359458
1.7968e-09	0.0351954
1.79777e-09	0.034451
1.79873e-09	0.0337124
1.79969e-09	0.0329798
1.80065e-09	0.0322533
1.80162e-09	0.0315328
1.80258e-09	0.0308184
1.80354e-09	0.0301102
1.80451e-09	0.0294082
1.80547e-09	0.0287125
1.80643e-09	0.028023
1.80739e-09	0.0273399
1.80836e-09	0.0266632
1.80932e-09	0.0259929
1.81028e-09	0.025329
1.81125e-09	0.0246716
1.81221e-09	0.0240208
1.81317e-09	0.0233764
1.81413e-09	0.0227386
1.8151e-09	0.0221074
1.81606e-09	0.0214828
1.81702e-09	0.0208649
1.81799e-09	0.0202536
1.81895e-09	0.0196489
1.81991e-09	0.0190509
1.82088e-09	0.0184597
1.82184e-09	0.0178751
1.8228e-09	0.0172972
1.82376e-09	0.0167261
1.82473e-09	0.0161617
1.82569e-09	0.0156041
1.82665e-09	0.0150532
1.82762e-09	0.014509
1.82858e-09	0.0139716
1.82954e-09	0.0134409
1.8305e-09	0.012917
1.83147e-09	0.0123998
1.83243e-09	0.0118893
1.83339e-09	0.0113856
1.83436e-09	0.0108886
1.83532e-09	0.0103983
1.83628e-09	0.00991473
1.83724e-09	0.00943783
1.83821e-09	0.00896762
1.83917e-09	0.00850407
1.84013e-09	0.00804717
1.8411e-09	0.0075969
1.84206e-09	0.00715324
1.84302e-09	0.00671619
1.84399e-09	0.0062857
1.84495e-09	0.00586177
1.84591e-09	0.00544438
1.84687e-09	0.00503349
1.84784e-09	0.00462909
1.8488e-09	0.00423114
1.84976e-09	0.00383963
1.85073e-09	0.00345452
1.85169e-09	0.00307578
1.85265e-09	0.0027034
1.85361e-09	0.00233732
1.85458e-09	0.00197754
1.85554e-09	0.001624
1.8565e-09	0.00127669
1.85747e-09	0.000935559
1.85843e-09	0.000600579
1.85939e-09	0.000271715
1.86035e-09	-5.10705e-05
1.86132e-09	-0.000367814
1.86228e-09	-0.000678554
1.86324e-09	-0.000983329
1.86421e-09	-0.00128218
1.86517e-09	-0.00157514
1.86613e-09	-0.00186226
1.8671e-09	-0.00214357
1.86806e-09	-0.00241912
1.86902e-09	-0.00268895
1.86998e-09	-0.0029531
1.87095e-09	-0.00321162
1.87191e-09	-0.00346455
1.87287e-09	-0.00371194
1.87384e-09	-0.00395383
1.8748e-09	-0.00419026
1.87576e-09	-0.00442128
1.87672e-09	-0.00464694
1.87769e-09	-0.00486729
1.87865e-09	-0.00508237
1.87961e-09	-0.00529223
1.88058e-09	-0.00549692
1.88154e-09	-0.00569649
1.8825e-09	-0.00589098
1.88346e-09	-0.00608045
1.88443e-09	-0.00626494
1.88539e-09	-0.00644451
1.88635e-09	-0.0066192
1.88732e-09	-0.00678907
1.88828e-09	-0.00695415
1.88924e-09	-0.00711452
1.89021e-09	-0.00727021
1.89117e-09	-0.00742128
1.89213e-09	-0.00756778
1.89309e-09	-0.00770975
1.89406e-09	-0.00784726
1.89502e-09	-0.00798036
1.89598e-09	-0.00810908
1.89695e-09	-0.0082335
1.89791e-09	-0.00835365
1.89887e-09	-0.0084696
1.89983e-09	-0.00858138
1.9008e-09	-0.00868907
1.90176e-09	-0.0087927
1.90272e-09	-0.00889233
1.90369e-09	-0.00898801
1.90465e-09	-0.00907979
1.90561e-09	-0.00916774
1.90657e-09	-0.00925189
1.90754e-09	-0.0093323
1.9085e-09	-0.00940902
1.90946e-09	-0.00948211
1.91043e-09	-0.00955161
1.91139e-09	-0.00961759
1.91235e-09	-0.00968008
1.91332e-09	-0.00973914
1.91428e-09	-0.00979483
1.91524e-09	-0.00984719
1.9162e-09	-0.00989628
1.91717e-09	-0.00994215
1.91813e-09	-0.00998484
1.91909e-09	-0.0100244
1.92006e-09	-0.0100609
1.92102e-09	-0.0100944
1.92198e-09	-0.0101249
1.92294e-09	-0.0101525
1.92391e-09	-0.0101772
1.92487e-09	-0.0101991
1.92583e-09	-0.0102182
1.9268e-09	-0.0102346
1.92776e-09	-0.0102483
1.92872e-09	-0.0102594
1.92968e-09	-0.0102679
1.93065e-09	-0.0102739
1.93161e-09	-0.0102774
1.93257e-09	-0.0102785
1.93354e-09	-0.0102772
1.9345e-09	-0.0102735
1.93546e-09	-0.0102675
1.93643e-09	-0.0102593
1.93739e-09	-0.0102489
1.93835e-09	-0.0102363
1.93931e-09	-0.0102217
1.94028e-09	-0.0102049
1.94124e-09	-0.0101862
1.9422e-09	-0.0101654
1.94317e-09	-0.0101427
1.94413e-09	-0.0101181
1.94509e-09	-0.0100917
1.94605e-09	-0.0100635
1.94702e-09	-0.0100335
1.94798e-09	-0.0100018
1.94894e-09	-0.00996838
1.94991e-09	-0.00993335
1.95087e-09	-0.00989672
1.95183e-09	-0.00985853
1.95279e-09	-0.00981882
1.95376e-09	-0.00977764
1.95472e-09	-0.00973501
1.95568e-09	-0.00969099
1.95665e-09	-0.00964561
1.95761e-09	-0.0095989
1.95857e-09	-0.00955091
1.95954e-09	-0.00950167
1.9605e-09	-0.00945122
1.96146e-09	-0.0093996
1.96242e-09	-0.00934683
1.96339e-09	-0.00929297
1.96435e-09	-0.00923803
1.96531e-09	-0.00918206
1.96628e-09	-0.0091251
1.96724e-09	-0.00906717
1.9682e-09	-0.00900831
1.96916e-09	-0.00894855
1.97013e-09	-0.00888792
1.97109e-09	-0.00882646
1.97205e-09	-0.00876421
1.97302e-09	-0.00870118
1.97398e-09	-0.00863741
1.97494e-09	-0.00857293
1.9759e-09	-0.00850778
1.97687e-09	-0.00844198
1.97783e-09	-0.00837556
1.97879e-09	-0.00830855
1.97976e-09	-0.00824097
1.98072e-09	-0.00817287
1.98168e-09	-0.00810426
1.98265e-09	-0.00803517
1.98361e-09	-0.00796562
1.98457e-09	-0.00789566
1.98553e-09	-0.00782529
1.9865e-09	-0.00775455
1.98746e-09	-0.00768346
1.98842e-09	-0.00761204
1.98939e-09	-0.00754033
1.99035e-09	-0.00746834
1.99131e-09	-0.0073961
1.99227e-09	-0.00732363
1.99324e-09	-0.00725095
1.9942e-09	-0.00717809
1.99516e-09	-0.00710507
1.99613e-09	-0.0070319
1.99709e-09	-0.00695862
1.99805e-09	-0.00688523
1.99901e-09	-0.00681177
1.99998e-09	-0.00673825
2.00094e-09	-0.00666469
2.0019e-09	-0.00659111
2.00287e-09	-0.00651753
2.00383e-09	-0.00644396
2.00479e-09	-0.00637044
2.00576e-09	-0.00629696
2.00672e-09	-0.00622355
2.00768e-09	-0.00615023
2.00864e-09	-0.00607702
2.00961e-09	-0.00600392
2.01057e-09	-0.00593096
2.01153e-09	-0.00585815
2.0125e-09	-0.00578551
2.01346e-09	-0.00571304
2.01442e-09	-0.00564077
2.01538e-09	-0.00556871
2.01635e-09	-0.00549688
2.01731e-09	-0.00542528
2.01827e-09	-0.00535393
2.01924e-09	-0.00528284
2.0202e-09	-0.00521203
2.02116e-09	-0.0051415
2.02212e-09	-0.00507127
2.02309e-09	-0.00500135
2.02405e-09	-0.00493175
2.02501e-09	-0.00486248
2.02598e-09	-0.00479356
2.02694e-09	-0.00472499
2.0279e-09	-0.00465677
2.02887e-09	-0.00458893
2.02983e-09	-0.00452148
2.03079e-09	-0.00445441
2.03175e-09	-0.00438774
2.03272e-09	-0.00432147
2.03368e-09	-0.00425562
2.03464e-09	-0.0041902
2.03561e-09	-0.0041252
2.03657e-09	-0.00406064
2.03753e-09	-0.00399653
2.03849e-09	-0.00393287
2.03946e-09	-0.00386966
2.04042e-09	-0.00380692
2.04138e-09	-0.00374465
2.04235e-09	-0.00368286
2.04331e-09	-0.00362155
2.04427e-09	-0.00356072
2.04523e-09	-0.00350039
2.0462e-09	-0.00344055
2.04716e-09	-0.00338121
2.04812e-09	-0.00332238
2.04909e-09	-0.00326406
2.05005e-09	-0.00320625
2.05101e-09	-0.00314895
2.05198e-09	-0.00309218
2.05294e-09	-0.00303593
2.0539e-09	-0.00298021
2.05486e-09	-0.00292502
2.05583e-09	-0.00287036
2.05679e-09	-0.00281623
2.05775e-09	-0.00276264
2.05872e-09	-0.00270959
2.05968e-09	-0.00265707
2.06064e-09	-0.0026051
2.0616e-09	-0.00255368
2.06257e-09	-0.0025028
2.06353e-09	-0.00245246
2.06449e-09	-0.00240267
2.06546e-09	-0.00235343
2.06642e-09	-0.00230474
2.06738e-09	-0.00225659
2.06834e-09	-0.002209
2.06931e-09	-0.00216195
2.07027e-09	-0.00211545
2.07123e-09	-0.00206951
2.0722e-09	-0.00202411
2.07316e-09	-0.00197926
2.07412e-09	-0.00193495
2.07509e-09	-0.0018912
2.07605e-09	-0.00184799
2.07701e-09	-0.00180532
2.07797e-09	-0.0017632
2.07894e-09	-0.00172162
2.0799e-09	-0.00168058
2.08086e-09	-0.00164009
2.08183e-09	-0.00160013
2.08279e-09	-0.0015607
2.08375e-09	-0.00152182
2.08471e-09	-0.00148346
2.08568e-09	-0.00144564
2.08664e-09	-0.00140835
2.0876e-09	-0.00137158
2.08857e-09	-0.00133533
2.08953e-09	-0.00129961
2.09049e-09	-0.00126441
2.09145e-09	-0.00122973
2.09242e-09	-0.00119556
2.09338e-09	-0.0011619
2.09434e-09	-0.00112875
2.09531e-09	-0.0010961
2.09627e-09	-0.00106396
2.09723e-09	-0.00103232
2.0982e-09	-0.00100118
2.09916e-09	-0.000970524
2.10012e-09	-0.000940363
2.10108e-09	-0.00091069
2.10205e-09	-0.000881499
2.10301e-09	-0.00085279
2.10397e-09	-0.000824557
2.10494e-09	-0.000796797
2.1059e-09	-0.000769507
2.10686e-09	-0.000742683
2.10782e-09	-0.000716322
2.10879e-09	-0.000690419
2.10975e-09	-0.000664971
2.11071e-09	-0.000639974
2.11168e-09	-0.000615425
2.11264e-09	-0.000591319
2.1136e-09	-0.000567652
2.11456e-09	-0.000544421
2.11553e-09	-0.000521621
2.11649e-09	-0.000499249
2.11745e-09	-0.000477301
2.11842e-09	-0.000455772
2.11938e-09	-0.000434658
2.12034e-09	-0.000413956
2.12131e-09	-0.000393661
2.12227e-09	-0.000373769
2.12323e-09	-0.000354275
2.12419e-09	-0.000335177
2.12516e-09	-0.000316468
2.12612e-09	-0.000298146
2.12708e-09	-0.000280206
2.12805e-09	-0.000262644
2.12901e-09	-0.000245455
2.12997e-09	-0.000228636
2.13093e-09	-0.000212182
2.1319e-09	-0.000196088
2.13286e-09	-0.000180351
2.13382e-09	-0.000164967
2.13479e-09	-0.00014993
2.13575e-09	-0.000135237
2.13671e-09	-0.000120884
2.13767e-09	-0.000106866
2.13864e-09	-9.31789e-05
2.1396e-09	-7.98186e-05
2.14056e-09	-6.67808e-05
2.14153e-09	-5.40614e-05
2.14249e-09	-4.1656e-05
2.14345e-09	-2.95605e-05
2.14442e-09	-1.77706e-05
2.14538e-09	-6.28222e-06
2.14634e-09	4.90885e-06
2.1473e-09	1.58068e-05
2.14827e-09	2.64157e-05
2.14923e-09	3.67398e-05
2.15019e-09	4.67832e-05
2.15116e-09	5.65499e-05
2.15212e-09	6.6044e-05
2.15308e-09	7.52697e-05
2.15404e-09	8.42308e-05
2.15501e-09	9.29316e-05
2.15597e-09	0.000101376
2.15693e-09	0.000109568
2.1579e-09	0.000117511
2.15886e-09	0.00012521
2.15982e-09	0.000132668
2.16078e-09	0.000139889
2.16175e-09	0.000146878
2.16271e-09	0.000153637
2.16367e-09	0.000160172
2.16464e-09	0.000166484
2.1656e-09	0.000172579
2.16656e-09	0.00017846
2.16753e-09	0.000184131
2.16849e-09	0.000189595
2.16945e-09	0.000194857
2.17041e-09	0.000199918
2.17138e-09	0.000204784
2.17234e-09	0.000209458
2.1733e-09	0.000213944
2.17427e-09	0.000218244
2.17523e-09	0.000222362
2.17619e-09	0.000226302
2.17715e-09	0.000230067
2.17812e-09	0.000233661
2.17908e-09	0.000237087
2.18004e-09	0.000240347
2.18101e-09	0.000243447
2.18197e-09	0.000246387
2.18293e-09	0.000249173
2.18389e-09	0.000251807
2.18486e-09	0.000254292
2.18582e-09	0.000256631
2.18678e-09	0.000258828
2.18775e-09	0.000260885
2.18871e-09	0.000262805
2.18967e-09	0.000264592
2.19064e-09	0.000266248
2.1916e-09	0.000267776
2.19256e-09	0.00026918
2.19352e-09	0.000270461
2.19449e-09	0.000271623
2.19545e-09	0.000272669
2.19641e-09	0.000273601
2.19738e-09	0.000274422
2.19834e-09	0.000275134
2.1993e-09	0.000275741
2.20026e-09	0.000276245
2.20123e-09	0.000276648
2.20219e-09	0.000276953
2.20315e-09	0.000277162
2.20412e-09	0.000277278
2.20508e-09	0.000277304
2.20604e-09	0.000277241
2.207e-09	0.000277093
2.20797e-09	0.00027686
2.20893e-09	0.000276547
2.20989e-09	0.000276154
2.21086e-09	0.000275685
2.21182e-09	0.000275141
2.21278e-09	0.000274525
2.21375e-09	0.000273838
2.21471e-09	0.000273083
2.21567e-09	0.000272261
2.21663e-09	0.000271376
2.2176e-09	0.000270428
2.21856e-09	0.000269421
2.21952e-09	0.000268355
2.22049e-09	0.000267232
2.22145e-09	0.000266055
2.22241e-09	0.000264826
2.22337e-09	0.000263545
2.22434e-09	0.000262216
2.2253e-09	0.000260839
2.22626e-09	0.000259417
2.22723e-09	0.00025795
2.22819e-09	0.000256442
2.22915e-09	0.000254892
2.23011e-09	0.000253304
2.23108e-09	0.000251678
2.23204e-09	0.000250016
2.233e-09	0.00024832
2.23397e-09	0.000246591
2.23493e-09	0.00024483
2.23589e-09	0.000243039
2.23686e-09	0.00024122
2.23782e-09	0.000239373
2.23878e-09	0.0002375
2.23974e-09	0.000235603
2.24071e-09	0.000233682
2.24167e-09	0.000231739
2.24263e-09	0.000229775
2.2436e-09	0.000227792
2.24456e-09	0.00022579
2.24552e-09	0.00022377
2.24648e-09	0.000221735
2.24745e-09	0.000219684
2.24841e-09	0.000217619
2.24937e-09	0.000215541
2.25034e-09	0.000213452
2.2513e-09	0.000211351
2.25226e-09	0.000209241
2.25322e-09	0.000207121
2.25419e-09	0.000204994
2.25515e-09	0.000202859
2.25611e-09	0.000200718
2.25708e-09	0.000198572
2.25804e-09	0.000196422
2.259e-09	0.000194268
2.25997e-09	0.000192111
2.26093e-09	0.000189951
2.26189e-09	0.000187791
2.26285e-09	0.00018563
2.26382e-09	0.000183469
2.26478e-09	0.00018131
2.26574e-09	0.000179151
2.26671e-09	0.000176995
2.26767e-09	0.000174842
2.26863e-09	0.000172693
2.26959e-09	0.000170548
2.27056e-09	0.000168407
2.27152e-09	0.000166272
2.27248e-09	0.000164143
2.27345e-09	0.00016202
2.27441e-09	0.000159904
2.27537e-09	0.000157795
2.27633e-09	0.000155695
2.2773e-09	0.000153603
2.27826e-09	0.00015152
2.27922e-09	0.000149446
2.28019e-09	0.000147383
2.28115e-09	0.000145329
2.28211e-09	0.000143286
2.28308e-09	0.000141254
2.28404e-09	0.000139233
2.285e-09	0.000137224
2.28596e-09	0.000135228
2.28693e-09	0.000133243
2.28789e-09	0.000131271
2.28885e-09	0.000129313
2.28982e-09	0.000127367
2.29078e-09	0.000125436
2.29174e-09	0.000123518
