4.81458e-13	0.000124297
1.44437e-12	0.00012622
2.40729e-12	0.000128157
3.37021e-12	0.000130108
4.33312e-12	0.000132072
5.29604e-12	0.000134049
6.25896e-12	0.000136039
7.22187e-12	0.00013804
8.18479e-12	0.000140054
9.14771e-12	0.000142079
1.01106e-11	0.000144116
1.10735e-11	0.000146163
1.20365e-11	0.000148221
1.29994e-11	0.000150289
1.39623e-11	0.000152367
1.49252e-11	0.000154453
1.58881e-11	0.000156549
1.6851e-11	0.000158652
1.7814e-11	0.000160764
1.87769e-11	0.000162883
1.97398e-11	0.000165008
2.07027e-11	0.00016714
2.16656e-11	0.000169277
2.26285e-11	0.00017142
2.35915e-11	0.000173567
2.45544e-11	0.000175718
2.55173e-11	0.000177872
2.64802e-11	0.000180029
2.74431e-11	0.000182188
2.8406e-11	0.000184348
2.9369e-11	0.000186509
3.03319e-11	0.00018867
3.12948e-11	0.00019083
3.22577e-11	0.000192988
3.32206e-11	0.000195144
3.41835e-11	0.000197297
3.51465e-11	0.000199446
3.61094e-11	0.00020159
3.70723e-11	0.000203729
3.80352e-11	0.00020586
3.89981e-11	0.000207985
3.9961e-11	0.000210101
4.0924e-11	0.000212207
4.18869e-11	0.000214303
4.28498e-11	0.000216388
4.38127e-11	0.000218461
4.47756e-11	0.00022052
4.57385e-11	0.000222565
4.67015e-11	0.000224594
4.76644e-11	0.000226606
4.86273e-11	0.000228601
4.95902e-11	0.000230577
5.05531e-11	0.000232532
5.1516e-11	0.000234466
5.2479e-11	0.000236378
5.34419e-11	0.000238265
5.44048e-11	0.000240128
5.53677e-11	0.000241964
5.63306e-11	0.000243772
5.72935e-11	0.00024555
5.82565e-11	0.000247298
5.92194e-11	0.000249014
6.01823e-11	0.000250697
6.11452e-11	0.000252344
6.21081e-11	0.000253955
6.3071e-11	0.000255527
6.4034e-11	0.00025706
6.49969e-11	0.000258552
6.59598e-11	0.000260001
6.69227e-11	0.000261405
6.78856e-11	0.000262763
6.88485e-11	0.000264072
6.98115e-11	0.000265332
7.07744e-11	0.000266541
7.17373e-11	0.000267696
7.27002e-11	0.000268795
7.36631e-11	0.000269838
7.4626e-11	0.000270821
7.5589e-11	0.000271744
7.65519e-11	0.000272603
7.75148e-11	0.000273398
7.84777e-11	0.000274126
7.94406e-11	0.000274784
8.04035e-11	0.000275371
8.13665e-11	0.000275885
8.23294e-11	0.000276324
8.32923e-11	0.000276684
8.42552e-11	0.000276965
8.52181e-11	0.000277163
8.6181e-11	0.000277277
8.7144e-11	0.000277304
8.81069e-11	0.000277242
8.90698e-11	0.000277088
9.00327e-11	0.00027684
9.09956e-11	0.000276496
9.19585e-11	0.000276052
9.29215e-11	0.000275507
9.38844e-11	0.000274857
9.48473e-11	0.000274101
9.58102e-11	0.000273235
9.67731e-11	0.000272257
9.7736e-11	0.000271165
9.8699e-11	0.000269954
9.96619e-11	0.000268624
1.00625e-10	0.00026717
1.01588e-10	0.00026559
1.02551e-10	0.000263881
1.03514e-10	0.00026204
1.04476e-10	0.000260064
1.05439e-10	0.000257951
1.06402e-10	0.000255697
1.07365e-10	0.000253298
1.08328e-10	0.000250753
1.09291e-10	0.000248058
1.10254e-10	0.00024521
1.11217e-10	0.000242205
1.1218e-10	0.00023904
1.13143e-10	0.000235713
1.14106e-10	0.000232219
1.15069e-10	0.000228556
1.16031e-10	0.00022472
1.16994e-10	0.000220708
1.17957e-10	0.000216516
1.1892e-10	0.000212141
1.19883e-10	0.00020758
1.20846e-10	0.000202828
1.21809e-10	0.000197883
1.22772e-10	0.00019274
1.23735e-10	0.000187397
1.24698e-10	0.000181849
1.25661e-10	0.000176093
1.26624e-10	0.000170126
1.27586e-10	0.000163942
1.28549e-10	0.00015754
1.29512e-10	0.000150915
1.30475e-10	0.000144062
1.31438e-10	0.00013698
1.32401e-10	0.000129662
1.33364e-10	0.000122107
1.34327e-10	0.000114309
1.3529e-10	0.000106265
1.36253e-10	9.79709e-05
1.37216e-10	8.94227e-05
1.38179e-10	8.06165e-05
1.39141e-10	7.15482e-05
1.40104e-10	6.22138e-05
1.41067e-10	5.26092e-05
1.4203e-10	4.27305e-05
1.42993e-10	3.25734e-05
1.43956e-10	2.21339e-05
1.44919e-10	1.14079e-05
1.45882e-10	3.91175e-07
1.46845e-10	-1.09204e-05
1.47808e-10	-2.25309e-05
1.48771e-10	-3.44446e-05
1.49734e-10	-4.66657e-05
1.50696e-10	-5.91984e-05
1.51659e-10	-7.20468e-05
1.52622e-10	-8.52153e-05
1.53585e-10	-9.8708e-05
1.54548e-10	-0.000112529
1.55511e-10	-0.000126683
1.56474e-10	-0.000141174
1.57437e-10	-0.000156006
1.584e-10	-0.000171184
1.59363e-10	-0.000186711
1.60326e-10	-0.000202593
1.61289e-10	-0.000218833
1.62251e-10	-0.000235435
1.63214e-10	-0.000252404
1.64177e-10	-0.000269744
1.6514e-10	-0.00028746
1.66103e-10	-0.000305555
1.67066e-10	-0.000324033
1.68029e-10	-0.0003429
1.68992e-10	-0.000362159
1.69955e-10	-0.000381814
1.70918e-10	-0.000401869
1.71881e-10	-0.00042233
1.72844e-10	-0.000443199
1.73806e-10	-0.000464481
1.74769e-10	-0.00048618
1.75732e-10	-0.0005083
1.76695e-10	-0.000530846
1.77658e-10	-0.000553821
1.78621e-10	-0.000577228
1.79584e-10	-0.000601073
1.80547e-10	-0.000625359
1.8151e-10	-0.00065009
1.82473e-10	-0.00067527
1.83436e-10	-0.000700903
1.84399e-10	-0.000726992
1.85361e-10	-0.000753541
1.86324e-10	-0.000780554
1.87287e-10	-0.000808035
1.8825e-10	-0.000835987
1.89213e-10	-0.000864413
1.90176e-10	-0.000893318
1.91139e-10	-0.000922704
1.92102e-10	-0.000952576
1.93065e-10	-0.000982936
1.94028e-10	-0.00101379
1.94991e-10	-0.00104513
1.95954e-10	-0.00107698
1.96916e-10	-0.00110932
1.97879e-10	-0.00114217
1.98842e-10	-0.00117553
1.99805e-10	-0.0012094
2.00768e-10	-0.00124378
2.01731e-10	-0.00127867
2.02694e-10	-0.00131408
2.03657e-10	-0.00135002
2.0462e-10	-0.00138647
2.05583e-10	-0.00142346
2.06546e-10	-0.00146096
2.07509e-10	-0.001499
2.08471e-10	-0.00153757
2.09434e-10	-0.00157668
2.10397e-10	-0.00161632
2.1136e-10	-0.0016565
2.12323e-10	-0.00169721
2.13286e-10	-0.00173847
2.14249e-10	-0.00178027
2.15212e-10	-0.00182261
2.16175e-10	-0.0018655
2.17138e-10	-0.00190893
2.18101e-10	-0.00195291
2.19064e-10	-0.00199744
2.20026e-10	-0.00204251
2.20989e-10	-0.00208814
2.21952e-10	-0.00213431
2.22915e-10	-0.00218103
2.23878e-10	-0.0022283
2.24841e-10	-0.00227612
2.25804e-10	-0.00232448
2.26767e-10	-0.0023734
2.2773e-10	-0.00242286
2.28693e-10	-0.00247287
2.29656e-10	-0.00252343
2.30619e-10	-0.00257454
2.31581e-10	-0.00262618
2.32544e-10	-0.00267837
2.33507e-10	-0.00273111
2.3447e-10	-0.00278438
2.35433e-10	-0.00283819
2.36396e-10	-0.00289253
2.37359e-10	-0.00294741
2.38322e-10	-0.00300282
2.39285e-10	-0.00305875
2.40248e-10	-0.00311522
2.41211e-10	-0.0031722
2.42174e-10	-0.0032297
2.43136e-10	-0.00328772
2.44099e-10	-0.00334625
2.45062e-10	-0.00340529
2.46025e-10	-0.00346483
2.46988e-10	-0.00352487
2.47951e-10	-0.00358541
2.48914e-10	-0.00364643
2.49877e-10	-0.00370794
2.5084e-10	-0.00376993
2.51803e-10	-0.00383239
2.52766e-10	-0.00389532
2.53729e-10	-0.00395871
2.54691e-10	-0.00402256
2.55654e-10	-0.00408686
2.56617e-10	-0.00415159
2.5758e-10	-0.00421676
2.58543e-10	-0.00428236
2.59506e-10	-0.00434838
2.60469e-10	-0.00441481
2.61432e-10	-0.00448165
2.62395e-10	-0.00454888
2.63358e-10	-0.00461649
2.64321e-10	-0.00468448
2.65284e-10	-0.00475284
2.66246e-10	-0.00482156
2.67209e-10	-0.00489063
2.68172e-10	-0.00496003
2.69135e-10	-0.00502976
2.70098e-10	-0.00509981
2.71061e-10	-0.00517016
2.72024e-10	-0.0052408
2.72987e-10	-0.00531173
2.7395e-10	-0.00538293
2.74913e-10	-0.00545438
2.75876e-10	-0.00552608
2.76839e-10	-0.00559801
2.77801e-10	-0.00567015
2.78764e-10	-0.0057425
2.79727e-10	-0.00581504
2.8069e-10	-0.00588775
2.81653e-10	-0.00596063
2.82616e-10	-0.00603365
2.83579e-10	-0.00610679
2.84542e-10	-0.00618005
2.85505e-10	-0.00625341
2.86468e-10	-0.00632685
2.87431e-10	-0.00640035
2.88394e-10	-0.00647389
2.89356e-10	-0.00654747
2.90319e-10	-0.00662105
2.91282e-10	-0.00669462
2.92245e-10	-0.00676817
2.93208e-10	-0.00684167
2.94171e-10	-0.0069151
2.95134e-10	-0.00698845
2.96097e-10	-0.00706169
2.9706e-10	-0.0071348
2.98023e-10	-0.00720776
2.98986e-10	-0.00728055
2.99949e-10	-0.00735314
3.00911e-10	-0.00742552
3.01874e-10	-0.00749766
3.02837e-10	-0.00756954
3.038e-10	-0.00764114
3.04763e-10	-0.00771242
3.05726e-10	-0.00778337
3.06689e-10	-0.00785397
3.07652e-10	-0.00792417
3.08615e-10	-0.00799397
3.09578e-10	-0.00806333
3.10541e-10	-0.00813223
3.11504e-10	-0.00820064
3.12466e-10	-0.00826853
3.13429e-10	-0.00833588
3.14392e-10	-0.00840265
3.15355e-10	-0.00846883
3.16318e-10	-0.00853437
3.17281e-10	-0.00859925
3.18244e-10	-0.00866344
3.19207e-10	-0.00872691
3.2017e-10	-0.00878963
3.21133e-10	-0.00885157
3.22096e-10	-0.00891269
3.23059e-10	-0.00897297
3.24021e-10	-0.00903237
3.24984e-10	-0.00909085
3.25947e-10	-0.00914839
3.2691e-10	-0.00920496
3.27873e-10	-0.00926051
3.28836e-10	-0.00931501
3.29799e-10	-0.00936844
3.30762e-10	-0.00942074
3.31725e-10	-0.00947189
3.32688e-10	-0.00952185
3.33651e-10	-0.00957059
3.34614e-10	-0.00961806
3.35576e-10	-0.00966423
3.36539e-10	-0.00970907
3.37502e-10	-0.00975253
3.38465e-10	-0.00979457
3.39428e-10	-0.00983516
3.40391e-10	-0.00987425
3.41354e-10	-0.00991181
3.42317e-10	-0.0099478
3.4328e-10	-0.00998217
3.44243e-10	-0.0100149
3.45206e-10	-0.0100459
3.46169e-10	-0.0100752
3.47131e-10	-0.0101027
3.48094e-10	-0.0101284
3.49057e-10	-0.0101522
3.5002e-10	-0.0101741
3.50983e-10	-0.010194
3.51946e-10	-0.010212
3.52909e-10	-0.0102279
3.53872e-10	-0.0102417
3.54835e-10	-0.0102534
3.55798e-10	-0.0102629
3.56761e-10	-0.0102702
3.57724e-10	-0.0102753
3.58686e-10	-0.010278
3.59649e-10	-0.0102783
3.60612e-10	-0.0102763
3.61575e-10	-0.0102718
3.62538e-10	-0.0102648
3.63501e-10	-0.0102552
3.64464e-10	-0.010243
3.65427e-10	-0.0102282
3.6639e-10	-0.0102107
3.67353e-10	-0.0101905
3.68316e-10	-0.0101675
3.69279e-10	-0.0101416
3.70241e-10	-0.0101128
3.71204e-10	-0.0100811
3.72167e-10	-0.0100464
3.7313e-10	-0.0100087
3.74093e-10	-0.00996785
3.75056e-10	-0.00992387
3.76019e-10	-0.0098767
3.76982e-10	-0.00982629
3.77945e-10	-0.00977258
3.78908e-10	-0.00971552
3.79871e-10	-0.00965507
3.80834e-10	-0.00959117
3.81796e-10	-0.00952377
3.82759e-10	-0.00945281
3.83722e-10	-0.00937825
3.84685e-10	-0.00930003
3.85648e-10	-0.0092181
3.86611e-10	-0.00913242
3.87574e-10	-0.00904292
3.88537e-10	-0.00894955
3.895e-10	-0.00885227
3.90463e-10	-0.00875102
3.91426e-10	-0.00864574
3.92389e-10	-0.0085364
3.93351e-10	-0.00842293
3.94314e-10	-0.00830527
3.95277e-10	-0.00818339
3.9624e-10	-0.00805723
3.97203e-10	-0.00792673
3.98166e-10	-0.00779185
3.99129e-10	-0.00765253
4.00092e-10	-0.00750872
4.01055e-10	-0.00736037
4.02018e-10	-0.00720743
4.02981e-10	-0.00704984
4.03944e-10	-0.00688756
4.04906e-10	-0.00672053
4.05869e-10	-0.00654871
4.06832e-10	-0.00637204
4.07795e-10	-0.00619048
4.08758e-10	-0.00600397
4.09721e-10	-0.00581246
4.10684e-10	-0.00561591
4.11647e-10	-0.00541426
4.1261e-10	-0.00520748
4.13573e-10	-0.0049955
4.14536e-10	-0.00477828
4.15499e-10	-0.00455577
4.16461e-10	-0.00432794
4.17424e-10	-0.00409472
4.18387e-10	-0.00385607
4.1935e-10	-0.00361195
4.20313e-10	-0.00336232
4.21276e-10	-0.00310712
4.22239e-10	-0.00284631
4.23202e-10	-0.00257985
4.24165e-10	-0.0023077
4.25128e-10	-0.00202981
4.26091e-10	-0.00174614
4.27054e-10	-0.00145665
4.28016e-10	-0.0011613
4.28979e-10	-0.000860044
4.29942e-10	-0.000552846
4.30905e-10	-0.000239668
4.31868e-10	7.95293e-05
4.32831e-10	0.000404784
4.33794e-10	0.000736132
4.34757e-10	0.00107361
4.3572e-10	0.00141725
4.36683e-10	0.00176709
4.37646e-10	0.00212317
4.38609e-10	0.00248551
4.39571e-10	0.00285414
4.40534e-10	0.00322911
4.41497e-10	0.00361043
4.4246e-10	0.00399815
4.43423e-10	0.00439227
4.44386e-10	0.00479284
4.45349e-10	0.00519988
4.46312e-10	0.00561342
4.47275e-10	0.00603347
4.48238e-10	0.00646006
4.49201e-10	0.00689322
4.50164e-10	0.00733296
4.51126e-10	0.0077793
4.52089e-10	0.00823226
4.53052e-10	0.00869187
4.54015e-10	0.00915813
4.54978e-10	0.00963106
4.55941e-10	0.0101107
4.56904e-10	0.010597
4.57867e-10	0.01109
4.5883e-10	0.0115897
4.59793e-10	0.0120962
4.60756e-10	0.0126094
4.61719e-10	0.0131293
4.62681e-10	0.013656
4.63644e-10	0.0141894
4.64607e-10	0.0147296
4.6557e-10	0.0152765
4.66533e-10	0.0158301
4.67496e-10	0.0163905
4.68459e-10	0.0169577
4.69422e-10	0.0175315
4.70385e-10	0.0181121
4.71348e-10	0.0186994
4.72311e-10	0.0192934
4.73274e-10	0.0198941
4.74236e-10	0.0205015
4.75199e-10	0.0211155
4.76162e-10	0.0217362
4.77125e-10	0.0223634
4.78088e-10	0.0229973
4.79051e-10	0.0236378
4.80014e-10	0.0242848
4.80977e-10	0.0249383
4.8194e-10	0.0255983
4.82903e-10	0.0262648
4.83866e-10	0.0269378
4.84829e-10	0.0276171
4.85791e-10	0.0283028
4.86754e-10	0.0289948
4.87717e-10	0.0296931
4.8868e-10	0.0303976
4.89643e-10	0.0311083
4.90606e-10	0.0318252
4.91569e-10	0.0325482
4.92532e-10	0.0332772
4.93495e-10	0.0340122
4.94458e-10	0.0347532
4.95421e-10	0.0355
4.96384e-10	0.0362527
4.97346e-10	0.0370111
4.98309e-10	0.0377753
4.99272e-10	0.0385451
5.00235e-10	0.0393204
5.01198e-10	0.0401013
5.02161e-10	0.0408876
5.03124e-10	0.0416792
5.04087e-10	0.0424761
5.0505e-10	0.0432782
5.06013e-10	0.0440854
5.06976e-10	0.0448977
5.07939e-10	0.0457149
5.08901e-10	0.0465369
5.09864e-10	0.0473638
5.10827e-10	0.0481953
5.1179e-10	0.0490313
5.12753e-10	0.0498719
5.13716e-10	0.0507168
5.14679e-10	0.051566
5.15642e-10	0.0524194
5.16605e-10	0.0532768
5.17568e-10	0.0541382
5.18531e-10	0.0550034
5.19494e-10	0.0558724
5.20456e-10	0.0567449
5.21419e-10	0.0576209
5.22382e-10	0.0585003
5.23345e-10	0.059383
5.24308e-10	0.0602687
5.25271e-10	0.0611575
5.26234e-10	0.0620491
5.27197e-10	0.0629433
5.2816e-10	0.0638402
5.29123e-10	0.0647395
5.30086e-10	0.0656411
5.31049e-10	0.0665448
5.32011e-10	0.0674506
5.32974e-10	0.0683581
5.33937e-10	0.0692674
5.349e-10	0.0701782
5.35863e-10	0.0710904
5.36826e-10	0.0720038
5.37789e-10	0.0729183
5.38752e-10	0.0738336
5.39715e-10	0.0747497
5.40678e-10	0.0756663
5.41641e-10	0.0765833
5.42604e-10	0.0775005
5.43566e-10	0.0784177
5.44529e-10	0.0793348
5.45492e-10	0.0802515
5.46455e-10	0.0811676
5.47418e-10	0.0820831
5.48381e-10	0.0829976
5.49344e-10	0.0839111
5.50307e-10	0.0848232
5.5127e-10	0.0857339
5.52233e-10	0.0866428
5.53196e-10	0.0875499
5.54159e-10	0.0884548
5.55121e-10	0.0893574
5.56084e-10	0.0902575
5.57047e-10	0.0911548
5.5801e-10	0.0920492
5.58973e-10	0.0929404
5.59936e-10	0.0938282
5.60899e-10	0.0947124
5.61862e-10	0.0955928
5.62825e-10	0.0964691
5.63788e-10	0.097341
5.64751e-10	0.0982085
5.65714e-10	0.0990712
5.66676e-10	0.0999289
5.67639e-10	0.100781
5.68602e-10	0.101628
5.69565e-10	0.10247
5.70528e-10	0.103305
5.71491e-10	0.104134
5.72454e-10	0.104957
5.73417e-10	0.105772
5.7438e-10	0.106581
5.75343e-10	0.107383
5.76306e-10	0.108177
5.77269e-10	0.108964
5.78231e-10	0.109742
5.79194e-10	0.110513
5.80157e-10	0.111274
5.8112e-10	0.112027
5.82083e-10	0.112771
5.83046e-10	0.113506
5.84009e-10	0.114231
5.84972e-10	0.114946
5.85935e-10	0.115651
5.86898e-10	0.116346
5.87861e-10	0.11703
5.88823e-10	0.117703
5.89786e-10	0.118364
5.90749e-10	0.119015
5.91712e-10	0.119653
5.92675e-10	0.120279
5.93638e-10	0.120893
5.94601e-10	0.121495
5.95564e-10	0.122083
5.96527e-10	0.122658
5.9749e-10	0.12322
5.98453e-10	0.123768
5.99416e-10	0.124301
6.00378e-10	0.124821
6.01341e-10	0.125326
6.02304e-10	0.125815
6.03267e-10	0.12629
6.0423e-10	0.126749
6.05193e-10	0.127192
6.06156e-10	0.127618
6.07119e-10	0.128029
6.08082e-10	0.128423
6.09045e-10	0.128799
6.10008e-10	0.129159
6.10971e-10	0.1295
6.11933e-10	0.129824
6.12896e-10	0.13013
6.13859e-10	0.130417
6.14822e-10	0.130685
6.15785e-10	0.130934
6.16748e-10	0.131164
6.17711e-10	0.131374
6.18674e-10	0.131564
6.19637e-10	0.131734
6.206e-10	0.131883
6.21563e-10	0.132012
6.22526e-10	0.132119
6.23488e-10	0.132205
6.24451e-10	0.132268
6.25414e-10	0.13231
6.26377e-10	0.13233
6.2734e-10	0.132327
6.28303e-10	0.132301
6.29266e-10	0.132252
6.30229e-10	0.132179
6.31192e-10	0.132083
6.32155e-10	0.131962
6.33118e-10	0.131817
6.34081e-10	0.131648
6.35043e-10	0.131454
6.36006e-10	0.131234
6.36969e-10	0.130989
6.37932e-10	0.130718
6.38895e-10	0.130422
6.39858e-10	0.130099
6.40821e-10	0.129749
6.41784e-10	0.129373
6.42747e-10	0.12897
6.4371e-10	0.128539
6.44673e-10	0.128081
6.45636e-10	0.127595
6.46598e-10	0.12708
6.47561e-10	0.126538
6.48524e-10	0.125967
6.49487e-10	0.125367
6.5045e-10	0.124738
6.51413e-10	0.124079
6.52376e-10	0.123392
6.53339e-10	0.122674
6.54302e-10	0.121926
6.55265e-10	0.121148
6.56228e-10	0.12034
6.57191e-10	0.1195
6.58153e-10	0.11863
6.59116e-10	0.117729
6.60079e-10	0.116797
6.61042e-10	0.115833
6.62005e-10	0.114837
6.62968e-10	0.113809
6.63931e-10	0.112749
6.64894e-10	0.111657
6.65857e-10	0.110532
6.6682e-10	0.109375
6.67783e-10	0.108184
6.68746e-10	0.106961
6.69708e-10	0.105704
6.70671e-10	0.104414
6.71634e-10	0.103091
6.72597e-10	0.101734
6.7356e-10	0.100343
6.74523e-10	0.0989177
6.75486e-10	0.0974586
6.76449e-10	0.0959652
6.77412e-10	0.0944375
6.78375e-10	0.0928752
6.79338e-10	0.0912784
6.80301e-10	0.0896467
6.81263e-10	0.0879803
6.82226e-10	0.0862789
6.83189e-10	0.0845425
6.84152e-10	0.0827709
6.85115e-10	0.0809641
6.86078e-10	0.079122
6.87041e-10	0.0772446
6.88004e-10	0.0753317
6.88967e-10	0.0733833
6.8993e-10	0.0713994
6.90893e-10	0.0693799
6.91856e-10	0.0673247
6.92818e-10	0.0652339
6.93781e-10	0.0631074
6.94744e-10	0.0609452
6.95707e-10	0.0587472
6.9667e-10	0.0565135
6.97633e-10	0.0542441
6.98596e-10	0.0519389
6.99559e-10	0.049598
7.00522e-10	0.0472214
7.01485e-10	0.0448091
7.02448e-10	0.0423611
7.03411e-10	0.0398776
7.04373e-10	0.0373585
7.05336e-10	0.0348039
7.06299e-10	0.0322139
7.07262e-10	0.0295884
7.08225e-10	0.0269277
7.09188e-10	0.0242318
7.10151e-10	0.0215008
7.11114e-10	0.0187348
7.12077e-10	0.0159339
7.1304e-10	0.0130981
7.14003e-10	0.0102277
7.14966e-10	0.00732282
7.15928e-10	0.0043835
7.16891e-10	0.00140994
7.17854e-10	-0.00159772
7.18817e-10	-0.0046393
7.1978e-10	-0.00771465
7.20743e-10	-0.0108236
7.21706e-10	-0.0139659
7.22669e-10	-0.0171414
7.23632e-10	-0.0203499
7.24595e-10	-0.0235911
7.25558e-10	-0.026865
7.26521e-10	-0.0301711
7.27483e-10	-0.0335094
7.28446e-10	-0.0368795
7.29409e-10	-0.0402812
7.30372e-10	-0.0437142
7.31335e-10	-0.0471783
7.32298e-10	-0.0506731
7.33261e-10	-0.0541985
7.34224e-10	-0.057754
7.35187e-10	-0.0613394
7.3615e-10	-0.0649545
7.37113e-10	-0.0685987
7.38076e-10	-0.0722719
7.39038e-10	-0.0759737
7.40001e-10	-0.0797037
7.40964e-10	-0.0834616
7.41927e-10	-0.087247
7.4289e-10	-0.0910596
7.43853e-10	-0.0948989
7.44816e-10	-0.0987646
7.45779e-10	-0.102656
7.46742e-10	-0.106574
7.47705e-10	-0.110516
7.48668e-10	-0.114483
7.49631e-10	-0.118474
7.50593e-10	-0.12249
7.51556e-10	-0.126528
7.52519e-10	-0.13059
7.53482e-10	-0.134674
7.54445e-10	-0.13878
7.55408e-10	-0.142908
7.56371e-10	-0.147056
7.57334e-10	-0.151226
7.58297e-10	-0.155415
7.5926e-10	-0.159624
7.60223e-10	-0.163851
7.61186e-10	-0.168097
7.62148e-10	-0.172361
7.63111e-10	-0.176643
7.64074e-10	-0.180941
7.65037e-10	-0.185255
7.66e-10	-0.189585
7.66963e-10	-0.19393
7.67926e-10	-0.19829
7.68889e-10	-0.202663
7.69852e-10	-0.20705
7.70815e-10	-0.21145
7.71778e-10	-0.215861
7.72741e-10	-0.220284
7.73703e-10	-0.224718
7.74666e-10	-0.229161
7.75629e-10	-0.233615
7.76592e-10	-0.238077
7.77555e-10	-0.242547
7.78518e-10	-0.247025
7.79481e-10	-0.25151
7.80444e-10	-0.256001
7.81407e-10	-0.260497
7.8237e-10	-0.264998
7.83333e-10	-0.269503
7.84296e-10	-0.274011
7.85258e-10	-0.278522
7.86221e-10	-0.283035
7.87184e-10	-0.287549
7.88147e-10	-0.292063
7.8911e-10	-0.296577
7.90073e-10	-0.30109
7.91036e-10	-0.305602
7.91999e-10	-0.31011
7.92962e-10	-0.314615
7.93925e-10	-0.319116
7.94888e-10	-0.323613
7.95851e-10	-0.328103
7.96813e-10	-0.332587
7.97776e-10	-0.337064
7.98739e-10	-0.341532
7.99702e-10	-0.345992
8.00665e-10	-0.350442
8.01628e-10	-0.354882
8.02591e-10	-0.35931
8.03554e-10	-0.363726
8.04517e-10	-0.368129
8.0548e-10	-0.372518
8.06443e-10	-0.376893
8.07406e-10	-0.381252
8.08368e-10	-0.385595
8.09331e-10	-0.389921
8.10294e-10	-0.394228
8.11257e-10	-0.398517
8.1222e-10	-0.402786
8.13183e-10	-0.407035
8.14146e-10	-0.411262
8.15109e-10	-0.415467
8.16072e-10	-0.419648
8.17035e-10	-0.423806
8.17998e-10	-0.427939
8.18961e-10	-0.432046
8.19923e-10	-0.436126
8.20886e-10	-0.440179
8.21849e-10	-0.444204
8.22812e-10	-0.448199
8.23775e-10	-0.452164
8.24738e-10	-0.456098
8.25701e-10	-0.46
8.26664e-10	-0.463869
8.27627e-10	-0.467705
8.2859e-10	-0.471506
8.29553e-10	-0.475272
8.30516e-10	-0.479001
8.31478e-10	-0.482694
8.32441e-10	-0.486348
8.33404e-10	-0.489963
8.34367e-10	-0.493538
8.3533e-10	-0.497073
8.36293e-10	-0.500566
8.37256e-10	-0.504017
8.38219e-10	-0.507424
8.39182e-10	-0.510787
8.40145e-10	-0.514105
8.41108e-10	-0.517377
8.42071e-10	-0.520603
8.43033e-10	-0.52378
8.43996e-10	-0.526909
8.44959e-10	-0.529989
8.45922e-10	-0.533018
8.46885e-10	-0.535997
8.47848e-10	-0.538923
8.48811e-10	-0.541797
8.49774e-10	-0.544617
8.50737e-10	-0.547382
8.517e-10	-0.550092
8.52663e-10	-0.552747
8.53626e-10	-0.555344
8.54588e-10	-0.557883
8.55551e-10	-0.560364
8.56514e-10	-0.562786
8.57477e-10	-0.565147
8.5844e-10	-0.567447
8.59403e-10	-0.569686
8.60366e-10	-0.571862
8.61329e-10	-0.573974
8.62292e-10	-0.576023
8.63255e-10	-0.578006
8.64218e-10	-0.579925
8.65181e-10	-0.581776
8.66143e-10	-0.583561
8.67106e-10	-0.585277
8.68069e-10	-0.586925
8.69032e-10	-0.588504
8.69995e-10	-0.590013
8.70958e-10	-0.591451
8.71921e-10	-0.592817
8.72884e-10	-0.594112
8.73847e-10	-0.595334
8.7481e-10	-0.596482
8.75773e-10	-0.597556
8.76736e-10	-0.598555
8.77698e-10	-0.599479
8.78661e-10	-0.600327
8.79624e-10	-0.601098
8.80587e-10	-0.601792
8.8155e-10	-0.602408
8.82513e-10	-0.602945
8.83476e-10	-0.603403
8.84439e-10	-0.603782
8.85402e-10	-0.60408
8.86365e-10	-0.604298
8.87328e-10	-0.604434
8.88291e-10	-0.604489
8.89253e-10	-0.604461
8.90216e-10	-0.60435
8.91179e-10	-0.604156
8.92142e-10	-0.603879
8.93105e-10	-0.603517
8.94068e-10	-0.60307
8.95031e-10	-0.602538
8.95994e-10	-0.60192
8.96957e-10	-0.601216
8.9792e-10	-0.600426
8.98883e-10	-0.599549
8.99846e-10	-0.598585
9.00808e-10	-0.597533
9.01771e-10	-0.596394
9.02734e-10	-0.595166
9.03697e-10	-0.593849
9.0466e-10	-0.592444
9.05623e-10	-0.590949
9.06586e-10	-0.589365
9.07549e-10	-0.587692
9.08512e-10	-0.585928
9.09475e-10	-0.584074
9.10438e-10	-0.58213
9.11401e-10	-0.580095
9.12363e-10	-0.577969
9.13326e-10	-0.575752
9.14289e-10	-0.573444
9.15252e-10	-0.571044
9.16215e-10	-0.568553
9.17178e-10	-0.565971
9.18141e-10	-0.563297
9.19104e-10	-0.560531
9.20067e-10	-0.557673
9.2103e-10	-0.554724
9.21993e-10	-0.551682
9.22956e-10	-0.548549
9.23918e-10	-0.545324
9.24881e-10	-0.542006
9.25844e-10	-0.538597
9.26807e-10	-0.535096
9.2777e-10	-0.531504
9.28733e-10	-0.527819
9.29696e-10	-0.524043
9.30659e-10	-0.520176
9.31622e-10	-0.516217
9.32585e-10	-0.512167
9.33548e-10	-0.508026
9.34511e-10	-0.503794
9.35473e-10	-0.499471
9.36436e-10	-0.495058
9.37399e-10	-0.490555
9.38362e-10	-0.485961
9.39325e-10	-0.481278
9.40288e-10	-0.476506
9.41251e-10	-0.471644
9.42214e-10	-0.466694
9.43177e-10	-0.461655
9.4414e-10	-0.456528
9.45103e-10	-0.451313
9.46066e-10	-0.446011
9.47028e-10	-0.440622
9.47991e-10	-0.435146
9.48954e-10	-0.429584
9.49917e-10	-0.423937
9.5088e-10	-0.418204
9.51843e-10	-0.412387
9.52806e-10	-0.406485
9.53769e-10	-0.4005
9.54732e-10	-0.394432
9.55695e-10	-0.388281
9.56658e-10	-0.382048
9.57621e-10	-0.375733
9.58583e-10	-0.369338
9.59546e-10	-0.362863
9.60509e-10	-0.356308
9.61472e-10	-0.349674
9.62435e-10	-0.342962
9.63398e-10	-0.336173
9.64361e-10	-0.329307
9.65324e-10	-0.322364
9.66287e-10	-0.315347
9.6725e-10	-0.308254
9.68213e-10	-0.301088
9.69176e-10	-0.293849
9.70138e-10	-0.286538
9.71101e-10	-0.279155
9.72064e-10	-0.271702
9.73027e-10	-0.264179
9.7399e-10	-0.256587
9.74953e-10	-0.248927
9.75916e-10	-0.2412
9.76879e-10	-0.233407
9.77842e-10	-0.225549
9.78805e-10	-0.217626
9.79768e-10	-0.209641
9.80731e-10	-0.201592
9.81693e-10	-0.193483
9.82656e-10	-0.185313
9.83619e-10	-0.177084
9.84582e-10	-0.168796
9.85545e-10	-0.160452
9.86508e-10	-0.152051
9.87471e-10	-0.143595
9.88434e-10	-0.135085
9.89397e-10	-0.126522
9.9036e-10	-0.117907
9.91323e-10	-0.109241
9.92286e-10	-0.100526
9.93248e-10	-0.0917628
9.94211e-10	-0.0829521
9.95174e-10	-0.0740954
9.96137e-10	-0.0651937
9.971e-10	-0.0562484
9.98063e-10	-0.0472606
9.99026e-10	-0.0382316
9.99989e-10	-0.0291626
1.00095e-09	-0.0200548
1.00191e-09	-0.0109095
1.00288e-09	-0.00172799
1.00384e-09	0.00748849
1.0048e-09	0.0167386
1.00577e-09	0.0260212
1.00673e-09	0.0353347
1.00769e-09	0.0446781
1.00866e-09	0.0540498
1.00962e-09	0.0634487
1.01058e-09	0.0728732
1.01154e-09	0.0823222
1.01251e-09	0.0917942
1.01347e-09	0.101288
1.01443e-09	0.110802
1.0154e-09	0.120335
1.01636e-09	0.129885
1.01732e-09	0.139451
1.01828e-09	0.149032
1.01925e-09	0.158627
1.02021e-09	0.168233
1.02117e-09	0.17785
1.02214e-09	0.187475
1.0231e-09	0.197109
1.02406e-09	0.206748
1.02502e-09	0.216392
1.02599e-09	0.226039
1.02695e-09	0.235688
1.02791e-09	0.245338
1.02888e-09	0.254986
1.02984e-09	0.264632
1.0308e-09	0.274273
1.03177e-09	0.283909
1.03273e-09	0.293538
1.03369e-09	0.303158
1.03465e-09	0.312768
1.03562e-09	0.322367
1.03658e-09	0.331953
1.03754e-09	0.341524
1.03851e-09	0.35108
1.03947e-09	0.360618
1.04043e-09	0.370137
1.04139e-09	0.379635
1.04236e-09	0.389112
1.04332e-09	0.398565
1.04428e-09	0.407993
1.04525e-09	0.417395
1.04621e-09	0.426769
1.04717e-09	0.436114
1.04813e-09	0.445427
1.0491e-09	0.454709
1.05006e-09	0.463957
1.05102e-09	0.473169
1.05199e-09	0.482344
1.05295e-09	0.491482
1.05391e-09	0.500579
1.05488e-09	0.509636
1.05584e-09	0.51865
1.0568e-09	0.527619
1.05776e-09	0.536544
1.05873e-09	0.545421
1.05969e-09	0.55425
1.06065e-09	0.563029
1.06162e-09	0.571756
1.06258e-09	0.580431
1.06354e-09	0.589052
1.0645e-09	0.597617
1.06547e-09	0.606126
1.06643e-09	0.614576
1.06739e-09	0.622966
1.06836e-09	0.631295
1.06932e-09	0.639562
1.07028e-09	0.647765
1.07124e-09	0.655903
1.07221e-09	0.663974
1.07317e-09	0.671978
1.07413e-09	0.679912
1.0751e-09	0.687776
1.07606e-09	0.695567
1.07702e-09	0.703286
1.07799e-09	0.710931
1.07895e-09	0.718499
1.07991e-09	0.725991
1.08087e-09	0.733405
1.08184e-09	0.740739
1.0828e-09	0.747993
1.08376e-09	0.755164
1.08473e-09	0.762253
1.08569e-09	0.769258
1.08665e-09	0.776177
1.08761e-09	0.783009
1.08858e-09	0.789754
1.08954e-09	0.796409
1.0905e-09	0.802975
1.09147e-09	0.80945
1.09243e-09	0.815832
1.09339e-09	0.822121
1.09435e-09	0.828316
1.09532e-09	0.834416
1.09628e-09	0.840419
1.09724e-09	0.846324
1.09821e-09	0.852131
1.09917e-09	0.857839
1.10013e-09	0.863446
1.1011e-09	0.868952
1.10206e-09	0.874356
1.10302e-09	0.879656
1.10398e-09	0.884852
1.10495e-09	0.889943
1.10591e-09	0.894929
1.10687e-09	0.899807
1.10784e-09	0.904578
1.1088e-09	0.909241
1.10976e-09	0.913794
1.11072e-09	0.918238
1.11169e-09	0.92257
1.11265e-09	0.926792
1.11361e-09	0.930901
1.11458e-09	0.934897
1.11554e-09	0.938779
1.1165e-09	0.942548
1.11746e-09	0.946201
1.11843e-09	0.949739
1.11939e-09	0.953161
1.12035e-09	0.956466
1.12132e-09	0.959654
1.12228e-09	0.962724
1.12324e-09	0.965675
1.12421e-09	0.968508
1.12517e-09	0.971221
1.12613e-09	0.973815
1.12709e-09	0.976288
1.12806e-09	0.97864
1.12902e-09	0.980871
1.12998e-09	0.982981
1.13095e-09	0.984969
1.13191e-09	0.986835
1.13287e-09	0.988578
1.13383e-09	0.990199
1.1348e-09	0.991696
1.13576e-09	0.99307
1.13672e-09	0.99432
1.13769e-09	0.995446
1.13865e-09	0.996449
1.13961e-09	0.997327
1.14057e-09	0.998081
1.14154e-09	0.99871
1.1425e-09	0.999215
1.14346e-09	0.999595
1.14443e-09	0.999851
1.14539e-09	0.999981
1.14635e-09	0.999987
1.14732e-09	0.999868
1.14828e-09	0.999624
1.14924e-09	0.999256
1.1502e-09	0.998763
1.15117e-09	0.998145
1.15213e-09	0.997403
1.15309e-09	0.996536
1.15406e-09	0.995545
1.15502e-09	0.99443
1.15598e-09	0.993191
1.15694e-09	0.991829
1.15791e-09	0.990343
1.15887e-09	0.988734
1.15983e-09	0.987002
1.1608e-09	0.985148
1.16176e-09	0.983172
1.16272e-09	0.981073
1.16368e-09	0.978853
1.16465e-09	0.976512
1.16561e-09	0.97405
1.16657e-09	0.971468
1.16754e-09	0.968766
1.1685e-09	0.965944
1.16946e-09	0.963004
1.17043e-09	0.959945
1.17139e-09	0.956768
1.17235e-09	0.953474
1.17331e-09	0.950063
1.17428e-09	0.946536
1.17524e-09	0.942893
1.1762e-09	0.939135
1.17717e-09	0.935263
1.17813e-09	0.931278
1.17909e-09	0.927179
1.18005e-09	0.922968
1.18102e-09	0.918646
1.18198e-09	0.914213
1.18294e-09	0.90967
1.18391e-09	0.905017
1.18487e-09	0.900256
1.18583e-09	0.895387
1.18679e-09	0.890412
1.18776e-09	0.885331
1.18872e-09	0.880144
1.18968e-09	0.874854
1.19065e-09	0.86946
1.19161e-09	0.863963
1.19257e-09	0.858365
1.19354e-09	0.852667
1.1945e-09	0.846869
1.19546e-09	0.840973
1.19642e-09	0.834979
1.19739e-09	0.828888
1.19835e-09	0.822702
1.19931e-09	0.816422
1.20028e-09	0.810048
1.20124e-09	0.803582
1.2022e-09	0.797025
1.20316e-09	0.790377
1.20413e-09	0.783641
1.20509e-09	0.776816
1.20605e-09	0.769906
1.20702e-09	0.762909
1.20798e-09	0.755828
1.20894e-09	0.748664
1.2099e-09	0.741418
1.21087e-09	0.734091
1.21183e-09	0.726685
1.21279e-09	0.7192
1.21376e-09	0.711639
1.21472e-09	0.704001
1.21568e-09	0.696289
1.21665e-09	0.688504
1.21761e-09	0.680647
1.21857e-09	0.672719
1.21953e-09	0.664723
1.2205e-09	0.656658
1.22146e-09	0.648526
1.22242e-09	0.640329
1.22339e-09	0.632068
1.22435e-09	0.623744
1.22531e-09	0.61536
1.22627e-09	0.606915
1.22724e-09	0.598412
1.2282e-09	0.589852
1.22916e-09	0.581236
1.23013e-09	0.572566
1.23109e-09	0.563844
1.23205e-09	0.555069
1.23301e-09	0.546245
1.23398e-09	0.537372
1.23494e-09	0.528452
1.2359e-09	0.519487
1.23687e-09	0.510477
1.23783e-09	0.501425
1.23879e-09	0.492331
1.23976e-09	0.483197
1.24072e-09	0.474025
1.24168e-09	0.464816
1.24264e-09	0.455572
1.24361e-09	0.446293
1.24457e-09	0.436982
1.24553e-09	0.427641
1.2465e-09	0.418269
1.24746e-09	0.40887
1.24842e-09	0.399444
1.24938e-09	0.389993
1.25035e-09	0.380519
1.25131e-09	0.371022
1.25227e-09	0.361505
1.25324e-09	0.351969
1.2542e-09	0.342415
1.25516e-09	0.332845
1.25612e-09	0.32326
1.25709e-09	0.313663
1.25805e-09	0.304054
1.25901e-09	0.294434
1.25998e-09	0.284806
1.26094e-09	0.275171
1.2619e-09	0.26553
1.26287e-09	0.255884
1.26383e-09	0.246236
1.26479e-09	0.236587
1.26575e-09	0.226938
1.26672e-09	0.21729
1.26768e-09	0.207646
1.26864e-09	0.198006
1.26961e-09	0.188372
1.27057e-09	0.178746
1.27153e-09	0.169128
1.27249e-09	0.159521
1.27346e-09	0.149925
1.27442e-09	0.140343
1.27538e-09	0.130775
1.27635e-09	0.121223
1.27731e-09	0.111689
1.27827e-09	0.102173
1.27923e-09	0.0926775
1.2802e-09	0.0832034
1.28116e-09	0.0737522
1.28212e-09	0.0643253
1.28309e-09	0.054924
1.28405e-09	0.0455497
1.28501e-09	0.0362037
1.28598e-09	0.0268873
1.28694e-09	0.0176018
1.2879e-09	0.00834857
1.28886e-09	-0.000871097
1.28983e-09	-0.0100559
1.29079e-09	-0.0192046
1.29175e-09	-0.028316
1.29272e-09	-0.0373887
1.29368e-09	-0.0464215
1.29464e-09	-0.0554131
1.2956e-09	-0.0643625
1.29657e-09	-0.0732682
1.29753e-09	-0.0821292
1.29849e-09	-0.0909443
1.29946e-09	-0.0997122
1.30042e-09	-0.108432
1.30138e-09	-0.117102
1.30234e-09	-0.125722
1.30331e-09	-0.134289
1.30427e-09	-0.142804
1.30523e-09	-0.151266
1.3062e-09	-0.159672
1.30716e-09	-0.168022
1.30812e-09	-0.176314
1.30909e-09	-0.184549
1.31005e-09	-0.192725
1.31101e-09	-0.20084
1.31197e-09	-0.208894
1.31294e-09	-0.216885
1.3139e-09	-0.224814
1.31486e-09	-0.232678
1.31583e-09	-0.240477
1.31679e-09	-0.24821
1.31775e-09	-0.255876
1.31871e-09	-0.263474
1.31968e-09	-0.271004
1.32064e-09	-0.278464
1.3216e-09	-0.285853
1.32257e-09	-0.293171
1.32353e-09	-0.300417
1.32449e-09	-0.30759
1.32545e-09	-0.314689
1.32642e-09	-0.321714
1.32738e-09	-0.328663
1.32834e-09	-0.335537
1.32931e-09	-0.342333
1.33027e-09	-0.349053
1.33123e-09	-0.355694
1.3322e-09	-0.362256
1.33316e-09	-0.368739
1.33412e-09	-0.375141
1.33508e-09	-0.381463
1.33605e-09	-0.387704
1.33701e-09	-0.393862
1.33797e-09	-0.399938
1.33894e-09	-0.405931
1.3399e-09	-0.411841
1.34086e-09	-0.417666
1.34182e-09	-0.423407
1.34279e-09	-0.429062
1.34375e-09	-0.434632
1.34471e-09	-0.440115
1.34568e-09	-0.445513
1.34664e-09	-0.450823
1.3476e-09	-0.456046
1.34856e-09	-0.461181
1.34953e-09	-0.466228
1.35049e-09	-0.471187
1.35145e-09	-0.476057
1.35242e-09	-0.480838
1.35338e-09	-0.485529
1.35434e-09	-0.490131
1.35531e-09	-0.494642
1.35627e-09	-0.499064
1.35723e-09	-0.503395
1.35819e-09	-0.507635
1.35916e-09	-0.511785
1.36012e-09	-0.515844
1.36108e-09	-0.519811
1.36205e-09	-0.523687
1.36301e-09	-0.527472
1.36397e-09	-0.531164
1.36493e-09	-0.534766
1.3659e-09	-0.538275
1.36686e-09	-0.541693
1.36782e-09	-0.545019
1.36879e-09	-0.548253
1.36975e-09	-0.551394
1.37071e-09	-0.554444
1.37167e-09	-0.557403
1.37264e-09	-0.560269
1.3736e-09	-0.563043
1.37456e-09	-0.565726
1.37553e-09	-0.568317
1.37649e-09	-0.570816
1.37745e-09	-0.573224
1.37842e-09	-0.575541
1.37938e-09	-0.577766
1.38034e-09	-0.5799
1.3813e-09	-0.581944
1.38227e-09	-0.583897
1.38323e-09	-0.585759
1.38419e-09	-0.587531
1.38516e-09	-0.589213
1.38612e-09	-0.590806
1.38708e-09	-0.592309
1.38804e-09	-0.593722
1.38901e-09	-0.595047
1.38997e-09	-0.596283
1.39093e-09	-0.597431
1.3919e-09	-0.598491
1.39286e-09	-0.599463
1.39382e-09	-0.600348
1.39478e-09	-0.601146
1.39575e-09	-0.601858
1.39671e-09	-0.602484
1.39767e-09	-0.603024
1.39864e-09	-0.603479
1.3996e-09	-0.603849
1.40056e-09	-0.604134
1.40153e-09	-0.604336
1.40249e-09	-0.604454
1.40345e-09	-0.60449
1.40441e-09	-0.604443
1.40538e-09	-0.604314
1.40634e-09	-0.604104
1.4073e-09	-0.603813
1.40827e-09	-0.603442
1.40923e-09	-0.602991
1.41019e-09	-0.602461
1.41115e-09	-0.601852
1.41212e-09	-0.601166
1.41308e-09	-0.600402
1.41404e-09	-0.599561
1.41501e-09	-0.598644
1.41597e-09	-0.597652
1.41693e-09	-0.596585
1.41789e-09	-0.595444
1.41886e-09	-0.594229
1.41982e-09	-0.592941
1.42078e-09	-0.591581
1.42175e-09	-0.59015
1.42271e-09	-0.588648
1.42367e-09	-0.587075
1.42464e-09	-0.585434
1.4256e-09	-0.583723
1.42656e-09	-0.581945
1.42752e-09	-0.5801
1.42849e-09	-0.578188
1.42945e-09	-0.57621
1.43041e-09	-0.574168
1.43138e-09	-0.572061
1.43234e-09	-0.569891
1.4333e-09	-0.567658
1.43426e-09	-0.565364
1.43523e-09	-0.563008
1.43619e-09	-0.560592
1.43715e-09	-0.558117
1.43812e-09	-0.555583
1.43908e-09	-0.552991
1.44004e-09	-0.550342
1.441e-09	-0.547637
1.44197e-09	-0.544877
1.44293e-09	-0.542062
1.44389e-09	-0.539193
1.44486e-09	-0.536271
1.44582e-09	-0.533298
1.44678e-09	-0.530273
1.44775e-09	-0.527198
1.44871e-09	-0.524074
1.44967e-09	-0.5209
1.45063e-09	-0.51768
1.4516e-09	-0.514412
1.45256e-09	-0.511098
1.45352e-09	-0.507739
1.45449e-09	-0.504336
1.45545e-09	-0.500889
1.45641e-09	-0.4974
1.45737e-09	-0.493869
1.45834e-09	-0.490298
1.4593e-09	-0.486686
1.46026e-09	-0.483036
1.46123e-09	-0.479347
1.46219e-09	-0.475621
1.46315e-09	-0.471858
1.46411e-09	-0.468061
1.46508e-09	-0.464228
1.46604e-09	-0.460362
1.467e-09	-0.456463
1.46797e-09	-0.452532
1.46893e-09	-0.448569
1.46989e-09	-0.444577
1.47086e-09	-0.440555
1.47182e-09	-0.436505
1.47278e-09	-0.432427
1.47374e-09	-0.428322
1.47471e-09	-0.424192
1.47567e-09	-0.420037
1.47663e-09	-0.415857
1.4776e-09	-0.411654
1.47856e-09	-0.407429
1.47952e-09	-0.403183
1.48048e-09	-0.398915
1.48145e-09	-0.394628
1.48241e-09	-0.390322
1.48337e-09	-0.385998
1.48434e-09	-0.381657
1.4853e-09	-0.377299
1.48626e-09	-0.372926
1.48722e-09	-0.368538
1.48819e-09	-0.364136
1.48915e-09	-0.359722
1.49011e-09	-0.355294
1.49108e-09	-0.350856
1.49204e-09	-0.346407
1.493e-09	-0.341948
1.49397e-09	-0.33748
1.49493e-09	-0.333004
1.49589e-09	-0.328521
1.49685e-09	-0.324031
1.49782e-09	-0.319535
1.49878e-09	-0.315035
1.49974e-09	-0.31053
1.50071e-09	-0.306022
1.50167e-09	-0.301511
1.50263e-09	-0.296998
1.50359e-09	-0.292484
1.50456e-09	-0.287969
1.50552e-09	-0.283455
1.50648e-09	-0.278942
1.50745e-09	-0.274431
1.50841e-09	-0.269922
1.50937e-09	-0.265417
1.51033e-09	-0.260916
1.5113e-09	-0.256419
1.51226e-09	-0.251928
1.51322e-09	-0.247442
1.51419e-09	-0.242964
1.51515e-09	-0.238493
1.51611e-09	-0.23403
1.51708e-09	-0.229576
1.51804e-09	-0.225131
1.519e-09	-0.220696
1.51996e-09	-0.216272
1.52093e-09	-0.21186
1.52189e-09	-0.207459
1.52285e-09	-0.203071
1.52382e-09	-0.198697
1.52478e-09	-0.194336
1.52574e-09	-0.189989
1.5267e-09	-0.185658
1.52767e-09	-0.181342
1.52863e-09	-0.177042
1.52959e-09	-0.172759
1.53056e-09	-0.168494
1.53152e-09	-0.164246
1.53248e-09	-0.160016
1.53344e-09	-0.155806
1.53441e-09	-0.151615
1.53537e-09	-0.147444
1.53633e-09	-0.143293
1.5373e-09	-0.139164
1.53826e-09	-0.135056
1.53922e-09	-0.130969
1.54019e-09	-0.126906
1.54115e-09	-0.122865
1.54211e-09	-0.118847
1.54307e-09	-0.114854
1.54404e-09	-0.110884
1.545e-09	-0.10694
1.54596e-09	-0.10302
1.54693e-09	-0.099126
1.54789e-09	-0.0952578
1.54885e-09	-0.091416
1.54981e-09	-0.087601
1.55078e-09	-0.083813
1.55174e-09	-0.0800525
1.5527e-09	-0.0763199
1.55367e-09	-0.0726155
1.55463e-09	-0.0689396
1.55559e-09	-0.0652926
1.55655e-09	-0.0616749
1.55752e-09	-0.0580867
1.55848e-09	-0.0545283
1.55944e-09	-0.0510002
1.56041e-09	-0.0475025
1.56137e-09	-0.0440355
1.56233e-09	-0.0405996
1.5633e-09	-0.037195
1.56426e-09	-0.0338219
1.56522e-09	-0.0304807
1.56618e-09	-0.0271715
1.56715e-09	-0.0238947
1.56811e-09	-0.0206504
1.56907e-09	-0.0174388
1.57004e-09	-0.0142602
1.571e-09	-0.0111148
1.57196e-09	-0.00800277
1.57292e-09	-0.0049243
1.57389e-09	-0.00187956
1.57485e-09	0.00113126
1.57581e-09	0.00410801
1.57678e-09	0.00705052
1.57774e-09	0.00995866
1.5787e-09	0.0128323
1.57966e-09	0.0156712
1.58063e-09	0.0184754
1.58159e-09	0.0212447
1.58255e-09	0.023979
1.58352e-09	0.0266782
1.58448e-09	0.0293421
1.58544e-09	0.0319708
1.58641e-09	0.0345642
1.58737e-09	0.0371221
1.58833e-09	0.0396445
1.58929e-09	0.0421313
1.59026e-09	0.0445826
1.59122e-09	0.0469982
1.59218e-09	0.0493782
1.59315e-09	0.0517224
1.59411e-09	0.0540309
1.59507e-09	0.0563037
1.59603e-09	0.0585407
1.597e-09	0.060742
1.59796e-09	0.0629076
1.59892e-09	0.0650374
1.59989e-09	0.0671315
1.60085e-09	0.06919
1.60181e-09	0.0712128
1.60277e-09	0.0732
1.60374e-09	0.0751517
1.6047e-09	0.0770679
1.60566e-09	0.0789487
1.60663e-09	0.080794
1.60759e-09	0.0826041
1.60855e-09	0.084379
1.60952e-09	0.0861187
1.61048e-09	0.0878233
1.61144e-09	0.089493
1.6124e-09	0.0911279
1.61337e-09	0.092728
1.61433e-09	0.0942935
1.61529e-09	0.0958244
1.61626e-09	0.097321
1.61722e-09	0.0987833
1.61818e-09	0.100211
1.61914e-09	0.101606
1.62011e-09	0.102966
1.62107e-09	0.104293
1.62203e-09	0.105586
1.623e-09	0.106845
1.62396e-09	0.108072
1.62492e-09	0.109265
1.62588e-09	0.110426
1.62685e-09	0.111553
1.62781e-09	0.112649
1.62877e-09	0.113712
1.62974e-09	0.114742
1.6307e-09	0.115741
1.63166e-09	0.116708
1.63263e-09	0.117644
1.63359e-09	0.118548
1.63455e-09	0.119421
1.63551e-09	0.120263
1.63648e-09	0.121074
1.63744e-09	0.121855
1.6384e-09	0.122605
1.63937e-09	0.123326
1.64033e-09	0.124017
1.64129e-09	0.124678
1.64225e-09	0.125309
1.64322e-09	0.125912
1.64418e-09	0.126486
1.64514e-09	0.127031
1.64611e-09	0.127548
1.64707e-09	0.128037
1.64803e-09	0.128497
1.64899e-09	0.128931
1.64996e-09	0.129337
1.65092e-09	0.129715
1.65188e-09	0.130067
1.65285e-09	0.130393
1.65381e-09	0.130692
1.65477e-09	0.130965
1.65574e-09	0.131212
1.6567e-09	0.131434
1.65766e-09	0.131631
1.65862e-09	0.131803
1.65959e-09	0.13195
1.66055e-09	0.132072
1.66151e-09	0.132171
1.66248e-09	0.132246
1.66344e-09	0.132297
1.6644e-09	0.132325
1.66536e-09	0.132331
1.66633e-09	0.132313
1.66729e-09	0.132273
1.66825e-09	0.132211
1.66922e-09	0.132128
1.67018e-09	0.132023
1.67114e-09	0.131896
1.6721e-09	0.131749
1.67307e-09	0.131581
1.67403e-09	0.131393
1.67499e-09	0.131185
1.67596e-09	0.130957
1.67692e-09	0.130709
1.67788e-09	0.130443
1.67885e-09	0.130157
1.67981e-09	0.129853
1.68077e-09	0.129531
1.68173e-09	0.129191
1.6827e-09	0.128834
1.68366e-09	0.128458
1.68462e-09	0.128066
1.68559e-09	0.127657
1.68655e-09	0.127232
1.68751e-09	0.12679
1.68847e-09	0.126333
1.68944e-09	0.12586
1.6904e-09	0.125372
1.69136e-09	0.124868
1.69233e-09	0.12435
1.69329e-09	0.123818
1.69425e-09	0.123272
1.69521e-09	0.122711
1.69618e-09	0.122137
1.69714e-09	0.12155
1.6981e-09	0.12095
1.69907e-09	0.120337
1.70003e-09	0.119712
1.70099e-09	0.119075
1.70196e-09	0.118426
1.70292e-09	0.117765
1.70388e-09	0.117093
1.70484e-09	0.11641
1.70581e-09	0.115716
1.70677e-09	0.115012
1.70773e-09	0.114298
1.7087e-09	0.113574
1.70966e-09	0.11284
1.71062e-09	0.112097
1.71158e-09	0.111345
1.71255e-09	0.110584
1.71351e-09	0.109814
1.71447e-09	0.109037
1.71544e-09	0.108251
1.7164e-09	0.107457
1.71736e-09	0.106656
1.71832e-09	0.105848
1.71929e-09	0.105033
1.72025e-09	0.104211
1.72121e-09	0.103382
1.72218e-09	0.102548
1.72314e-09	0.101707
1.7241e-09	0.10086
1.72507e-09	0.100008
1.72603e-09	0.0991513
1.72699e-09	0.098289
1.72795e-09	0.097422
1.72892e-09	0.0965504
1.72988e-09	0.0956746
1.73084e-09	0.0947946
1.73181e-09	0.0939107
1.73277e-09	0.0930232
1.73373e-09	0.0921323
1.73469e-09	0.0912382
1.73566e-09	0.0903412
1.73662e-09	0.0894413
1.73758e-09	0.0885389
1.73855e-09	0.0876342
1.73951e-09	0.0867274
1.74047e-09	0.0858186
1.74143e-09	0.0849081
1.7424e-09	0.0839961
1.74336e-09	0.0830828
1.74432e-09	0.0821683
1.74529e-09	0.0812529
1.74625e-09	0.0803368
1.74721e-09	0.0794201
1.74818e-09	0.0785031
1.74914e-09	0.0775859
1.7501e-09	0.0766687
1.75106e-09	0.0757517
1.75203e-09	0.074835
1.75299e-09	0.0739189
1.75395e-09	0.0730035
1.75492e-09	0.0720889
1.75588e-09	0.0711754
1.75684e-09	0.0702631
1.7578e-09	0.0693522
1.75877e-09	0.0684428
1.75973e-09	0.067535
1.76069e-09	0.0666291
1.76166e-09	0.0657252
1.76262e-09	0.0648234
1.76358e-09	0.0639239
1.76454e-09	0.0630268
1.76551e-09	0.0621322
1.76647e-09	0.0612404
1.76743e-09	0.0603514
1.7684e-09	0.0594654
1.76936e-09	0.0585824
1.77032e-09	0.0577027
1.77129e-09	0.0568263
1.77225e-09	0.0559535
1.77321e-09	0.0550842
1.77417e-09	0.0542186
1.77514e-09	0.0533569
1.7761e-09	0.052499
1.77706e-09	0.0516453
1.77803e-09	0.0507957
1.77899e-09	0.0499504
1.77995e-09	0.0491094
1.78091e-09	0.0482729
1.78188e-09	0.047441
1.78284e-09	0.0466137
1.7838e-09	0.0457912
1.78477e-09	0.0449736
1.78573e-09	0.0441609
1.78669e-09	0.0433532
1.78765e-09	0.0425506
1.78862e-09	0.0417532
1.78958e-09	0.0409611
1.79054e-09	0.0401743
1.79151e-09	0.0393929
1.79247e-09	0.0386171
1.79343e-09	0.0378468
1.7944e-09	0.0370821
1.79536e-09	0.0363231
1.79632e-09	0.0355699
1.79728e-09	0.0348225
1.79825e-09	0.034081
1.79921e-09	0.0333454
1.80017e-09	0.0326158
1.80114e-09	0.0318923
1.8021e-09	0.0311748
1.80306e-09	0.0304635
1.80402e-09	0.0297584
1.80499e-09	0.0290595
1.80595e-09	0.0283669
1.80691e-09	0.0276807
1.80788e-09	0.0270008
1.80884e-09	0.0263272
1.8098e-09	0.0256601
1.81076e-09	0.0249995
1.81173e-09	0.0243454
1.81269e-09	0.0236978
1.81365e-09	0.0230567
1.81462e-09	0.0224222
1.81558e-09	0.0217943
1.81654e-09	0.021173
1.81751e-09	0.0205584
1.81847e-09	0.0199504
1.81943e-09	0.0193491
1.82039e-09	0.0187545
1.82136e-09	0.0181665
1.82232e-09	0.0175853
1.82328e-09	0.0170108
1.82425e-09	0.0164431
1.82521e-09	0.015882
1.82617e-09	0.0153278
1.82713e-09	0.0147802
1.8281e-09	0.0142394
1.82906e-09	0.0137054
1.83002e-09	0.0131781
1.83099e-09	0.0126575
1.83195e-09	0.0121437
1.83291e-09	0.0116366
1.83387e-09	0.0111363
1.83484e-09	0.0106426
1.8358e-09	0.0101557
1.83676e-09	0.00967545
1.83773e-09	0.00920189
1.83869e-09	0.00873501
1.83965e-09	0.00827479
1.84062e-09	0.00782121
1.84158e-09	0.00737425
1.84254e-09	0.00693389
1.8435e-09	0.00650012
1.84447e-09	0.00607292
1.84543e-09	0.00565226
1.84639e-09	0.00523812
1.84736e-09	0.00483048
1.84832e-09	0.00442931
1.84928e-09	0.00403458
1.85024e-09	0.00364627
1.85121e-09	0.00326436
1.85217e-09	0.0028888
1.85313e-09	0.00251957
1.8541e-09	0.00215665
1.85506e-09	0.00179999
1.85602e-09	0.00144957
1.85698e-09	0.00110535
1.85795e-09	0.000767302
1.85891e-09	0.000435385
1.85987e-09	0.000109565
1.86084e-09	-0.000210195
1.8618e-09	-0.000523932
1.86276e-09	-0.000831685
1.86373e-09	-0.00113349
1.86469e-09	-0.00142939
1.86565e-09	-0.00171943
1.86661e-09	-0.00200364
1.86758e-09	-0.00228206
1.86854e-09	-0.00255475
1.8695e-09	-0.00282174
1.87047e-09	-0.00308307
1.87143e-09	-0.00333879
1.87239e-09	-0.00358894
1.87335e-09	-0.00383357
1.87432e-09	-0.00407272
1.87528e-09	-0.00430644
1.87624e-09	-0.00453478
1.87721e-09	-0.00475778
1.87817e-09	-0.00497549
1.87913e-09	-0.00518795
1.88009e-09	-0.00539522
1.88106e-09	-0.00559735
1.88202e-09	-0.00579437
1.88298e-09	-0.00598634
1.88395e-09	-0.00617332
1.88491e-09	-0.00635534
1.88587e-09	-0.00653246
1.88684e-09	-0.00670473
1.8878e-09	-0.0068722
1.88876e-09	-0.00703492
1.88972e-09	-0.00719295
1.89069e-09	-0.00734632
1.89165e-09	-0.0074951
1.89261e-09	-0.00763933
1.89358e-09	-0.00777906
1.89454e-09	-0.00791436
1.8955e-09	-0.00804526
1.89646e-09	-0.00817183
1.89743e-09	-0.0082941
1.89839e-09	-0.00841215
1.89935e-09	-0.00852601
1.90032e-09	-0.00863573
1.90128e-09	-0.00874138
1.90224e-09	-0.00884301
1.9032e-09	-0.00894066
1.90417e-09	-0.00903438
1.90513e-09	-0.00912424
1.90609e-09	-0.00921028
1.90706e-09	-0.00929256
1.90802e-09	-0.00937112
1.90898e-09	-0.00944602
1.90995e-09	-0.00951731
1.91091e-09	-0.00958504
1.91187e-09	-0.00964927
1.91283e-09	-0.00971004
1.9138e-09	-0.00976741
1.91476e-09	-0.00982143
1.91572e-09	-0.00987214
1.91669e-09	-0.00991961
1.91765e-09	-0.00996388
1.91861e-09	-0.010005
1.91957e-09	-0.010043
1.92054e-09	-0.010078
1.9215e-09	-0.01011
1.92246e-09	-0.010139
1.92343e-09	-0.0101652
1.92439e-09	-0.0101885
1.92535e-09	-0.010209
1.92631e-09	-0.0102267
1.92728e-09	-0.0102418
1.92824e-09	-0.0102542
1.9292e-09	-0.010264
1.93017e-09	-0.0102712
1.93113e-09	-0.010276
1.93209e-09	-0.0102782
1.93306e-09	-0.0102781
1.93402e-09	-0.0102756
1.93498e-09	-0.0102708
1.93594e-09	-0.0102637
1.93691e-09	-0.0102544
1.93787e-09	-0.0102429
1.93883e-09	-0.0102293
1.9398e-09	-0.0102136
1.94076e-09	-0.0101958
1.94172e-09	-0.010176
1.94268e-09	-0.0101543
1.94365e-09	-0.0101307
1.94461e-09	-0.0101052
1.94557e-09	-0.0100778
1.94654e-09	-0.0100487
1.9475e-09	-0.0100178
1.94846e-09	-0.00998529
1.94942e-09	-0.00995107
1.95039e-09	-0.00991523
1.95135e-09	-0.00987781
1.95231e-09	-0.00983886
1.95328e-09	-0.00979841
1.95424e-09	-0.0097565
1.9552e-09	-0.00971317
1.95617e-09	-0.00966847
1.95713e-09	-0.00962242
1.95809e-09	-0.00957506
1.95905e-09	-0.00952644
1.96002e-09	-0.00947659
1.96098e-09	-0.00942555
1.96194e-09	-0.00937335
1.96291e-09	-0.00932003
1.96387e-09	-0.00926563
1.96483e-09	-0.00921017
1.96579e-09	-0.0091537
1.96676e-09	-0.00909625
1.96772e-09	-0.00903785
1.96868e-09	-0.00897854
1.96965e-09	-0.00891834
1.97061e-09	-0.00885729
1.97157e-09	-0.00879543
1.97253e-09	-0.00873279
1.9735e-09	-0.00866938
1.97446e-09	-0.00860526
1.97542e-09	-0.00854044
1.97639e-09	-0.00847496
1.97735e-09	-0.00840884
1.97831e-09	-0.00834212
1.97928e-09	-0.00827483
1.98024e-09	-0.00820699
1.9812e-09	-0.00813862
1.98216e-09	-0.00806977
1.98313e-09	-0.00800045
1.98409e-09	-0.00793069
1.98505e-09	-0.00786052
1.98602e-09	-0.00778996
1.98698e-09	-0.00771905
1.98794e-09	-0.00764779
1.9889e-09	-0.00757622
1.98987e-09	-0.00750437
1.99083e-09	-0.00743225
1.99179e-09	-0.00735989
1.99276e-09	-0.00728732
1.99372e-09	-0.00721454
1.99468e-09	-0.0071416
1.99564e-09	-0.0070685
1.99661e-09	-0.00699527
1.99757e-09	-0.00692194
1.99853e-09	-0.00684851
1.9995e-09	-0.00677502
2.00046e-09	-0.00670148
2.00142e-09	-0.0066279
2.00239e-09	-0.00655432
2.00335e-09	-0.00648074
2.00431e-09	-0.00640719
2.00527e-09	-0.00633369
2.00624e-09	-0.00626025
2.0072e-09	-0.00618688
2.00816e-09	-0.00611361
2.00913e-09	-0.00604045
2.01009e-09	-0.00596742
2.01105e-09	-0.00589453
2.01201e-09	-0.00582181
2.01298e-09	-0.00574925
2.01394e-09	-0.00567688
2.0149e-09	-0.00560472
2.01587e-09	-0.00553277
2.01683e-09	-0.00546105
2.01779e-09	-0.00538957
2.01875e-09	-0.00531835
2.01972e-09	-0.0052474
2.02068e-09	-0.00517673
2.02164e-09	-0.00510635
2.02261e-09	-0.00503627
2.02357e-09	-0.00496651
2.02453e-09	-0.00489708
2.0255e-09	-0.00482798
2.02646e-09	-0.00475923
2.02742e-09	-0.00469083
2.02838e-09	-0.00462281
2.02935e-09	-0.00455516
2.03031e-09	-0.00448789
2.03127e-09	-0.00442102
2.03224e-09	-0.00435455
2.0332e-09	-0.00428849
2.03416e-09	-0.00422286
2.03512e-09	-0.00415764
2.03609e-09	-0.00409287
2.03705e-09	-0.00402853
2.03801e-09	-0.00396464
2.03898e-09	-0.00390121
2.03994e-09	-0.00383823
2.0409e-09	-0.00377573
2.04186e-09	-0.0037137
2.04283e-09	-0.00365214
2.04379e-09	-0.00359107
2.04475e-09	-0.00353049
2.04572e-09	-0.0034704
2.04668e-09	-0.00341082
2.04764e-09	-0.00335173
2.04861e-09	-0.00329315
2.04957e-09	-0.00323509
2.05053e-09	-0.00317753
2.05149e-09	-0.0031205
2.05246e-09	-0.00306399
2.05342e-09	-0.003008
2.05438e-09	-0.00295255
2.05535e-09	-0.00289762
2.05631e-09	-0.00284322
2.05727e-09	-0.00278937
2.05823e-09	-0.00273604
2.0592e-09	-0.00268326
2.06016e-09	-0.00263102
2.06112e-09	-0.00257932
2.06209e-09	-0.00252817
2.06305e-09	-0.00247756
2.06401e-09	-0.0024275
2.06497e-09	-0.00237798
2.06594e-09	-0.00232902
2.0669e-09	-0.0022806
2.06786e-09	-0.00223273
2.06883e-09	-0.00218541
2.06979e-09	-0.00213863
2.07075e-09	-0.00209241
2.07172e-09	-0.00204674
2.07268e-09	-0.00200161
2.07364e-09	-0.00195704
2.0746e-09	-0.00191301
2.07557e-09	-0.00186952
2.07653e-09	-0.00182658
2.07749e-09	-0.00178419
2.07846e-09	-0.00174234
2.07942e-09	-0.00170103
2.08038e-09	-0.00166027
2.08134e-09	-0.00162004
2.08231e-09	-0.00158035
2.08327e-09	-0.00154119
2.08423e-09	-0.00150257
2.0852e-09	-0.00146448
2.08616e-09	-0.00142693
2.08712e-09	-0.0013899
2.08808e-09	-0.00135339
2.08905e-09	-0.00131741
2.09001e-09	-0.00128195
2.09097e-09	-0.001247
2.09194e-09	-0.00121258
2.0929e-09	-0.00117866
2.09386e-09	-0.00114526
2.09483e-09	-0.00111236
2.09579e-09	-0.00107997
2.09675e-09	-0.00104808
2.09771e-09	-0.00101669
2.09868e-09	-0.000985788
2.09964e-09	-0.000955383
2.1006e-09	-0.000925466
2.10157e-09	-0.000896034
2.10253e-09	-0.000867085
2.10349e-09	-0.000838614
2.10445e-09	-0.000810618
2.10542e-09	-0.000783094
2.10638e-09	-0.000756037
2.10734e-09	-0.000729445
2.10831e-09	-0.000703313
2.10927e-09	-0.000677638
2.11023e-09	-0.000652416
2.11119e-09	-0.000627644
2.11216e-09	-0.000603316
2.11312e-09	-0.000579431
2.11408e-09	-0.000555982
2.11505e-09	-0.000532967
2.11601e-09	-0.000510382
2.11697e-09	-0.000488222
2.11794e-09	-0.000466484
2.1189e-09	-0.000445164
2.11986e-09	-0.000424256
2.12082e-09	-0.000403758
2.12179e-09	-0.000383665
2.12275e-09	-0.000363972
2.12371e-09	-0.000344677
2.12468e-09	-0.000325774
2.12564e-09	-0.000307259
2.1266e-09	-0.000289129
2.12756e-09	-0.000271378
2.12853e-09	-0.000254003
2.12949e-09	-0.000237
2.13045e-09	-0.000220364
2.13142e-09	-0.00020409
2.13238e-09	-0.000188176
2.13334e-09	-0.000172615
2.1343e-09	-0.000157405
2.13527e-09	-0.000142541
2.13623e-09	-0.000128018
2.13719e-09	-0.000113833
2.13816e-09	-9.99813e-05
2.13912e-09	-8.64581e-05
2.14008e-09	-7.32596e-05
2.14105e-09	-6.03816e-05
2.14201e-09	-4.78197e-05
2.14297e-09	-3.55697e-05
2.14393e-09	-2.36276e-05
2.1449e-09	-1.1989e-05
2.14586e-09	-6.49781e-07
2.14682e-09	1.03942e-05
2.14779e-09	2.11471e-05
2.14875e-09	3.16131e-05
2.14971e-09	4.17963e-05
2.15067e-09	5.17008e-05
2.15164e-09	6.13308e-05
2.1526e-09	7.06901e-05
2.15356e-09	7.97831e-05
2.15453e-09	8.86135e-05
2.15549e-09	9.71855e-05
2.15645e-09	0.000105503
2.15741e-09	0.00011357
2.15838e-09	0.000121391
2.15934e-09	0.000128969
2.1603e-09	0.000136308
2.16127e-09	0.000143413
2.16223e-09	0.000150286
2.16319e-09	0.000156932
2.16416e-09	0.000163355
2.16512e-09	0.000169559
2.16608e-09	0.000175546
2.16704e-09	0.000181322
2.16801e-09	0.000186889
2.16897e-09	0.000192251
2.16993e-09	0.000197412
2.1709e-09	0.000202376
2.17186e-09	0.000207145
2.17282e-09	0.000211724
2.17378e-09	0.000216117
2.17475e-09	0.000220325
2.17571e-09	0.000224354
2.17667e-09	0.000228206
2.17764e-09	0.000231886
2.1786e-09	0.000235395
2.17956e-09	0.000238738
2.18052e-09	0.000241917
2.18149e-09	0.000244937
2.18245e-09	0.000247799
2.18341e-09	0.000250509
2.18438e-09	0.000253068
2.18534e-09	0.000255479
2.1863e-09	0.000257747
2.18727e-09	0.000259873
2.18823e-09	0.000261862
2.18919e-09	0.000263715
2.19015e-09	0.000265436
2.19112e-09	0.000267028
2.19208e-09	0.000268493
2.19304e-09	0.000269835
2.19401e-09	0.000271057
2.19497e-09	0.000272161
2.19593e-09	0.000273149
2.19689e-09	0.000274025
2.19786e-09	0.000274791
2.19882e-09	0.000275451
2.19978e-09	0.000276006
2.20075e-09	0.000276459
2.20171e-09	0.000276812
2.20267e-09	0.000277069
2.20363e-09	0.000277232
2.2046e-09	0.000277302
2.20556e-09	0.000277283
2.20652e-09	0.000277178
2.20749e-09	0.000276987
2.20845e-09	0.000276714
2.20941e-09	0.00027636
2.21038e-09	0.000275929
2.21134e-09	0.000275422
2.2123e-09	0.000274842
2.21326e-09	0.00027419
2.21423e-09	0.000273469
2.21519e-09	0.00027268
2.21615e-09	0.000271827
2.21712e-09	0.00027091
2.21808e-09	0.000269932
2.21904e-09	0.000268895
2.22e-09	0.0002678
2.22097e-09	0.00026665
2.22193e-09	0.000265447
2.22289e-09	0.000264192
2.22386e-09	0.000262887
2.22482e-09	0.000261533
2.22578e-09	0.000260133
2.22674e-09	0.000258689
2.22771e-09	0.000257201
2.22867e-09	0.000255672
2.22963e-09	0.000254103
2.2306e-09	0.000252496
2.23156e-09	0.000250852
2.23252e-09	0.000249173
2.23349e-09	0.00024746
2.23445e-09	0.000245714
2.23541e-09	0.000243939
2.23637e-09	0.000242133
2.23734e-09	0.0002403
2.2383e-09	0.00023844
2.23926e-09	0.000236555
2.24023e-09	0.000234645
2.24119e-09	0.000232713
2.24215e-09	0.00023076
2.24311e-09	0.000228786
2.24408e-09	0.000226793
2.24504e-09	0.000224782
2.246e-09	0.000222754
2.24697e-09	0.000220711
2.24793e-09	0.000218653
2.24889e-09	0.000216582
2.24985e-09	0.000214498
2.25082e-09	0.000212403
2.25178e-09	0.000210297
2.25274e-09	0.000208182
2.25371e-09	0.000206058
2.25467e-09	0.000203927
2.25563e-09	0.00020179
2.2566e-09	0.000199646
2.25756e-09	0.000197498
2.25852e-09	0.000195345
2.25948e-09	0.000193189
2.26045e-09	0.000191031
2.26141e-09	0.000188871
2.26237e-09	0.000186711
2.26334e-09	0.00018455
2.2643e-09	0.000182389
2.26526e-09	0.00018023
2.26622e-09	0.000178073
2.26719e-09	0.000175918
2.26815e-09	0.000173767
2.26911e-09	0.00017162
2.27008e-09	0.000169477
2.27104e-09	0.000167339
2.272e-09	0.000165206
2.27296e-09	0.00016308
2.27393e-09	0.000160961
2.27489e-09	0.000158849
2.27585e-09	0.000156744
2.27682e-09	0.000154648
2.27778e-09	0.00015256
2.27874e-09	0.000150482
2.27971e-09	0.000148413
2.28067e-09	0.000146354
2.28163e-09	0.000144306
2.28259e-09	0.000142269
2.28356e-09	0.000140242
2.28452e-09	0.000138227
2.28548e-09	0.000136224
2.28645e-09	0.000134234
2.28741e-09	0.000132256
2.28837e-09	0.000130291
2.28933e-09	0.000128338
2.2903e-09	0.0001264
2.29126e-09	0.000124475
2.29222e-09	0.000122564
