% time-domain current integration by openEMS v0.0.36 @Tue Jan 20 03:35:05 2026
% start-coordinates: (0.00495,0.00085,-0) m -> [219,107,20]
% stop-coordinates: (0.005,0.0014,-0) m -> [220,118,20]
% t/s	current
4.81458286137e-14	0
4.16461417508e-11	-2.38438094139e-13
8.32441376731e-11	-3.98278188207e-10
1.24842133595e-10	-3.24925475415e-10
1.66440129517e-10	-1.33402691671e-10
2.0803812544e-10	5.2299131692e-10
2.49636121362e-10	2.12372430752e-09
2.91234117284e-10	4.7660360103e-09
3.32832113206e-10	8.11354805563e-09
3.74430109129e-10	1.06088346996e-08
4.16028105051e-10	9.11508735157e-09
4.57626100973e-10	-7.59872387235e-10
4.99224096895e-10	-2.31039933851e-08
5.40822092817e-10	-5.85990633795e-08
5.8242008874e-10	-1.00627971733e-07
6.24018084662e-10	-1.3256743614e-07
6.65616080584e-10	-1.28989142922e-07
7.07214076506e-10	-6.31582608435e-08
7.48812072429e-10	7.93699470591e-08
7.90410068351e-10	2.85323835669e-07
8.32008064273e-10	5.0437245136e-07
8.73606060195e-10	6.54472557926e-07
9.15204056117e-10	6.45976115266e-07
9.5680205204e-10	4.19537769858e-07
9.98400047962e-10	-1.68454228344e-08
1.03999804388e-09	-5.70881638851e-07
1.08159603981e-09	-1.08323979475e-06
1.12319403573e-09	-1.37870597428e-06
1.16479203165e-09	-1.33346043185e-06
1.20639002757e-09	-9.29588338749e-07
1.2479880235e-09	-2.70548213166e-07
1.28958601942e-09	4.52208809065e-07
