% time-domain voltage integration by openEMS v0.0.36 @Thu Jan 22 08:34:31 2026
% start-coordinates: (0.025,0.0115,0.0015) m -> [106,65,9]
% stop-coordinates: (0.025,0.0115,0) m -> [106,65,7]
% t/s	voltage
0	0
1.98969696342e-11	0
3.97939392684e-11	0
5.96909089027e-11	0
7.95878785369e-11	0
9.94848481711e-11	0
1.19381817805e-10	0
1.3927878744e-10	0
1.59175757074e-10	-1.15191872609e-34
1.79072726708e-10	-8.7862924719e-26
1.98969696342e-10	-2.73869480945e-19
2.18866665976e-10	-1.2281099362e-14
2.38763635611e-10	-1.32544483201e-11
2.58660605245e-10	-3.91213006434e-10
2.78557574879e-10	-2.48105480605e-10
2.98454544513e-10	-4.2924860888e-10
3.18351514148e-10	3.36054073458e-10
3.38248483782e-10	1.07390815685e-09
3.58145453416e-10	5.44588041329e-09
3.7804242305e-10	8.08733480184e-09
3.97939392684e-10	1.1450800308e-08
4.17836362319e-10	-4.67859551101e-09
4.37733331953e-10	-4.89802332027e-08
4.57630301587e-10	1.86060766794e-09
4.77527271221e-10	5.23395641494e-07
4.97424240856e-10	1.56379979899e-06
5.1732121049e-10	3.74580633888e-06
5.37218180124e-10	7.38692142477e-06
5.57115149758e-10	1.26510899463e-05
5.77012119392e-10	1.81961104317e-05
5.96909089027e-10	2.10658727156e-05
6.16806058661e-10	1.58015518537e-05
6.36703028295e-10	-5.2315292578e-06
6.56599997929e-10	-4.96944412589e-05
6.76496967564e-10	-0.000121463104733
6.96393937198e-10	-0.000215633524931
7.16290906832e-10	-0.000314452554449
7.36187876466e-10	-0.0003871377412
7.560848461e-10	-0.000395649927668
7.75981815735e-10	-0.000306772475597
7.95878785369e-10	-0.000107298626972
8.15775755003e-10	0.000184021337191
8.35672724637e-10	0.000514383427799
8.55569694272e-10	0.00080830664956
8.75466663906e-10	0.000990289612673
8.9536363354e-10	0.0010103971581
9.15260603174e-10	0.000862472894369
9.35157572808e-10	0.000586420326727
9.55054542443e-10	0.000253962178249
9.74951512077e-10	-5.63328121643e-05
9.94848481711e-10	-0.000283727480564
1.01474545135e-09	-0.00040024361806
1.03464242098e-09	-0.000411893634009
1.05453939061e-09	-0.000348301895428
1.07443636025e-09	-0.00024744264374
1.09433332988e-09	-0.000142400116601
1.11423029952e-09	-5.40931705473e-05
1.13412726915e-09	9.71365625446e-06
1.15402423878e-09	5.13739341841e-05
1.17392120842e-09	7.90604608483e-05
1.19381817805e-09	0.000102832116681
1.21371514769e-09	0.000131500142743
1.23361211732e-09	0.000169821934833
1.25350908696e-09	0.000215759864659
1.27340605659e-09	0.000258589192526
1.29330302622e-09	0.000279196799966
1.31319999586e-09	0.000253944672295
1.33309696549e-09	0.000162174022989
1.35299393513e-09	-4.34037474406e-06
1.37289090476e-09	-0.000233371902141
1.3927878744e-09	-0.000489748417749
1.41268484403e-09	-0.000720981624909
1.43258181366e-09	-0.00087060619262
1.4524787833e-09	-0.000895753793884
1.47237575293e-09	-0.00078220749856
1.49227272257e-09	-0.000550742290216
1.5121696922e-09	-0.000252371566603
1.53206666184e-09	4.69668357255e-05
1.55196363147e-09	0.000286185488221
1.5718606011e-09	0.000425941223511
1.59175757074e-09	0.000456961075542
1.61165454037e-09	0.000397740644985
1.63155151001e-09	0.000283909830614
1.65144847964e-09	0.000154657995154
1.67134544927e-09	4.13279467466e-05
1.69124241891e-09	-3.83288788726e-05
1.71113938854e-09	-8.00140114734e-05
1.73103635818e-09	-8.88514405233e-05
1.75093332781e-09	-7.43222044548e-05
1.77083029745e-09	-4.63822998427e-05
1.79072726708e-09	-1.36630601446e-05
1.81062423671e-09	1.67488615261e-05
1.83052120635e-09	3.89251144952e-05
1.85041817598e-09	4.80700327898e-05
1.87031514562e-09	4.12550634792e-05
1.89021211525e-09	1.85985054486e-05
1.91010908489e-09	-1.57407994266e-05
1.93000605452e-09	-5.36839943379e-05
1.94990302415e-09	-8.49415737321e-05
1.96979999379e-09	-0.000100185210613
1.98969696342e-09	-9.47030057432e-05
2.00959393306e-09	-7.0747682912e-05
2.02949090269e-09	-3.73018065147e-05
2.04938787232e-09	-6.67578592584e-06
2.06928484196e-09	1.06641987259e-05
2.08918181159e-09	1.083386951e-05
2.10907878123e-09	-1.7879062284e-06
2.12897575086e-09	-1.68945634869e-05
2.1488727205e-09	-2.36517680605e-05
2.16876969013e-09	-1.61672878676e-05
2.18866665976e-09	3.74909984657e-06
2.2085636294e-09	2.79542018689e-05
2.22846059903e-09	4.64672230009e-05
2.24835756867e-09	5.24301412952e-05
2.2682545383e-09	4.49220915471e-05
2.28815150794e-09	2.8454304811e-05
2.30804847757e-09	9.91925662674e-06
2.3279454472e-09	-4.91376454193e-06
2.34784241684e-09	-1.35045847856e-05
2.36773938647e-09	-1.66304880622e-05
2.38763635611e-09	-1.69227632796e-05
2.40753332574e-09	-1.70547455127e-05
2.42743029538e-09	-1.84416439879e-05
2.44732726501e-09	-2.08764831768e-05
2.46722423464e-09	-2.27518521569e-05
2.48712120428e-09	-2.1583007765e-05
2.50701817391e-09	-1.4685869246e-05
2.52691514355e-09	-3.91403887079e-08
2.54681211318e-09	2.25759213208e-05
2.56670908281e-09	5.04833915329e-05
2.58660605245e-09	7.77102686698e-05
2.60650302208e-09	9.58406126301e-05
2.62639999172e-09	9.64177888818e-05
2.64629696135e-09	7.42818447179e-05
2.66619393099e-09	3.05575904349e-05
2.68609090062e-09	-2.61916911768e-05
2.70598787025e-09	-8.16751671664e-05
2.72588483989e-09	-0.000120250060718
2.74578180952e-09	-0.000130412576254
2.76567877916e-09	-0.000109164786409
2.78557574879e-09	-6.32868832326e-05
2.80547271843e-09	-6.88951445227e-06
2.82536968806e-09	4.37400631199e-05
2.84526665769e-09	7.58401474741e-05
2.86516362733e-09	8.40209977468e-05
2.88506059696e-09	7.09299674782e-05
2.9049575666e-09	4.48919690825e-05
2.92485453623e-09	1.59289165822e-05
2.94475150586e-09	-7.90532567407e-06
2.9646484755e-09	-2.25680460062e-05
2.98454544513e-09	-2.80101803583e-05
3.00444241477e-09	-2.67251034529e-05
3.0243393844e-09	-2.18919685722e-05
3.04423635404e-09	-1.59750370585e-05
3.06413332367e-09	-1.01343403003e-05
3.0840302933e-09	-4.34788262282e-06
3.10392726294e-09	2.11749397749e-06
3.12382423257e-09	1.00943275356e-05
3.14372120221e-09	1.99764635909e-05
3.16361817184e-09	3.12571846734e-05
3.18351514148e-09	4.22576358687e-05
3.20341211111e-09	5.0160482715e-05
3.22330908074e-09	5.15145202371e-05
3.24320605038e-09	4.32344004366e-05
3.26310302001e-09	2.39036235143e-05
3.28299998965e-09	-5.06099877384e-06
3.30289695928e-09	-3.88824955735e-05
3.32279392892e-09	-7.0054873504e-05
3.34269089855e-09	-9.02075844351e-05
3.36258786818e-09	-9.2774447694e-05
3.38248483782e-09	-7.5556748925e-05
3.40238180745e-09	-4.20866908826e-05
3.42227877709e-09	-9.40733343668e-07
3.44217574672e-09	3.69288682123e-05
3.46207271635e-09	6.19245147391e-05
3.48196968599e-09	6.90581146046e-05
3.50186665562e-09	5.93460499658e-05
3.52176362526e-09	3.87609488826e-05
3.54166059489e-09	1.53945652528e-05
3.56155756453e-09	-3.80702465463e-06
3.58145453416e-09	-1.52427614921e-05
3.60135150379e-09	-1.90222281162e-05
3.62124847343e-09	-1.77454867298e-05
3.64114544306e-09	-1.45911653817e-05
3.6610424127e-09	-1.175902662e-05
3.68093938233e-09	-9.84733787845e-06
3.70083635197e-09	-8.14153054307e-06
3.7207333216e-09	-5.35299204785e-06
3.74063029123e-09	-3.57292378794e-07
3.76052726087e-09	7.31410000299e-06
3.7804242305e-09	1.72339759956e-05
3.80032120014e-09	2.79690557363e-05
3.82021816977e-09	3.71204405383e-05
3.8401151394e-09	4.16031707573e-05
3.86001210904e-09	3.83508267987e-05
3.87990907867e-09	2.54068072536e-05
3.89980604831e-09	3.1053020848e-06
3.91970301794e-09	-2.51844967352e-05
3.93959998758e-09	-5.32920166734e-05
3.95949695721e-09	-7.36995934858e-05
3.97939392684e-09	-7.9916240793e-05
3.99929089648e-09	-6.89311236783e-05
4.01918786611e-09	-4.26906171924e-05
4.03908483575e-09	-7.8469138316e-06
4.05898180538e-09	2.63374267888e-05
4.07887877502e-09	5.11371436005e-05
4.09877574465e-09	6.12509829807e-05
4.11867271428e-09	5.62940895179e-05
4.13856968392e-09	4.03263329645e-05
4.15846665355e-09	1.97740992007e-05
4.17836362319e-09	8.33851800053e-07
4.19826059282e-09	-1.25213359752e-05
4.21815756246e-09	-1.92199049707e-05
4.23805453209e-09	-2.04924881473e-05
4.25795150172e-09	-1.85470980796e-05
4.27784847136e-09	-1.53143487296e-05
4.29774544099e-09	-1.17835752462e-05
4.31764241063e-09	-7.96772474132e-06
4.33753938026e-09	-3.30649186253e-06
4.35743634989e-09	2.81675522729e-06
4.37733331953e-09	1.06576471808e-05
4.39723028916e-09	1.9831987629e-05
4.4171272588e-09	2.91212327284e-05
4.43702422843e-09	3.64647657989e-05
4.45692119807e-09	3.9218344682e-05
4.4768181677e-09	3.48018056684e-05
4.49671513733e-09	2.1674421987e-05
4.51661210697e-09	3.68742519186e-07
4.5365090766e-09	-2.59285998254e-05
4.55640604624e-09	-5.16276977578e-05
4.57630301587e-09	-7.00355412846e-05
4.59619998551e-09	-7.53826680011e-05
4.61609695514e-09	-6.49421999697e-05
4.63599392477e-09	-4.03446611017e-05
4.65589089441e-09	-7.46347950553e-06
4.67578786404e-09	2.52711515714e-05
4.69568483368e-09	4.9567050155e-05
4.71558180331e-09	5.99812883593e-05
4.73547877294e-09	5.5564350987e-05
4.75537574258e-09	3.97798830818e-05
4.77527271221e-09	1.88493568203e-05
4.79516968185e-09	-7.46258479012e-07
4.81506665148e-09	-1.44822506627e-05
4.83496362112e-09	-2.08652236324e-05
4.85486059075e-09	-2.11199112528e-05
4.87475756038e-09	-1.78739273906e-05
4.89465453002e-09	-1.36226522045e-05
4.91455149965e-09	-9.69424127106e-06
4.93444846929e-09	-6.04394131187e-06
4.95434543892e-09	-1.75608033715e-06
4.97424240856e-09	4.14099713453e-06
4.99413937819e-09	1.19785991046e-05
5.01403634782e-09	2.10835287362e-05
5.03393331746e-09	2.97946480714e-05
5.05383028709e-09	3.57776061719e-05
5.07372725673e-09	3.65641644748e-05
5.09362422636e-09	3.02463067783e-05
5.113521196e-09	1.619793602e-05
5.13341816563e-09	-4.33137665823e-06
5.15331513526e-09	-2.80264748653e-05
5.1732121049e-09	-4.99653797306e-05
5.19310907453e-09	-6.47089946142e-05
5.21300604417e-09	-6.78868527757e-05
5.2329030138e-09	-5.7690693211e-05
5.25279998343e-09	-3.57887984137e-05
5.27269695307e-09	-7.13317967893e-06
5.2925939227e-09	2.13523526327e-05
5.31249089234e-09	4.28777511843e-05
5.33238786197e-09	5.28867112735e-05
5.35228483161e-09	5.03878600284e-05
5.37218180124e-09	3.79600114684e-05
5.39207877087e-09	2.05100723178e-05
5.41197574051e-09	3.33892558047e-06
5.43187271014e-09	-9.65146773524e-06
5.45176967978e-09	-1.68745518749e-05
5.47166664941e-09	-1.88933981917e-05
5.49156361905e-09	-1.74591605173e-05
5.51146058868e-09	-1.43382130773e-05
5.53135755831e-09	-1.05296967376e-05
5.55125452795e-09	-6.13640895608e-06
5.57115149758e-09	-7.64534235032e-07
5.59104846722e-09	5.88360080656e-06
5.61094543685e-09	1.35562963806e-05
5.63084240649e-09	2.13241346501e-05
5.65073937612e-09	2.77351437035e-05
5.67063634575e-09	3.11129169859e-05
5.69053331539e-09	2.99166267723e-05
5.71043028502e-09	2.31072572205e-05
5.73032725466e-09	1.05419044303e-05
5.75022422429e-09	-6.68130996928e-06
5.77012119392e-09	-2.60522137978e-05
5.79001816356e-09	-4.38662427769e-05
5.80991513319e-09	-5.59304171475e-05
5.82981210283e-09	-5.8686671764e-05
5.84970907246e-09	-5.04320341861e-05
5.8696060421e-09	-3.21641637129e-05
5.88950301173e-09	-7.64918013374e-06
5.90939998136e-09	1.74704882738e-05
5.929296951e-09	3.72956328647e-05
5.94919392063e-09	4.74574680993e-05
5.96909089027e-09	4.64464828838e-05
5.9889878599e-09	3.59126206604e-05
6.00888482954e-09	1.98910793188e-05
6.02878179917e-09	3.2677468198e-06
6.0486787688e-09	-9.87352086668e-06
6.06857573844e-09	-1.73577518581e-05
6.08847270807e-09	-1.91493190869e-05
6.10836967771e-09	-1.67468942891e-05
6.12826664734e-09	-1.21633934214e-05
6.14816361697e-09	-6.99503812029e-06
6.16806058661e-09	-1.97805593416e-06
6.18795755624e-09	2.9290609973e-06
6.20785452588e-09	8.0872473518e-06
6.22775149551e-09	1.36642315738e-05
6.24764846515e-09	1.92989127754e-05
6.26754543478e-09	2.40290046349e-05
6.28744240441e-09	2.6474637707e-05
6.30733937405e-09	2.51752762779e-05
6.32723634368e-09	1.90367481991e-05
6.34713331332e-09	7.78038429416e-06
6.36703028295e-09	-7.65417917137e-06
6.38692725259e-09	-2.49765789704e-05
6.40682422222e-09	-4.07807001466e-05
6.42672119185e-09	-5.12573278684e-05
6.44661816149e-09	-5.32444519195e-05
6.46651513112e-09	-4.53001139249e-05
6.48641210076e-09	-2.84350262518e-05
6.50630907039e-09	-6.10253596278e-06
6.52620604003e-09	1.66086892932e-05
6.54610300966e-09	3.44189083989e-05
6.56599997929e-09	4.34342782683e-05
6.58589694893e-09	4.23063775088e-05
6.60579391856e-09	3.25336004607e-05
6.6256908882e-09	1.77819993041e-05
6.64558785783e-09	2.51288736308e-06
6.66548482746e-09	-9.49851209953e-06
6.6853817971e-09	-1.62348205777e-05
6.70527876673e-09	-1.76634821401e-05
6.72517573637e-09	-1.52129896378e-05
6.745072706e-09	-1.07967812255e-05
6.76496967564e-09	-5.92262676946e-06
6.78486664527e-09	-1.22869414554e-06
6.8047636149e-09	3.40567726198e-06
6.82466058454e-09	8.38658388602e-06
6.84455755417e-09	1.38305231303e-05
6.86445452381e-09	1.92414572666e-05
6.88435149344e-09	2.34984172494e-05
6.90424846308e-09	2.51812170973e-05
6.92414543271e-09	2.30025407291e-05
6.94404240234e-09	1.6251580746e-05
6.96393937198e-09	5.1116380746e-06
6.98383634161e-09	-9.2011405286e-06
7.00373331125e-09	-2.44930397457e-05
7.02363028088e-09	-3.78973218176e-05
7.04352725051e-09	-4.64205495518e-05
7.06342422015e-09	-4.7689600251e-05
7.08332118978e-09	-4.06908984587e-05
7.10321815942e-09	-2.62790690613e-05
7.12311512905e-09	-7.18964543012e-06
7.14301209869e-09	1.25348697111e-05
7.16290906832e-09	2.85955638901e-05
7.18280603795e-09	3.76502757717e-05
7.20270300759e-09	3.82516573154e-05
7.22259997722e-09	3.12094434776e-05
7.24249694686e-09	1.92006746147e-05
7.26239391649e-09	5.81223162044e-06
7.28229088613e-09	-5.62145055483e-06
7.30218785576e-09	-1.2958588286e-05
7.32208482539e-09	-1.56319492817e-05
7.34198179503e-09	-1.44085947795e-05
7.36187876466e-09	-1.07365508484e-05
7.3817757343e-09	-6.01180090598e-06
7.40167270393e-09	-1.10683663479e-06
7.42156967357e-09	3.69743156625e-06
7.4414666432e-09	8.44814303491e-06
7.46136361283e-09	1.31280967253e-05
7.48126058247e-09	1.7382054466e-05
7.5011575521e-09	2.04527996175e-05
7.52105452174e-09	2.13491948671e-05
7.54095149137e-09	1.91324688785e-05
7.560848461e-09	1.32351437969e-05
7.58074543064e-09	3.73313184809e-06
7.60064240027e-09	-8.48494482852e-06
7.62053936991e-09	-2.16853986785e-05
7.64043633954e-09	-3.34793548973e-05
7.66033330918e-09	-4.12564058934e-05
7.68023027881e-09	-4.28232833656e-05
7.70012724844e-09	-3.7094228901e-05
7.72002421808e-09	-2.46047984547e-05
7.73992118771e-09	-7.60998273108e-06
7.75981815735e-09	1.03512779788e-05
7.77971512698e-09	2.53593098023e-05
7.79961209662e-09	3.42107432516e-05
7.81950906625e-09	3.53563154931e-05
7.83940603588e-09	2.93182829409e-05
7.85930300552e-09	1.84245927812e-05
7.87919997515e-09	5.98347173764e-06
7.89909694479e-09	-4.8133299515e-06
7.91899391442e-09	-1.18104694593e-05
7.93889088405e-09	-1.43355455293e-05
7.95878785369e-09	-1.30554103634e-05
7.97868482332e-09	-9.38650600801e-06
7.99858179296e-09	-4.78572655993e-06
8.01847876259e-09	-2.15140602222e-07
8.03837573223e-09	4.01146189688e-06
8.05827270186e-09	8.02106660558e-06
8.07816967149e-09	1.19680357784e-05
8.09806664113e-09	1.56751739269e-05
8.11796361076e-09	1.84766668099e-05
8.1378605804e-09	1.93583855435e-05
8.15775755003e-09	1.72995951289e-05
8.17765451967e-09	1.16798460112e-05
8.1975514893e-09	2.60430647359e-06
8.21744845893e-09	-8.94361983228e-06
8.23734542857e-09	-2.11804699575e-05
8.2572423982e-09	-3.18019592669e-05
8.27713936784e-09	-3.8448626583e-05
8.29703633747e-09	-3.92771562474e-05
8.31693330711e-09	-3.35170752805e-05
8.33683027674e-09	-2.18308750846e-05
8.35672724637e-09	-6.33140189166e-06
8.37662421601e-09	9.84009193417e-06
8.39652118564e-09	2.32846923609e-05
8.41641815528e-09	3.1267394661e-05
8.43631512491e-09	3.2456820918e-05
8.45621209454e-09	2.7264452001e-05
8.47610906418e-09	1.76364228537e-05
8.49600603381e-09	6.38177107248e-06
8.51590300345e-09	-3.70101577118e-06
8.53579997308e-09	-1.06066722765e-05
8.55569694272e-09	-1.35440718623e-05
8.57559391235e-09	-1.28787219182e-05
8.59549088198e-09	-9.70421251623e-06
8.61538785162e-09	-5.26063718098e-06
8.63528482125e-09	-4.7210539833e-07
8.65518179089e-09	4.21072263634e-06
8.67507876052e-09	8.67093785928e-06
8.69497573016e-09	1.28159313135e-05
8.71487269979e-09	1.63124223036e-05
8.73476966942e-09	1.84988903129e-05
8.75466663906e-09	1.85330763998e-05
8.77456360869e-09	1.56754067575e-05
8.79446057833e-09	9.61010800893e-06
8.81435754796e-09	6.58418287003e-07
8.83425451759e-09	-1.01463847386e-05
8.85415148723e-09	-2.11653759834e-05
8.87404845686e-09	-3.0415175388e-05
8.8939454265e-09	-3.59482710337e-05
8.91384239613e-09	-3.63006765838e-05
8.93373936577e-09	-3.0902353501e-05
8.9536363354e-09	-2.03475256058e-05
8.97353330503e-09	-6.40621215098e-06
8.99343027467e-09	8.27931671665e-06
9.0133272443e-09	2.07871798921e-05
9.03322421394e-09	2.86471813524e-05
9.05312118357e-09	3.0499726563e-05
9.07301815321e-09	2.64576974587e-05
9.09291512284e-09	1.80326369446e-05
9.11281209247e-09	7.64258447816e-06
9.13270906211e-09	-2.12180350445e-06
9.15260603174e-09	-9.22283879845e-06
9.17250300138e-09	-1.26351910694e-05
9.19239997101e-09	-1.24195921671e-05
9.21229694065e-09	-9.44327848629e-06
9.23219391028e-09	-4.9061984555e-06
9.25209087991e-09	1.10612390358e-07
9.27198784955e-09	4.901391776e-06
9.29188481918e-09	9.13835719984e-06
9.31178178882e-09	1.26798877318e-05
9.33167875845e-09	1.53281089297e-05
9.35157572808e-09	1.66767158589e-05
9.37147269772e-09	1.61413045134e-05
9.39136966735e-09	1.31574943225e-05
9.41126663699e-09	7.45578336137e-06
9.43116360662e-09	-7.04215267433e-07
9.45106057626e-09	-1.04308992377e-05
9.47095754589e-09	-2.02762876143e-05
9.49085451552e-09	-2.84696407107e-05
9.51075148516e-09	-3.32643758156e-05
9.53064845479e-09	-3.3348764191e-05
9.55054542443e-09	-2.82202481685e-05
9.57044239406e-09	-1.84329828699e-05
9.5903393637e-09	-5.61056094739e-06
9.61023633333e-09	7.83715722719e-06
9.63013330296e-09	1.92530542336e-05
9.6500302726e-09	2.6404862183e-05
9.66992724223e-09	2.80770755126e-05
9.68982421187e-09	2.43852755375e-05
9.7097211815e-09	1.67042499015e-05
9.72961815113e-09	7.22837694411e-06
9.74951512077e-09	-1.68318837268e-06
9.7694120904e-09	-8.1574557953e-06
9.78930906004e-09	-1.12335092126e-05
9.80920602967e-09	-1.09521160994e-05
9.82910299931e-09	-8.11107474874e-06
9.84899996894e-09	-3.83582209906e-06
9.86889693857e-09	8.48921587249e-07
9.88879390821e-09	5.26516282662e-06
9.90869087784e-09	9.08575430003e-06
9.92858784748e-09	1.21649613902e-05
9.94848481711e-09	1.43112420119e-05
9.96838178675e-09	1.51590070345e-05
9.98827875638e-09	1.42055569086e-05
1.0008175726e-08	1.10029191092e-05
1.00280726956e-08	5.39399388799e-06
1.00479696653e-08	-2.27941552566e-06
1.00678666349e-08	-1.11185672722e-05
1.00877636046e-08	-1.97628360183e-05
1.01076605742e-08	-2.66359784291e-05
1.01275575438e-08	-3.02792841467e-05
1.01474545135e-08	-2.96905282084e-05
1.01673514831e-08	-2.46138988587e-05
1.01872484527e-08	-1.56705573318e-05
1.02071454224e-08	-4.32126353189e-06
1.0227042392e-08	7.39043389331e-06
1.02469393616e-08	1.72629061126e-05
1.02668363313e-08	2.34529607042e-05
1.02867333009e-08	2.4935709007e-05
1.03066302705e-08	2.1772612854e-05
1.03265272402e-08	1.50773671521e-05
1.03464242098e-08	6.69235055284e-06
1.03663211794e-08	-1.34053698275e-06
1.03862181491e-08	-7.32320222596e-06
1.04061151187e-08	-1.0288969861e-05
1.04260120883e-08	-1.01282162177e-05
1.0445909058e-08	-7.43679242987e-06
1.04658060276e-08	-3.19951675465e-06
1.04857029972e-08	1.56833550591e-06
1.05055999669e-08	6.07318133916e-06
1.05254969365e-08	9.82548272077e-06
1.05453939061e-08	1.25661154016e-05
1.05652908758e-08	1.41132713907e-05
1.05851878454e-08	1.4242782072e-05
1.0605084815e-08	1.2668400359e-05
1.06249817847e-08	9.14959309739e-06
1.06448787543e-08	3.664699193e-06
1.06647757239e-08	-3.43208898812e-06
1.06846726936e-08	-1.13509763651e-05
1.07045696632e-08	-1.8935499611e-05
1.07244666328e-08	-2.48617134275e-05
1.07443636025e-08	-2.79045871139e-05
1.07642605721e-08	-2.72196539299e-05
1.07841575417e-08	-2.25812464123e-05
1.08040545114e-08	-1.45198437167e-05
1.0823951481e-08	-4.29116107625e-06
1.08438484507e-08	6.32481442153e-06
1.08637454203e-08	1.53813275574e-05
1.08836423899e-08	2.12195946006e-05
1.09035393596e-08	2.2873889975e-05
1.09234363292e-08	2.032174325e-05
1.09433332988e-08	1.44821842696e-05
1.09632302685e-08	6.95899620951e-06
1.09831272381e-08	-4.0420609082e-07
1.10030242077e-08	-6.01241390541e-06
1.10229211774e-08	-8.89707871465e-06
1.1042818147e-08	-8.8775009317e-06
1.10627151166e-08	-6.46236276225e-06
1.10826120863e-08	-2.57143472027e-06
1.11025090559e-08	1.80997091093e-06
1.11224060255e-08	5.89751630287e-06
1.11423029952e-08	9.20798629522e-06
1.11621999648e-08	1.15119410111e-05
1.11820969344e-08	1.26859195007e-05
1.12019939041e-08	1.25830010802e-05
1.12218908737e-08	1.09948559839e-05
1.12417878433e-08	7.72623820922e-06
1.1261684813e-08	2.74802960121e-06
1.12815817826e-08	-3.65147400316e-06
1.13014787522e-08	-1.07892083179e-05
1.13213757219e-08	-1.76333014679e-05
1.13412726915e-08	-2.2973365958e-05
1.13611696611e-08	-2.56832163359e-05
1.13810666308e-08	-2.49952590821e-05
1.14009636004e-08	-2.07241437238e-05
1.142086057e-08	-1.33726439344e-05
1.14407575397e-08	-4.09162771575e-06
1.14606545093e-08	5.52088636141e-06
1.14805514789e-08	1.37469619403e-05
1.15004484486e-08	1.91247345356e-05
1.15203454182e-08	2.07994635275e-05
1.15402423878e-08	1.874109239e-05
1.15601393575e-08	1.37352949423e-05
1.15800363271e-08	7.16925046618e-06
1.15999332968e-08	6.48457159969e-07
1.16198302664e-08	-4.42503437625e-06
1.1639727236e-08	-7.18236151442e-06
1.16596242057e-08	-7.41693384043e-06
1.16795211753e-08	-5.51566040485e-06
1.16994181449e-08	-2.23413223921e-06
1.17193151146e-08	1.58433431352e-06
1.17392120842e-08	5.22956884197e-06
1.17591090538e-08	8.2259566625e-06
1.17790060235e-08	1.03063302959e-05
1.17989029931e-08	1.13144456009e-05
1.18187999627e-08	1.11018389362e-05
1.18386969324e-08	9.49555396801e-06
1.1858593902e-08	6.35722835796e-06
1.18784908716e-08	1.71090636059e-06
1.18983878413e-08	-4.13720113102e-06
1.19182848109e-08	-1.05387639451e-05
1.19381817805e-08	-1.65629380717e-05
1.19580787502e-08	-2.11484202737e-05
1.19779757198e-08	-2.3337798666e-05
1.19978726894e-08	-2.25007934205e-05
1.20177696591e-08	-1.85175758816e-05
1.20376666287e-08	-1.18541847769e-05
1.20575635983e-08	-3.52642155121e-06
1.2077460568e-08	5.07826030116e-06
1.20973575376e-08	1.24679449982e-05
1.21172545072e-08	1.73690468728e-05
1.21371514769e-08	1.90149166883e-05
1.21570484465e-08	1.7330818082e-05
1.21769454161e-08	1.29472928165e-05
1.21968423858e-08	7.03771638655e-06
1.22167393554e-08	1.01436614841e-06
1.2236636325e-08	-3.82238965813e-06
1.22565332947e-08	-6.59055353935e-06
1.22764302643e-08	-6.98812550581e-06
1.22963272339e-08	-5.27970087205e-06
1.23162242036e-08	-2.12848294723e-06
1.23361211732e-08	1.64444440998e-06
1.23560181429e-08	5.28772534381e-06
1.23759151125e-08	8.25417009764e-06
1.23958120821e-08	1.02185399555e-05
1.24157090518e-08	1.1011056813e-05
1.24356060214e-08	1.05327148958e-05
1.2455502991e-08	8.7056614575e-06
1.24753999607e-08	5.49019659957e-06
1.24952969303e-08	9.73053033704e-07
1.25151938999e-08	-4.54257815363e-06
1.25350908696e-08	-1.04786217889e-05
1.25549878392e-08	-1.60118961503e-05
1.25748848088e-08	-2.01956745514e-05
1.25947817785e-08	-2.21573582166e-05
1.26146787481e-08	-2.13137436731e-05
1.26345757177e-08	-1.75482637133e-05
1.26544726874e-08	-1.12891698336e-05
1.2674369657e-08	-3.47335526385e-06
1.26942666266e-08	4.61593572254e-06
1.27141635963e-08	1.16006026474e-05
1.27340605659e-08	1.63000522662e-05
1.27539575355e-08	1.79937351277e-05
1.27738545052e-08	1.65883930094e-05
1.27937514748e-08	1.26419531625e-05
1.28136484444e-08	7.21839683138e-06
1.28335454141e-08	1.61531932008e-06
1.28534423837e-08	-2.95643724257e-06
1.28733393533e-08	-5.65850973544e-06
1.2893236323e-08	-6.17514797341e-06
1.29131332926e-08	-4.71357088827e-06
1.29330302622e-08	-1.86050698403e-06
1.29529272319e-08	1.63233181638e-06
1.29728242015e-08	5.04941954205e-06
1.29927211711e-08	7.84247913543e-06
1.30126181408e-08	9.66740799413e-06
1.30325151104e-08	1.03378924905e-05
1.30524120801e-08	9.75339389697e-06
1.30723090497e-08	7.85825523053e-06
1.30922060193e-08	4.65275320494e-06
1.3112102989e-08	2.57902527778e-07
1.31319999586e-08	-5.002671287e-06
1.31518969282e-08	-1.05579110823e-05
1.31717938979e-08	-1.56302494361e-05
1.31916908675e-08	-1.93538580788e-05
1.32115878371e-08	-2.09565732803e-05
1.32314848068e-08	-1.99489850274e-05
1.32513817764e-08	-1.62747055583e-05
1.3271278746e-08	-1.03656957435e-05
1.32911757157e-08	-3.09767858653e-06
1.33110726853e-08	4.36209461441e-06
1.33309696549e-08	1.07795831354e-05
1.33508666246e-08	1.51103731696e-05
1.33707635942e-08	1.67253592736e-05
1.33906605638e-08	1.5548889678e-05
1.34105575335e-08	1.20681170301e-05
1.34304545031e-08	7.21225251255e-06
1.34503514727e-08	2.1273016273e-06
1.34702484424e-08	-2.10106395571e-06
1.3490145412e-08	-4.68710436508e-06
1.35100423816e-08	-5.29557905793e-06
1.35299393513e-08	-4.0597763018e-06
1.35498363209e-08	-1.48229025854e-06
1.35697332905e-08	1.74836003453e-06
1.35896302602e-08	4.94022992825e-06
1.36095272298e-08	7.5332097822e-06
1.36294241994e-08	9.15391501621e-06
1.36493211691e-08	9.59885255725e-06
1.36692181387e-08	8.7845901362e-06
1.36891151083e-08	6.71144744047e-06
1.3709012078e-08	3.45897603893e-06
1.37289090476e-08	-7.78625206976e-07
1.37488060172e-08	-5.64985316487e-06
1.37687029869e-08	-1.06238057924e-05
1.37885999565e-08	-1.50213363668e-05
1.38084969262e-08	-1.81120676643e-05
1.38283938958e-08	-1.92559036805e-05
1.38482908654e-08	-1.806525961e-05
1.38681878351e-08	-1.45269136738e-05
1.38880848047e-08	-9.05425031306e-06
1.39079817743e-08	-2.44107184244e-06
1.3927878744e-08	4.27544978265e-06
1.39477757136e-08	1.00133570413e-05
1.39676726832e-08	1.38635004987e-05
1.39875696529e-08	1.52750462803e-05
1.40074666225e-08	1.4181014194e-05
1.40273635921e-08	1.10098394543e-05
1.40472605618e-08	6.58758108329e-06
1.40671575314e-08	1.95029451788e-06
1.4087054501e-08	-1.90474997908e-06
1.41069514707e-08	-4.24286463385e-06
1.41268484403e-08	-4.73743943985e-06
1.41467454099e-08	-3.49918309439e-06
1.41666423796e-08	-9.91393278582e-07
1.41865393492e-08	2.12534723687e-06
1.42064363188e-08	5.17123476129e-06
1.42263332885e-08	7.58279156798e-06
1.42462302581e-08	8.9815184765e-06
1.42661272277e-08	9.18153000384e-06
1.42860241974e-08	8.14463146526e-06
1.4305921167e-08	5.93146160099e-06
1.43258181366e-08	2.67824304956e-06
1.43457151063e-08	-1.39211238093e-06
1.43656120759e-08	-5.93636832491e-06
1.43855090455e-08	-1.04717814793e-05
1.44054060152e-08	-1.4394912796e-05
1.44253029848e-08	-1.70687153513e-05
1.44451999544e-08	-1.79426251634e-05
1.44650969241e-08	-1.66974859894e-05
1.44849938937e-08	-1.33441212711e-05
1.45048908633e-08	-8.26928089737e-06
1.4524787833e-08	-2.19433354687e-06
1.45446848026e-08	3.94106109525e-06
1.45645817723e-08	9.16330873224e-06
1.45844787419e-08	1.26550835375e-05
1.46043757115e-08	1.3936056348e-05
1.46242726812e-08	1.29641425701e-05
1.46441696508e-08	1.01431473922e-05
1.46640666204e-08	6.2189055825e-06
1.46839635901e-08	2.10854227589e-06
1.47038605597e-08	-1.30917612751e-06
1.47237575293e-08	-3.38541326528e-06
1.4743654499e-08	-3.82437963253e-06
1.47635514686e-08	-2.71368287486e-06
1.47834484382e-08	-4.60016181592e-07
1.48033454079e-08	2.34375181662e-06
1.48232423775e-08	5.07418235429e-06
1.48431393471e-08	7.20746515981e-06
1.48630363168e-08	8.38981122797e-06
1.48829332864e-08	8.43929228722e-06
1.4902830256e-08	7.32004309612e-06
1.49227272257e-08	5.09997357767e-06
1.49426241953e-08	1.93151453232e-06
1.49625211649e-08	-1.94109060203e-06
1.49824181346e-08	-6.16823285782e-06
1.50023151042e-08	-1.02929502646e-05
1.50222120738e-08	-1.37739798447e-05
1.50421090435e-08	-1.60613508342e-05
1.50620060131e-08	-1.66905483638e-05
1.50819029827e-08	-1.5403193629e-05
1.51017999524e-08	-1.22325313896e-05
1.5121696922e-08	-7.54288203098e-06
1.51415938916e-08	-1.98850580091e-06
1.51614908613e-08	3.59688078788e-06
1.51813878309e-08	8.35817127154e-06
1.52012848005e-08	1.15873881441e-05
1.52211817702e-08	1.28636165755e-05
1.52410787398e-08	1.21374691844e-05
1.52609757094e-08	9.73768692347e-06
1.52808726791e-08	6.30176555205e-06
1.53007696487e-08	2.62889022906e-06
1.53206666184e-08	-4.94844499599e-07
1.5340563588e-08	-2.47139428211e-06
1.53604605576e-08	-3.00865019653e-06
1.53803575273e-08	-2.1569439923e-06
1.54002544969e-08	-2.55098200341e-07
1.54201514665e-08	2.17691069793e-06
1.54400484362e-08	4.57527380604e-06
1.54599454058e-08	6.4445184762e-06
1.54798423754e-08	7.43835403227e-06
1.54997393451e-08	7.37672212381e-06
1.55196363147e-08	6.23321693638e-06
1.55395332843e-08	4.0956842895e-06
1.5559430254e-08	1.13766242293e-06
1.55793272236e-08	-2.39822031745e-06
1.55992241932e-08	-6.19038291916e-06
1.56191211629e-08	-9.83331801763e-06
1.56390181325e-08	-1.28579686134e-05
1.56589151021e-08	-1.47898326759e-05
1.56788120718e-08	-1.5232520127e-05
1.56987090414e-08	-1.39698881867e-05
1.5718606011e-08	-1.10402475002e-05
1.57385029807e-08	-6.76515946907e-06
1.57583999503e-08	-1.71866207666e-06
1.57782969199e-08	3.36129539846e-06
1.57981938896e-08	7.70763449509e-06
1.58180908592e-08	1.06771112769e-05
1.58379878288e-08	1.1884117157e-05
1.58578847985e-08	1.12776265269e-05
1.58777817681e-08	9.15352802622e-06
1.58976787377e-08	6.0801271502e-06
1.59175757074e-08	2.77041010577e-06
1.5937472677e-08	-7.37744798585e-08
1.59573696466e-08	-1.90974719771e-06
1.59772666163e-08	-2.45712135438e-06
1.59971635859e-08	-1.74081287696e-06
1.60170605555e-08	-5.57115527045e-08
1.60369575252e-08	2.12854183701e-06
1.60568544948e-08	4.29093302046e-06
1.60767514645e-08	5.96843415224e-06
1.60966484341e-08	6.83510256749e-06
1.61165454037e-08	6.719767498e-06
1.61364423734e-08	5.59197223993e-06
1.6156339343e-08	3.53281666321e-06
1.61762363126e-08	7.12220639798e-07
1.61961332823e-08	-2.62652440597e-06
1.62160302519e-08	-6.16506508777e-06
1.62359272215e-08	-9.52160735324e-06
1.62558241912e-08	-1.22682058645e-05
1.62757211608e-08	-1.39825251608e-05
1.62956181304e-08	-1.43151860357e-05
1.63155151001e-08	-1.3075309198e-05
1.63354120697e-08	-1.03027928162e-05
1.63553090393e-08	-6.2986721332e-06
1.6375206009e-08	-1.59718916848e-06
1.63951029786e-08	3.12142992698e-06
1.64149999482e-08	7.15941519047e-06
1.64348969179e-08	9.93761022983e-06
1.64547938875e-08	1.1109983916e-05
1.64746908571e-08	1.06282750494e-05
1.64945878268e-08	8.7498638095e-06
1.65144847964e-08	5.98320889367e-06
1.6534381766e-08	2.971738013e-06
1.65542787357e-08	3.57048278943e-07
1.65741757053e-08	-1.36196541689e-06
1.65940726749e-08	-1.92181556713e-06
1.66139696446e-08	-1.33149336534e-06
1.66338666142e-08	1.57159284697e-07
1.66537635838e-08	2.13255316339e-06
1.66736605535e-08	4.12016879636e-06
1.66935575231e-08	5.67798178963e-06
1.67134544927e-08	6.47426077194e-06
1.67333514624e-08	6.32233127362e-06
1.6753248432e-08	5.18075853506e-06
1.67731454016e-08	3.13591590384e-06
1.67930423713e-08	3.66369931726e-07
1.68129393409e-08	-2.8746286489e-06
1.68328363106e-08	-6.27072427051e-06
1.68527332802e-08	-9.44826570048e-06
1.68726302498e-08	-1.20002623589e-05
1.68925272195e-08	-1.35337272695e-05
1.69124241891e-08	-1.3742817373e-05
1.69323211587e-08	-1.24766356748e-05
1.69522181284e-08	-9.79790229394e-06
1.6972115098e-08	-5.99637587584e-06
1.69920120676e-08	-1.56170415266e-06
1.70119090373e-08	2.89060176328e-06
1.70318060069e-08	6.72228020449e-06
1.70517029765e-08	9.3984722298e-06
1.70715999462e-08	1.05909198282e-05
1.70914969158e-08	1.02492194856e-05
1.71113938854e-08	8.60219142851e-06
1.71312908551e-08	6.10552683611e-06
1.71511878247e-08	3.34109108735e-06
1.71710847943e-08	8.8981579438e-07
1.7190981764e-08	-7.80448175419e-07
1.72108787336e-08	-1.40490340073e-06
1.72307757032e-08	-9.65712530387e-07
1.72506726729e-08	3.22869510683e-07
1.72705696425e-08	2.08071924135e-06
1.72904666121e-08	3.85636610645e-06
1.73103635818e-08	5.23063044966e-06
1.73302605514e-08	5.88890884501e-06
1.7350157521e-08	5.65623508919e-06
1.73700544907e-08	4.49723256679e-06
1.73899514603e-08	2.49829008681e-06
1.74098484299e-08	-1.5929374797e-07
1.74297453996e-08	-3.21700326822e-06
1.74496423692e-08	-6.35968376628e-06
1.74695393388e-08	-9.23291918298e-06
1.74894363085e-08	-1.14741242214e-05
1.75093332781e-08	-1.27487978716e-05
1.75292302478e-08	-1.27993266688e-05
1.75491272174e-08	-1.15063162411e-05
1.7569024187e-08	-8.93564674698e-06
1.75889211567e-08	-5.3595395002e-06
1.76088181263e-08	-1.23483579273e-06
1.76287150959e-08	2.86740964839e-06
1.76486120656e-08	6.36931827103e-06
1.76685090352e-08	8.79262051967e-06
1.76884060048e-08	9.85432779999e-06
1.77083029745e-08	9.51729998633e-06
1.77281999441e-08	7.99477174951e-06
1.77480969137e-08	5.70421821067e-06
1.77679938834e-08	3.17979674946e-06
1.7787890853e-08	9.57083273079e-07
1.78077878226e-08	-5.36675202056e-07
1.78276847923e-08	-1.06900603214e-06
1.78475817619e-08	-6.33487445612e-07
1.78674787315e-08	5.67010573604e-07
1.78873757012e-08	2.18556942855e-06
1.79072726708e-08	3.80870960726e-06
1.79271696404e-08	5.04691161041e-06
1.79470666101e-08	5.59749537388e-06
1.79669635797e-08	5.28889609086e-06
1.79868605493e-08	4.08975938626e-06
1.8006757519e-08	2.09812617413e-06
1.80266544886e-08	-4.91698244787e-07
1.80465514582e-08	-3.41584370744e-06
1.80664484279e-08	-6.3668464918e-06
1.80863453975e-08	-9.01025850908e-06
1.81062423671e-08	-1.10119563033e-05
1.81261393368e-08	-1.20727077046e-05
1.81460363064e-08	-1.19764986266e-05
1.8165933276e-08	-1.06442907963e-05
1.81858302457e-08	-8.16736428533e-06
1.82057272153e-08	-4.81426286569e-06
1.82256241849e-08	-1.00544815496e-06
1.82455211546e-08	2.74925696431e-06
1.82654181242e-08	5.93532968196e-06
1.82853150939e-08	8.1301523096e-06
1.83052120635e-08	9.08360152607e-06
1.83251090331e-08	8.77032289281e-06
1.83450060028e-08	7.3927305948e-06
1.83649029724e-08	5.33447996531e-06
1.8384799942e-08	3.07495304241e-06
1.84046969117e-08	1.09211430299e-06
1.84245938813e-08	-2.35478424315e-07
1.84444908509e-08	-6.96374570452e-07
1.84643878206e-08	-2.810937616e-07
1.84842847902e-08	8.28895281302e-07
1.85041817598e-08	2.3123415076e-06
1.85240787295e-08	3.78164008907e-06
1.85439756991e-08	4.86932435706e-06
1.85638726687e-08	5.29423437001e-06
1.85837696384e-08	4.90173192702e-06
1.8603666608e-08	3.67021277725e-06
1.86235635776e-08	1.7002659547e-06
1.86434605473e-08	-8.13130753841e-07
1.86633575169e-08	-3.60601620741e-06
1.86832544865e-08	-6.37508037471e-06
1.87031514562e-08	-8.80194875208e-06
1.87230484258e-08	-1.05825870378e-05
1.87429453954e-08	-1.14618360385e-05
1.87628423651e-08	-1.12670491035e-05
1.87827393347e-08	-9.9440098893e-06
1.88026363043e-08	-7.58750979912e-06
1.8822533274e-08	-4.44773559138e-06
1.88424302436e-08	-9.08460378923e-07
1.88623272132e-08	2.56848875324e-06
1.88822241829e-08	5.52113556296e-06
1.89021211525e-08	7.57264524509e-06
1.89220181221e-08	8.50400738273e-06
1.89419150918e-08	8.29236159916e-06
1.89618120614e-08	7.11207735549e-06
1.8981709031e-08	5.29958310835e-06
1.90016060007e-08	3.28174064634e-06
1.90215029703e-08	1.48731282934e-06
1.904139994e-08	2.61382069766e-07
1.90612969096e-08	-2.03211200756e-07
1.90811938792e-08	1.03451409217e-07
1.91010908489e-08	1.01979145484e-06
1.91209878185e-08	2.26061911235e-06
1.91408847881e-08	3.48191019839e-06
1.91607817578e-08	4.35572974311e-06
1.91806787274e-08	4.62820685243e-06
1.9200575697e-08	4.15842328039e-06
1.92204726667e-08	2.93155687814e-06
1.92403696363e-08	1.04915204702e-06
1.92602666059e-08	-1.2977580468e-06
1.92801635756e-08	-3.85808391457e-06
1.93000605452e-08	-6.35183823761e-06
1.93199575148e-08	-8.49365505928e-06
1.93398544845e-08	-1.00159031717e-05
1.93597514541e-08	-1.06977968244e-05
1.93796484237e-08	-1.03950205812e-05
1.93995453934e-08	-9.07425555852e-06
1.9419442363e-08	-6.83403504809e-06
1.94393393326e-08	-3.90909349335e-06
1.94592363023e-08	-6.46442117613e-07
1.94791332719e-08	2.54194469562e-06
1.94990302415e-08	5.24553547621e-06
1.95189272112e-08	7.12859946361e-06
1.95388241808e-08	7.9936662587e-06
1.95587211504e-08	7.821138297e-06
1.95786181201e-08	6.76976696923e-06
1.95985150897e-08	5.14390512762e-06
1.96184120593e-08	3.32578258622e-06
1.9638309029e-08	1.69739843159e-06
1.96582059986e-08	5.62451845099e-07
1.96781029682e-08	9.47755580682e-08
1.96979999379e-08	3.10049230734e-07
1.97178969075e-08	1.07032292362e-06
1.97377938771e-08	2.12494387597e-06
1.97576908468e-08	3.16755961194e-06
1.97775878164e-08	3.89928572986e-06
1.97974847861e-08	4.08726168644e-06
1.98173817557e-08	3.60292858659e-06
1.98372787253e-08	2.43237900577e-06
1.9857175695e-08	6.65381207909e-07
1.98770726646e-08	-1.52123283215e-06
1.98969696342e-08	-3.89335627915e-06
1.99168666039e-08	-6.18703120381e-06
1.99367635735e-08	-8.13342967376e-06
1.99566605431e-08	-9.48530032474e-06
1.99765575128e-08	-1.00476358966e-05
1.99964544824e-08	-9.70023984337e-06
2.0016351452e-08	-8.42435792947e-06
2.00362484217e-08	-6.31793000139e-06
2.00561453913e-08	-3.59673197181e-06
2.00760423609e-08	-5.7640892237e-07
2.00959393306e-08	2.36939740716e-06
2.01158363002e-08	4.87234865432e-06
2.01357332698e-08	6.6305292421e-06
2.01556302395e-08	7.46868931856e-06
2.01755272091e-08	7.36787387723e-06
2.01954241787e-08	6.46604985377e-06
2.02153211484e-08	5.02982038597e-06
2.0235218118e-08	3.39826169693e-06
2.02551150876e-08	1.91705180441e-06
2.02750120573e-08	8.67259899451e-07
2.02949090269e-08	4.12838943475e-07
2.03148059965e-08	5.71575498043e-07
2.03347029662e-08	1.22236582456e-06
2.03545999358e-08	2.1382624027e-06
2.03744969054e-08	3.0410188856e-06
2.03943938751e-08	3.65895834875e-06
2.04142908447e-08	3.77622461656e-06
2.04341878143e-08	3.26775318626e-06
2.0454084784e-08	2.11545523143e-06
2.04739817536e-08	4.04753336625e-07
2.04938787232e-08	-1.69388169979e-06
2.05137756929e-08	-3.9535138967e-06
2.05336726625e-08	-6.11965469943e-06
2.05535696322e-08	-7.94110246716e-06
2.05734666018e-08	-9.18900286706e-06
2.05933635714e-08	-9.68397534962e-06
2.06132605411e-08	-9.31723889153e-06
2.06331575107e-08	-8.07583546703e-06
2.06530544803e-08	-6.05635159445e-06
2.067295145e-08	-3.46595970768e-06
2.06928484196e-08	-6.00047684429e-07
2.07127453892e-08	2.19763808218e-06
2.07326423589e-08	4.58860517938e-06
2.07525393285e-08	6.29490295978e-06
2.07724362981e-08	7.14988254913e-06
2.07923332678e-08	7.12872270014e-06
2.08122302374e-08	6.35301171314e-06
2.0832127207e-08	5.06606806994e-06
2.08520241767e-08	3.57935971351e-06
2.08719211463e-08	2.20845220156e-06
2.08918181159e-08	1.21034634049e-06
2.09117150856e-08	7.36198899176e-07
2.09316120552e-08	8.08752304238e-07
2.09515090248e-08	1.32741985226e-06
2.09714059945e-08	2.0922625481e-06
2.09913029641e-08	2.85009525669e-06
2.10111999337e-08	3.34855189976e-06
2.10310969034e-08	3.38543884482e-06
2.1050993873e-08	2.84558007024e-06
2.10708908426e-08	1.7144307094e-06
2.10907878123e-08	7.39569330221e-08
2.11106847819e-08	-1.91592931742e-06
2.11305817515e-08	-4.04416391575e-06
2.11504787212e-08	-6.06887306276e-06
2.11703756908e-08	-7.74797194936e-06
2.11902726604e-08	-8.86513907972e-06
2.12101696301e-08	-9.25657559492e-06
2.12300665997e-08	-8.83208713276e-06
2.12499635693e-08	-7.5939128692e-06
2.1269860539e-08	-5.64274591852e-06
2.12897575086e-08	-3.17389856264e-06
2.13096544783e-08	-4.62000087964e-07
2.13295514479e-08	2.1738489977e-06
2.13494484175e-08	4.41864608547e-06
2.13693453872e-08	6.01780902798e-06
2.13892423568e-08	6.82152744957e-06
2.14091393264e-08	6.81373830957e-06
2.14290362961e-08	6.10904953646e-06
2.14489332657e-08	4.92942717756e-06
2.14688302353e-08	3.55567044608e-06
2.1488727205e-08	2.2772723014e-06
2.15086241746e-08	1.33296737204e-06
2.15285211442e-08	8.66303054181e-07
2.15484181139e-08	9.01248313312e-07
2.15683150835e-08	1.34306009159e-06
2.15882120531e-08	2.0053158778e-06
2.16081090228e-08	2.65718426817e-06
2.16280059924e-08	3.06937192818e-06
2.1647902962e-08	3.05723494876e-06
2.16677999317e-08	2.51276412655e-06
2.16876969013e-08	1.41855718994e-06
2.17075938709e-08	-1.49249892445e-07
2.17274908406e-08	-2.03596266601e-06
2.17473878102e-08	-4.032019433e-06
2.17672847798e-08	-5.90536160416e-06
2.17871817495e-08	-7.43126156522e-06
2.18070787191e-08	-8.41412565933e-06
2.18269756887e-08	-8.70974827194e-06
2.18468726584e-08	-8.24360404295e-06
2.1866769628e-08	-7.02485795046e-06
2.18866665976e-08	-5.15800252288e-06
2.19065635673e-08	-2.83488168407e-06
2.19264605369e-08	-3.15930023476e-07
2.19463575065e-08	2.10797941236e-06
2.19662544762e-08	4.15931526732e-06
2.19861514458e-08	5.61477099836e-06
2.20060484155e-08	6.34398270449e-06
2.20259453851e-08	6.33330660094e-06
2.20458423547e-08	5.68817517888e-06
2.20657393244e-08	4.61410627395e-06
2.2085636294e-08	3.37264987138e-06
2.21055332636e-08	2.2285232717e-06
2.21254302333e-08	1.39401208799e-06
2.21453272029e-08	9.93524622572e-07
2.21652241725e-08	1.0422285186e-06
2.21851211422e-08	1.4532117234e-06
2.22050181118e-08	2.05633261885e-06
2.22249150814e-08	2.63513572918e-06
2.22448120511e-08	2.97336134736e-06
2.22647090207e-08	2.89777551643e-06
2.22846059903e-08	2.31152330343e-06
2.230450296e-08	1.20941103887e-06
2.23243999296e-08	-3.26852912735e-07
2.23442968992e-08	-2.14525459796e-06
2.23641938689e-08	-4.04808793064e-06
2.23840908385e-08	-5.8149078086e-06
2.24039878081e-08	-7.23082393961e-06
2.24238847778e-08	-8.11153677205e-06
2.24437817474e-08	-8.32755949887e-06
2.2463678717e-08	-7.82200413596e-06
2.24835756867e-08	-6.61886429043e-06
2.25034726563e-08	-4.82508426103e-06
2.25233696259e-08	-2.6203864536e-06
2.25432665956e-08	-2.43724571192e-07
2.25631635652e-08	2.03717468139e-06
2.25830605348e-08	3.96421705773e-06
2.26029575045e-08	5.33348929821e-06
2.26228544741e-08	6.02894783697e-06
2.26427514437e-08	6.04615775046e-06
2.26626484134e-08	5.48529146727e-06
2.2682545383e-08	4.5313577175e-06
2.27024423526e-08	3.41529721481e-06
2.27223393223e-08	2.37300025674e-06
2.27422362919e-08	1.59805495059e-06
2.27621332616e-08	1.20511492696e-06
2.27820302312e-08	1.20949079019e-06
2.28019272008e-08	1.5288789541e-06
2.28218241705e-08	2.00591807697e-06
2.28417211401e-08	2.44652846959e-06
2.28616181097e-08	2.661752319e-06
2.28815150794e-08	2.50129096457e-06
2.2901412049e-08	1.88141513036e-06
2.29213090186e-08	7.96861058916e-07
2.29412059883e-08	-6.74988086757e-07
2.29611029579e-08	-2.38821360199e-06
2.29809999275e-08	-4.15148633692e-06
2.30008968972e-08	-5.75756575927e-06
2.30207938668e-08	-7.01101498635e-06
2.30406908364e-08	-7.75083753979e-06
2.30605878061e-08	-7.86727605373e-06
2.30804847757e-08	-7.31400882614e-06
2.31003817453e-08	-6.11909763393e-06
2.3120278715e-08	-4.38853476226e-06
2.31401756846e-08	-2.29802321883e-06
2.31600726542e-08	-7.1413687408e-08
2.31799696239e-08	2.04911020774e-06
2.31998665935e-08	3.83588871955e-06
2.32197635631e-08	5.11179769092e-06
2.32396605328e-08	5.77441392124e-06
2.32595575024e-08	5.81550420975e-06
2.3279454472e-08	5.32168633072e-06
2.32993514417e-08	4.46135231869e-06
2.33192484113e-08	3.4461792211e-06
2.33391453809e-08	2.4881861691e-06
2.33590423506e-08	1.75885423914e-06
2.33789393202e-08	1.35779492894e-06
2.33988362898e-08	1.29944612581e-06
2.34187332595e-08	1.51409187765e-06
2.34386302291e-08	1.86851099215e-06
2.34585271987e-08	2.1907142127e-06
2.34784241684e-08	2.30789919442e-06
2.3498321138e-08	2.08384778944e-06
2.35182181077e-08	1.44661879631e-06
2.35381150773e-08	3.99430888365e-07
2.35580120469e-08	-9.81358482477e-07
2.35779090166e-08	-2.56123007603e-06
2.35978059862e-08	-4.16874445364e-06
2.36177029558e-08	-5.61546949029e-06
2.36375999255e-08	-6.72227338328e-06
2.36574968951e-08	-7.34051604923e-06
2.36773938647e-08	-7.37410437068e-06
2.36972908344e-08	-6.79074560139e-06
2.3717187804e-08	-5.62862874176e-06
2.37370847736e-08	-3.99017358177e-06
2.37569817433e-08	-2.03539048016e-06
2.37768787129e-08	3.46974715626e-08
2.37967756825e-08	2.00108934223e-06
2.38166726522e-08	3.65518656054e-06
2.38365696218e-08	4.8362949201e-06
2.38564665914e-08	5.45504599359e-06
2.38763635611e-08	5.51004700355e-06
2.38962605307e-08	5.08256107423e-06
2.39161575003e-08	4.32081856161e-06
2.393605447e-08	3.41044778907e-06
2.39559514396e-08	2.53890004842e-06
2.39758484092e-08	1.86400080793e-06
2.39957453789e-08	1.47969376485e-06
2.40156423485e-08	1.40098075008e-06
2.40355393181e-08	1.56271244123e-06
2.40554362878e-08	1.84109677548e-06
2.40753332574e-08	2.08056962947e-06
2.4095230227e-08	2.12917973386e-06
2.41151271967e-08	1.86746660802e-06
2.41350241663e-08	1.22969885297e-06
2.41549211359e-08	2.15708141127e-07
2.41748181056e-08	-1.10553889954e-06
2.41947150752e-08	-2.60707088273e-06
2.42146120448e-08	-4.12368831348e-06
2.42345090145e-08	-5.47776699023e-06
2.42544059841e-08	-6.5035519583e-06
2.42743029538e-08	-7.06711944076e-06
2.42941999234e-08	-7.08182119524e-06
2.4314096893e-08	-6.51628738524e-06
2.43339938627e-08	-5.40430232832e-06
2.43538908323e-08	-3.84251734431e-06
2.43737878019e-08	-1.98424777409e-06
2.43936847716e-08	-1.97774667754e-08
2.44135817412e-08	1.84787711532e-06
2.44334787108e-08	3.43079682352e-06
2.44533756805e-08	4.58296358374e-06
2.44732726501e-08	5.21874108017e-06
2.44931696197e-08	5.33069101039e-06
2.45130665894e-08	4.98804001836e-06
2.4532963559e-08	4.32312799603e-06
2.45528605286e-08	3.50669824911e-06
2.45727574983e-08	2.71065914603e-06
2.45926544679e-08	2.07565767596e-06
2.46125514375e-08	1.68471910911e-06
2.46324484072e-08	1.55458218387e-06
2.46523453768e-08	1.63253969276e-06
2.46722423464e-08	1.81306751301e-06
2.46921393161e-08	1.95784434709e-06
2.47120362857e-08	1.92929422838e-06
2.47319332553e-08	1.61664650022e-06
2.4751830225e-08	9.61091416229e-07
2.47717271946e-08	-3.22209068315e-08
2.47916241642e-08	-1.29681467342e-06
2.48115211339e-08	-2.71500778126e-06
2.48314181035e-08	-4.13692237089e-06
2.48513150731e-08	-5.39656662113e-06
2.48712120428e-08	-6.33746185486e-06
2.48911090124e-08	-6.83254825162e-06
2.4911005982e-08	-6.80150969856e-06
2.49309029517e-08	-6.21983713245e-06
2.49507999213e-08	-5.12742599312e-06
2.49706968909e-08	-3.61929210158e-06
2.49905938606e-08	-1.83919775054e-06
2.50104908302e-08	3.64598520264e-08
2.50303877999e-08	1.8173296894e-06
2.50502847695e-08	3.32696231453e-06
2.50701817391e-08	4.42855321126e-06
2.50900787088e-08	5.0448525144e-06
2.51099756784e-08	5.1701049415e-06
2.5129872648e-08	4.86998760607e-06
2.51497696177e-08	4.26324936598e-06
2.51696665873e-08	3.50363291091e-06
2.51895635569e-08	2.74787544186e-06
2.52094605266e-08	2.12858003579e-06
2.52293574962e-08	1.72680381638e-06
2.52492544658e-08	1.56068352908e-06
2.52691514355e-08	1.58315856424e-06
2.52890484051e-08	1.69668777517e-06
2.53089453747e-08	1.77657085487e-06
2.53288423444e-08	1.69955382034e-06
2.5348739314e-08	1.36699657105e-06
2.53686362836e-08	7.24875349079e-07
2.53885332533e-08	-2.23348664008e-07
2.54084302229e-08	-1.41685268318e-06
2.54283271925e-08	-2.7445402111e-06
2.54482241622e-08	-4.0632355649e-06
2.54681211318e-08	-5.21754304827e-06
2.54880181014e-08	-6.06323101238e-06
2.55079150711e-08	-6.4855760229e-06
2.55278120407e-08	-6.41305541649e-06
2.55477090103e-08	-5.82678876526e-06
2.556760598e-08	-4.76518721371e-06
2.55875029496e-08	-3.32109038936e-06
2.56073999192e-08	-1.63384413554e-06
2.56272968889e-08	1.29306890528e-07
2.56471938585e-08	1.79268715783e-06
2.56670908281e-08	3.19567948281e-06
2.56869877978e-08	4.21549952989e-06
2.57068847674e-08	4.7842299864e-06
2.5726781737e-08	4.89780109092e-06
2.57466787067e-08	4.61707440991e-06
2.57665756763e-08	4.05487799071e-06
2.5786472646e-08	3.35382958383e-06
2.58063696156e-08	2.65794813004e-06
2.58262665852e-08	2.08669575841e-06
2.58461635549e-08	1.7119111817e-06
2.58660605245e-08	1.54832321186e-06
2.58859574941e-08	1.55227388632e-06
2.59058544638e-08	1.63554966548e-06
2.59257514334e-08	1.68293320257e-06
2.5945648403e-08	1.57886955776e-06
2.59655453727e-08	1.23217660075e-06
2.59854423423e-08	5.96026239919e-07
2.60053393119e-08	-3.23726851548e-07
2.60252362816e-08	-1.46663853684e-06
2.60451332512e-08	-2.72631564258e-06
2.60650302208e-08	-3.96826249016e-06
2.60849271905e-08	-5.04709919369e-06
2.61048241601e-08	-5.82621009926e-06
2.61247211297e-08	-6.19805314273e-06
2.61446180994e-08	-6.09749872638e-06
2.6164515069e-08	-5.51179209651e-06
2.61844120386e-08	-4.48237005912e-06
2.62043090083e-08	-3.10066582188e-06
2.62242059779e-08	-1.49857658016e-06
2.62441029475e-08	1.6727535268e-07
2.62639999172e-08	1.73424206196e-06
2.62838968868e-08	3.05502499032e-06
2.63037938564e-08	4.01679744755e-06
2.63236908261e-08	4.55901886198e-06
2.63435877957e-08	4.68103871754e-06
2.63634847653e-08	4.44005672762e-06
2.6383381735e-08	3.93900518247e-06
2.64032787046e-08	3.3067719869e-06
2.64231756742e-08	2.67340533355e-06
2.64430726439e-08	2.14521719499e-06
2.64629696135e-08	1.78698030595e-06
2.64828665832e-08	1.61130299148e-06
2.65027635528e-08	1.57712122473e-06
2.65226605224e-08	1.60340852062e-06
2.65425574921e-08	1.58563500463e-06
2.65624544617e-08	1.42115186463e-06
2.65823514313e-08	1.03018169284e-06
2.6602248401e-08	3.74403612113e-07
2.66221453706e-08	-5.35960793968e-07
2.66420423402e-08	-1.64121445323e-06
2.66619393099e-08	-2.83925169242e-06
2.66818362795e-08	-4.00254293709e-06
2.67017332491e-08	-4.99357747685e-06
2.67216302188e-08	-5.686501936e-06
2.67415271884e-08	-5.98389556217e-06
2.6761424158e-08	-5.83030737289e-06
2.67813211277e-08	-5.22010191162e-06
2.68012180973e-08	-4.19688649345e-06
2.68211150669e-08	-2.85046428417e-06
2.68410120366e-08	-1.3070591649e-06
2.68609090062e-08	2.85617744566e-07
2.68808059758e-08	1.77562674253e-06
2.69007029455e-08	3.02700800603e-06
2.69205999151e-08	3.93834443457e-06
2.69404968847e-08	4.45681212113e-06
2.69603938544e-08	4.583090913e-06
2.6980290824e-08	4.36951495431e-06
2.70001877936e-08	3.90895615965e-06
2.70200847633e-08	3.31779949647e-06
2.70399817329e-08	2.71449016509e-06
2.70598787025e-08	2.19654941702e-06
2.70797756722e-08	1.82443898211e-06
2.70996726418e-08	1.60830552431e-06
2.71195696114e-08	1.51281949456e-06
2.71394665811e-08	1.46589115957e-06
2.71593635507e-08	1.37642666687e-06
2.71792605203e-08	1.1554029129e-06
2.719915749e-08	7.342164281e-07
2.72190544596e-08	8.00207473617e-08
2.72389514293e-08	-7.95495481043e-07
2.72588483989e-08	-1.83419865607e-06
2.72787453685e-08	-2.94010897051e-06
2.72986423382e-08	-3.99440750698e-06
2.73185393078e-08	-4.87326792609e-06
2.73384362774e-08	-5.46416163161e-06
2.73583332471e-08	-5.68248151467e-06
2.73782302167e-08	-5.48194543626e-06
2.73981271863e-08	-4.85911868964e-06
2.7418024156e-08	-3.85911096146e-06
2.74379211256e-08	-2.56956491285e-06
2.74578180952e-08	-1.10974133349e-06
2.74777150649e-08	3.83923634217e-07
2.74976120345e-08	1.77373061661e-06
2.75175090041e-08	2.93871346457e-06
2.75374059738e-08	3.78877666662e-06
2.75573029434e-08	4.27598297392e-06
2.7577199913e-08	4.40071244157e-06
2.75970968827e-08	4.21183972321e-06
2.76169938523e-08	3.79580353638e-06
2.76368908219e-08	3.25823759795e-06
2.76567877916e-08	2.70428756721e-06
2.76766847612e-08	2.21972777581e-06
2.76965817308e-08	1.85648087836e-06
2.77164787005e-08	1.62501373779e-06
2.77363756701e-08	1.49597411792e-06
2.77562726397e-08	1.40588764452e-06
2.77761696094e-08	1.27269419181e-06
2.7796066579e-08	1.01552427623e-06
2.78159635486e-08	5.73931970393e-07
2.78358605183e-08	-7.74146471372e-08
2.78557574879e-08	-9.23537243125e-07
2.78756544575e-08	-1.90917916143e-06
2.78955514272e-08	-2.94660014788e-06
2.79154483968e-08	-3.92791230297e-06
2.79353453664e-08	-4.7378380259e-06
2.79552423361e-08	-5.27152133145e-06
2.79751393057e-08	-5.4505587741e-06
2.79950362754e-08	-5.2339330523e-06
2.8014933245e-08	-4.62422212877e-06
2.80348302146e-08	-3.66602682789e-06
2.80547271843e-08	-2.44029524765e-06
2.80746241539e-08	-1.0565271964e-06
2.80945211235e-08	3.59084253887e-07
2.81144180932e-08	1.67869887946e-06
2.81343150628e-08	2.78871482351e-06
2.81542120324e-08	3.60628871476e-06
2.81741090021e-08	4.08913751926e-06
2.81940059717e-08	4.2395613491e-06
2.82139029413e-08	4.09915605815e-06
2.8233799911e-08	3.74294666017e-06
2.82536968806e-08	3.26325925926e-06
2.82735938502e-08	2.75543516182e-06
2.82934908199e-08	2.29938098073e-06
2.83133877895e-08	1.94373831164e-06
2.83332847591e-08	1.69780417991e-06
2.83531817288e-08	1.53355171051e-06
2.83730786984e-08	1.39452316716e-06
2.8392975668e-08	1.21043444778e-06
2.84128726377e-08	9.12556856747e-07
2.84327696073e-08	4.48998505931e-07
2.84526665769e-08	-2.03518112585e-07
2.84725635466e-08	-1.03155775832e-06
2.84924605162e-08	-1.98214354441e-06
2.85123574858e-08	-2.97022245377e-06
2.85322544555e-08	-3.89312572224e-06
2.85521514251e-08	-4.64444246973e-06
2.85720483947e-08	-5.12965448252e-06
2.85919453644e-08	-5.27830070496e-06
2.8611842334e-08	-5.05237676407e-06
2.86317393036e-08	-4.45204773314e-06
2.86516362733e-08	-3.5197165289e-06
2.86715332429e-08	-2.33449736697e-06
2.86914302125e-08	-1.00270216308e-06
2.87113271822e-08	3.56416705927e-07
2.87312241518e-08	1.62456387898e-06
2.87511211215e-08	2.69808390385e-06
2.87710180911e-08	3.49916626874e-06
2.87909150607e-08	3.98440897698e-06
2.88108120304e-08	4.15183967561e-06
2.8830709e-08	4.03950639338e-06
2.88506059696e-08	3.71764826923e-06
2.88705029393e-08	3.27199256844e-06
2.88903999089e-08	2.78847551272e-06
2.89102968785e-08	2.33830735397e-06
2.89301938482e-08	1.96598273305e-06
2.89500908178e-08	1.68499371966e-06
2.89699877874e-08	1.47563173414e-06
2.89898847571e-08	1.29040193997e-06
2.90097817267e-08	1.06535634359e-06
2.90296786963e-08	7.37816634455e-07
2.9049575666e-08	2.61838621896e-07
2.90694726356e-08	-3.78760020681e-07
2.90893696052e-08	-1.16803653327e-06
2.91092665749e-08	-2.0572252879e-06
2.91291635445e-08	-2.97092230994e-06
2.91490605141e-08	-3.81637244118e-06
2.91689574838e-08	-4.49499293609e-06
2.91888544534e-08	-4.91715513817e-06
2.9208751423e-08	-5.0173055115e-06
2.92286483927e-08	-4.76453510601e-06
2.92485453623e-08	-4.16505645262e-06
2.92684423319e-08	-3.2613137364e-06
2.92883393016e-08	-2.12712927805e-06
2.93082362712e-08	-8.59755601823e-07
2.93281332408e-08	4.28953995879e-07
2.93480302105e-08	1.6257988591e-06
2.93679271801e-08	2.63223626007e-06
2.93878241497e-08	3.37781841608e-06
2.94077211194e-08	3.82636278573e-06
2.9427618089e-08	3.98006932301e-06
2.94475150586e-08	3.87389968637e-06
2.94674120283e-08	3.56973805538e-06
2.94873089979e-08	3.14545286528e-06
2.95072059676e-08	2.68221049282e-06
2.95271029372e-08	2.24898758461e-06
2.95469999068e-08	1.8882356585e-06
2.95668968765e-08	1.60923826797e-06
2.95867938461e-08	1.3918491959e-06
2.96066908157e-08	1.19155242828e-06
2.96265877854e-08	9.53836121198e-07
2.9646484755e-08	6.24263378768e-07
2.96663817246e-08	1.61418320488e-07
2.96862786943e-08	-4.52690898101e-07
2.97061756639e-08	-1.20427984029e-06
2.97260726335e-08	-2.04638001833e-06
2.97459696032e-08	-2.90484740617e-06
2.97658665728e-08	-3.69042413695e-06
2.97857635424e-08	-4.31238413512e-06
2.98056605121e-08	-4.6913917231e-06
2.98255574817e-08	-4.7685532536e-06
2.98454544513e-08	-4.51269579571e-06
2.9865351421e-08	-3.92816809835e-06
2.98852483906e-08	-3.05638650389e-06
2.99051453602e-08	-1.97012457193e-06
2.99250423299e-08	-7.64789405139e-07
2.99449392995e-08	4.53514701348e-07
2.99648362691e-08	1.58323098276e-06
2.99847332388e-08	2.53562222952e-06
3.00046302084e-08	3.24482027736e-06
3.0024527178e-08	3.67474876839e-06
3.00444241477e-08	3.82618213735e-06
3.00643211173e-08	3.73269574538e-06
3.00842180869e-08	3.4548960457e-06
3.01041150566e-08	3.06601714328e-06
3.01240120262e-08	2.63750155227e-06
3.01439089958e-08	2.2280568146e-06
3.01638059655e-08	1.87553649766e-06
3.01837029351e-08	1.59113204745e-06
3.02035999048e-08	1.35855066219e-06
3.02234968744e-08	1.13809170443e-06
3.0243393844e-08	8.77852755821e-07
3.02632908137e-08	5.26646829258e-07
3.02831877833e-08	4.87483902134e-08
3.03030847529e-08	-5.65639794559e-07
3.03229817226e-08	-1.29872694288e-06
3.03428786922e-08	-2.10586188132e-06
3.03627756618e-08	-2.91915716844e-06
3.03826726315e-08	-3.65627852261e-06
3.04025696011e-08	-4.23036181019e-06
3.04224665707e-08	-4.56405587101e-06
3.04423635404e-08	-4.6032141654e-06
3.046226051e-08	-4.323648227e-06
3.04821574796e-08	-3.73478917481e-06
3.05020544493e-08	-2.87897000817e-06
3.05219514189e-08	-1.82378857971e-06
3.05418483885e-08	-6.58187531144e-07
3.05617453582e-08	5.17751857387e-07
3.05816423278e-08	1.60452100317e-06
3.06015392974e-08	2.51727306022e-06
3.06214362671e-08	3.19566572671e-06
3.06413332367e-08	3.6101440628e-06
3.06612302063e-08	3.76332900487e-06
3.0681127176e-08	3.68532278117e-06
3.07010241456e-08	3.42776809248e-06
3.07209211152e-08	3.05719493099e-06
3.07408180849e-08	2.64072025402e-06
3.07607150545e-08	2.23485517381e-06
3.07806120241e-08	1.8746405317e-06
3.08005089938e-08	1.56905861104e-06
3.08204059634e-08	1.3012984823e-06
3.0840302933e-08	1.03776665128e-06
3.08601999027e-08	7.35507114769e-07
3.08800968723e-08	3.53700912115e-07
3.08999938419e-08	-1.37729976757e-07
3.09198908116e-08	-7.48064564959e-07
3.09397877812e-08	-1.45925770312e-06
3.09596847509e-08	-2.22609912726e-06
3.09795817205e-08	-2.98259624287e-06
3.09994786901e-08	-3.65069354302e-06
3.10193756598e-08	-4.1527432586e-06
3.10392726294e-08	-4.422588745e-06
3.1059169599e-08	-4.41277302343e-06
3.10790665687e-08	-4.10284610552e-06
3.10989635383e-08	-3.50258858361e-06
3.11188605079e-08	-2.65463199867e-06
3.11387574776e-08	-1.6276450765e-06
3.11586544472e-08	-5.07813865624e-07
3.11785514168e-08	6.11242626292e-07
3.11984483865e-08	1.64025152571e-06
3.12183453561e-08	2.5021475949e-06
3.12382423257e-08	3.14239480304e-06
3.12581392954e-08	3.53193809133e-06
3.1278036265e-08	3.67273366919e-06
3.12979332346e-08	3.59523028237e-06
3.13178302043e-08	3.35019660724e-06
3.13377271739e-08	2.99790076497e-06
3.13576241435e-08	2.59839146111e-06
3.13775211132e-08	2.20168340093e-06
3.13974180828e-08	1.83882048077e-06
3.14173150524e-08	1.52037580392e-06
3.14372120221e-08	1.23431289012e-06
3.14571089917e-08	9.5053781024e-07
3.14770059613e-08	6.2907361098e-07
3.1496902931e-08	2.33934109417e-07
3.15167999006e-08	-2.59303803318e-07
3.15366968702e-08	-8.55098903685e-07
3.15565938399e-08	-1.53397564873e-06
3.15764908095e-08	-2.2544292051e-06
3.15963877791e-08	-2.95683787499e-06
3.16162847488e-08	-3.5700444414e-06
3.16361817184e-08	-4.02175942327e-06
3.1656078688e-08	-4.25006055593e-06
3.16759756577e-08	-4.21333606937e-06
3.16958726273e-08	-3.8962959934e-06
3.1715769597e-08	-3.31114461005e-06
3.17356665666e-08	-2.49850722867e-06
3.17555635362e-08	-1.5211675759e-06
3.17754605059e-08	-4.58691147287e-07
3.17953574755e-08	6.01969560421e-07
3.18152544451e-08	1.57634053721e-06
3.18351514148e-08	2.39382472955e-06
3.18550483844e-08	3.00492047245e-06
3.1874945354e-08	3.38506868047e-06
3.18948423237e-08	3.53643326889e-06
3.19147392933e-08	3.48448327259e-06
3.19346362629e-08	3.27255941102e-06
3.19545332326e-08	2.95585982713e-06
3.19744302022e-08	2.58848376689e-06
3.19943271718e-08	2.2158021693e-06
3.20142241415e-08	1.86575755379e-06
3.20341211111e-08	1.54667048946e-06
3.20540180807e-08	1.24727199591e-06
3.20739150504e-08	9.42198539633e-07
3.209381202e-08	5.98768991722e-07
3.21137089896e-08	1.86394423451e-07
3.21336059593e-08	-3.15152831831e-07
3.21535029289e-08	-9.0885487225e-07
3.21733998985e-08	-1.57412677027e-06
3.21932968682e-08	-2.26972872497e-06
3.22131938378e-08	-2.93847119792e-06
3.22330908074e-08	-3.51429537204e-06
3.22529877771e-08	-3.93121717934e-06
3.22728847467e-08	-4.13316752201e-06
3.22927817163e-08	-4.08194387091e-06
3.2312678686e-08	-3.76327591312e-06
3.23325756556e-08	-3.18966772284e-06
3.23524726252e-08	-2.40101189775e-06
3.23723695949e-08	-1.45793774209e-06
3.23922665645e-08	-4.35458730408e-07
3.24121635341e-08	5.85091441963e-07
3.24320605038e-08	1.52562381572e-06
3.24519574734e-08	2.31938554407e-06
3.24718544431e-08	2.91812716569e-06
3.24917514127e-08	3.2977934552e-06
3.25116483823e-08	3.4592345628e-06
3.2531545352e-08	3.42571365763e-06
3.25514423216e-08	3.23714527894e-06
3.25713392912e-08	2.94171661608e-06
3.25912362609e-08	2.58883130755e-06
3.26111332305e-08	2.22005473915e-06
3.26310302001e-08	1.8630487375e-06
3.26509271698e-08	1.52694246935e-06
3.26708241394e-08	1.20443513651e-06
3.2690721109e-08	8.73793766232e-07
3.27106180787e-08	5.07287751361e-07
3.27305150483e-08	7.97581449774e-08
3.27504120179e-08	-4.23827060558e-07
3.27703089876e-08	-1.00379543255e-06
3.27902059572e-08	-1.64071059316e-06
3.28101029268e-08	-2.29676652452e-06
3.28299998965e-08	-2.9180735055e-06
3.28498968661e-08	-3.44357749782e-06
3.28697938357e-08	-3.81306483632e-06
3.28896908054e-08	-3.97556254939e-06
3.2909587775e-08	-3.89773686038e-06
3.29294847446e-08	-3.56894963716e-06
3.29493817143e-08	-3.00216743199e-06
3.29692786839e-08	-2.23444567382e-06
3.29891756535e-08	-1.32464094804e-06
3.30090726232e-08	-3.43873608699e-07
3.30289695928e-08	6.30424636938e-07
3.30488665624e-08	1.52536938458e-06
3.30687635321e-08	2.27890438964e-06
3.30886605017e-08	2.84722148081e-06
3.31085574713e-08	3.20730646308e-06
3.3128454441e-08	3.35895742865e-06
3.31483514106e-08	3.32359616095e-06
3.31682483802e-08	3.13879513669e-06
3.31881453499e-08	2.84992461275e-06
3.32080423195e-08	2.50352900366e-06
3.32279392892e-08	2.13768009871e-06
3.32478362588e-08	1.77757652864e-06
3.32677332284e-08	1.43442537137e-06
3.32876301981e-08	1.10260401698e-06
3.33075271677e-08	7.64484099136e-07
3.33274241373e-08	3.96021704319e-07
3.3347321107e-08	-2.54556002943e-08
3.33672180766e-08	-5.13637729682e-07
3.33871150462e-08	-1.06668085209e-06
3.34070120159e-08	-1.66503986065e-06
3.34269089855e-08	-2.27359169003e-06
3.34468059551e-08	-2.8439902735e-06
3.34667029248e-08	-3.32059426e-06
3.34865998944e-08	-3.64765242011e-06
3.3506496864e-08	-3.77852916245e-06
3.35263938337e-08	-3.68225005332e-06
3.35462908033e-08	-3.35046695454e-06
3.35661877729e-08	-2.79785763269e-06
3.35860847426e-08	-2.06097547562e-06
3.36059817122e-08	-1.19372106155e-06
3.36258786818e-08	-2.62582830146e-07
3.36457756515e-08	6.60268312913e-07
3.36656726211e-08	1.50598873461e-06
3.36855695907e-08	2.21585355575e-06
3.37054665604e-08	2.74929709576e-06
3.372536353e-08	3.08685116579e-06
3.37452604996e-08	3.23018366544e-06
3.37651574693e-08	3.19801722526e-06
3.37850544389e-08	3.0242538287e-06
3.38049514085e-08	2.74994749816e-06
3.38248483782e-08	2.41868042394e-06
3.38447453478e-08	2.06613628961e-06
3.38646423174e-08	1.71711116081e-06
3.38845392871e-08	1.37942106448e-06
3.39044362567e-08	1.04740826146e-06
3.39243332263e-08	7.05481170371e-07
3.3944230196e-08	3.33510769224e-07
3.39641271656e-08	-8.72262759799e-08
3.39840241353e-08	-5.67349701441e-07
3.40039211049e-08	-1.10592503688e-06
3.40238180745e-08	-1.68449611238e-06
3.40437150442e-08	-2.26754048072e-06
3.40636120138e-08	-2.80793187812e-06
3.40835089834e-08	-3.25212829466e-06
3.41034059531e-08	-3.54891744792e-06
3.41233029227e-08	-3.65685878023e-06
3.41431998923e-08	-3.54807275471e-06
3.4163096862e-08	-3.21415677718e-06
3.41829938316e-08	-2.66832898888e-06
3.42028908012e-08	-1.94658673536e-06
3.42227877709e-08	-1.1024483797e-06
3.42426847405e-08	-2.00907656733e-07
3.42625817101e-08	6.89809553478e-07
3.42824786798e-08	1.50569923107e-06
3.43023756494e-08	2.19318837935e-06
3.4322272619e-08	2.71281385267e-06
3.43421695887e-08	3.04311743093e-06
3.43620665583e-08	3.18501884067e-06
3.43819635279e-08	3.15708496146e-06
3.44018604976e-08	2.99191981412e-06
3.44217574672e-08	2.72823729119e-06
3.44416544368e-08	2.40434599164e-06
3.44615514065e-08	2.05180595003e-06
3.44814483761e-08	1.69355490698e-06
3.45013453457e-08	1.34019711595e-06
3.45212423154e-08	9.89248690075e-07
3.4541139285e-08	6.27897236427e-07
3.45610362546e-08	2.37563000383e-07
3.45809332243e-08	-1.97848393668e-07
3.46008301939e-08	-6.84851073629e-07
3.46207271635e-08	-1.21743158843e-06
3.46406241332e-08	-1.77582825245e-06
3.46605211028e-08	-2.32728268657e-06
3.46804180725e-08	-2.82940311536e-06
3.47003150421e-08	-3.23270489844e-06
3.47202120117e-08	-3.48894809576e-06
3.47401089814e-08	-3.55873714852e-06
3.4760005951e-08	-3.41813665727e-06
3.47799029206e-08	-3.06396259475e-06
3.47997998903e-08	-2.51308131283e-06
3.48196968599e-08	-1.80051694088e-06
3.48395938295e-08	-9.75937950898e-07
3.48594907992e-08	-1.0033262754e-07
3.48793877688e-08	7.60387365517e-07
3.48992847384e-08	1.54395462459e-06
3.49191817081e-08	2.19900766751e-06
3.49390786777e-08	2.69058057256e-06
3.49589756473e-08	3.00234887618e-06
3.4978872617e-08	3.13542113872e-06
3.49987695866e-08	3.10581242502e-06
3.50186665562e-08	2.9415670042e-06
3.50385635259e-08	2.67900827566e-06
3.50584604955e-08	2.35595587128e-06
3.50783574651e-08	2.0040945401e-06
3.50982544348e-08	1.643618873e-06
3.51181514044e-08	1.28334960436e-06
3.5138048374e-08	9.20380557545e-07
3.51579453437e-08	5.45066825453e-07
3.51778423133e-08	1.45154238851e-07
3.51977392829e-08	-2.91267312491e-07
3.52176362526e-08	-7.69965112113e-07
3.52375332222e-08	-1.28660997234e-06
3.52574301918e-08	-1.821389219e-06
3.52773271615e-08	-2.34117760556e-06
3.52972241311e-08	-2.80417464182e-06
3.53171211007e-08	-3.16531804856e-06
3.53370180704e-08	-3.38300299063e-06
3.535691504e-08	-3.42410692156e-06
3.53768120096e-08	-3.26787608174e-06
3.53967089793e-08	-2.91025639854e-06
3.54166059489e-08	-2.36715607116e-06
3.54365029186e-08	-1.67397115547e-06
3.54563998882e-08	-8.8098300921e-07
3.54762968578e-08	-4.62888483099e-08
3.54961938275e-08	7.70431995534e-07
3.55160907971e-08	1.51406550231e-06
3.55359877667e-08	2.13748057831e-06
3.55558847364e-08	2.60675494701e-06
3.5575781706e-08	2.90461503027e-06
3.55956786756e-08	3.03225522202e-06
3.56155756453e-08	3.00718204471e-06
3.56354726149e-08	2.85730789074e-06
3.56553695845e-08	2.61433183368e-06
3.56752665542e-08	2.30990451655e-06
3.56951635238e-08	1.97142355773e-06
3.57150604934e-08	1.61835384915e-06
3.57349574631e-08	1.26179372728e-06
3.57548544327e-08	9.0056343538e-07
3.57747514023e-08	5.25255046568e-07
3.5794648372e-08	1.22894910248e-07
3.58145453416e-08	-3.15947971785e-07
3.58344423112e-08	-7.92440005171e-07
3.58543392809e-08	-1.29813486183e-06
3.58742362505e-08	-1.81365163598e-06
3.58941332201e-08	-2.30986654515e-06
3.59140301898e-08	-2.7493226753e-06
3.59339271594e-08	-3.08897313062e-06
3.5953824129e-08	-3.28815178818e-06
3.59737210987e-08	-3.31465901127e-06
3.59936180683e-08	-3.15161605613e-06
3.60135150379e-08	-2.79919913737e-06
3.60334120076e-08	-2.27427142363e-06
3.60533089772e-08	-1.60813658567e-06
3.60732059468e-08	-8.46182700798e-07
3.60931029165e-08	-4.23365627e-08
3.61129998861e-08	7.44861608837e-07
3.61328968557e-08	1.46099205267e-06
3.61527938254e-08	2.06217748655e-06
3.6172690795e-08	2.51896437931e-06
3.61925877647e-08	2.8166437005e-06
3.62124847343e-08	2.9543131177e-06
3.62323817039e-08	2.94421897706e-06
3.62522786736e-08	2.80966594346e-06
3.62721756432e-08	2.58073350778e-06
3.62920726128e-08	2.28878650432e-06
3.63119695825e-08	1.9598264771e-06
3.63318665521e-08	1.61097796081e-06
3.63517635217e-08	1.24977526639e-06
3.63716604914e-08	8.76409103512e-07
3.6391557461e-08	4.87276906824e-07
3.64114544306e-08	7.48814699136e-08
3.64313514003e-08	-3.67593969486e-07
3.64512483699e-08	-8.41632015636e-07
3.64711453395e-08	-1.33870912578e-06
3.64910423092e-08	-1.83920235486e-06
3.65109392788e-08	-2.31234696457e-06
3.65308362484e-08	-2.72071531526e-06
3.65507332181e-08	-3.02664159335e-06
3.65706301877e-08	-3.19633966228e-06
3.65905271573e-08	-3.20160256706e-06
3.6610424127e-08	-3.02616342651e-06
3.66303210966e-08	-2.66914025815e-06
3.66502180662e-08	-2.14749843508e-06
3.66701150359e-08	-1.49455399878e-06
3.66900120055e-08	-7.55612774128e-07
3.67099089751e-08	1.75272028002e-08
3.67298059448e-08	7.7264624565e-07
3.67497029144e-08	1.46027389292e-06
3.6769599884e-08	2.03830848022e-06
3.67894968537e-08	2.47560910793e-06
3.68093938233e-08	2.75693594176e-06
3.68292907929e-08	2.88311889562e-06
3.68491877626e-08	2.86802617211e-06
3.68690847322e-08	2.73401553841e-06
3.68889817018e-08	2.50746882102e-06
3.69088786715e-08	2.21535515266e-06
3.69287756411e-08	1.88199629747e-06
3.69486726108e-08	1.52686556021e-06
3.69685695804e-08	1.16090171787e-06
3.698846655e-08	7.85572638051e-07
3.70083635197e-08	3.9571995103e-07
3.70282604893e-08	-1.50794070564e-08
3.70481574589e-08	-4.50557351428e-07
3.70680544286e-08	-9.08711626835e-07
3.70879513982e-08	-1.37906448572e-06
3.71078483678e-08	-1.84462368225e-06
3.71277453375e-08	-2.27954501497e-06
3.71476423071e-08	-2.65098105956e-06
3.71675392767e-08	-2.92216361686e-06
3.71874362464e-08	-3.06017579987e-06
3.7207333216e-08	-3.04052798583e-06
3.72272301856e-08	-2.85103828901e-06
3.72471271553e-08	-2.49481740866e-06
3.72670241249e-08	-1.98800069029e-06
3.72869210945e-08	-1.35984606686e-06
3.73068180642e-08	-6.51630159609e-07
3.73267150338e-08	8.6954152323e-08
3.73466120034e-08	8.042409263e-07
3.73665089731e-08	1.45308547417e-06
3.73864059427e-08	1.99559929115e-06
3.74063029123e-08	2.40572614985e-06
3.7426199882e-08	2.66999370524e-06
3.74460968516e-08	2.78715094737e-06
3.74659938212e-08	2.76790399312e-06
3.74858907909e-08	2.63268589151e-06
3.75057877605e-08	2.40919882799e-06
3.75256847301e-08	2.12386362364e-06
3.75455816998e-08	1.79925314114e-06
3.75654786694e-08	1.45091343029e-06
3.7585375639e-08	1.08832824708e-06
3.76052726087e-08	7.144073777e-07
3.76251695783e-08	3.28051328324e-07
3.76450665479e-08	-7.47103463539e-08
3.76649635176e-08	-4.9794817869e-07
3.76848604872e-08	-9.41076962135e-07
3.77047574569e-08	-1.39444472325e-06
3.77246544265e-08	-1.83907388873e-06
3.77445513961e-08	-2.24783764224e-06
3.77644483658e-08	-2.5908442467e-06
3.77843453354e-08	-2.83623535324e-06
3.7804242305e-08	-2.95441691378e-06
3.78241392747e-08	-2.92318497941e-06
3.78440362443e-08	-2.72955458058e-06
3.78639332139e-08	-2.37505400946e-06
3.78838301836e-08	-1.87661305517e-06
3.79037271532e-08	-1.2661372466e-06
3.79236241228e-08	-5.8313329987e-07
3.79435210925e-08	1.27425693108e-07
3.79634180621e-08	8.18261952418e-07
3.79833150317e-08	1.44459454532e-06
3.80032120014e-08	1.96910139039e-06
3.8023108971e-08	2.36498397044e-06
3.80430059406e-08	2.61900902387e-06
3.80629029103e-08	2.73185503374e-06
3.80827998799e-08	2.7154876534e-06
3.81026968495e-08	2.58762372596e-06
3.81225938192e-08	2.37047538576e-06
3.81424907888e-08	2.08841424865e-06
3.81623877584e-08	1.76386311068e-06
3.81822847281e-08	1.41396384379e-06
3.82021816977e-08	1.04855399741e-06
3.82220786673e-08	6.70260362767e-07
3.8241975637e-08	2.76957365486e-07
3.82618726066e-08	-1.33580499551e-07
3.82817695762e-08	-5.61221753514e-07
3.83016665459e-08	-1.00158280247e-06
3.83215635155e-08	-1.44477286312e-06
3.83414604851e-08	-1.87394937257e-06
3.83613574548e-08	-2.26468159781e-06
3.83812544244e-08	-2.58695558841e-06
3.8401151394e-08	-2.80901201677e-06
3.84210483637e-08	-2.90271862013e-06
3.84409453333e-08	-2.84965278752e-06
3.8460842303e-08	-2.64088475888e-06
3.84807392726e-08	-2.28001226787e-06
3.85006362422e-08	-1.78280885166e-06
3.85205332119e-08	-1.17811072187e-06
3.85404301815e-08	-5.04768138399e-07
3.85603271511e-08	1.91128151528e-07
3.85802241208e-08	8.62963020154e-07
3.86001210904e-08	1.46900475784e-06
3.862001806e-08	1.97508848032e-06
3.86399150297e-08	2.35757681821e-06
3.86598119993e-08	2.60250419615e-06
3.86797089689e-08	2.70867963081e-06
3.86996059386e-08	2.68593566943e-06
3.87195029082e-08	2.5529782306e-06
3.87393998778e-08	2.33332775679e-06
3.87592968475e-08	2.04996638331e-06
3.87791938171e-08	1.7223014197e-06
3.87990907867e-08	1.36564460718e-06
3.88189877564e-08	9.9091124639e-07
3.8838884726e-08	6.03491429274e-07
3.88587816956e-08	2.0471330231e-07
3.88786786653e-08	-2.06715114359e-07
3.88985756349e-08	-6.31256455108e-07
3.89184726045e-08	-1.0646967894e-06
3.89383695742e-08	-1.49474442424e-06
3.89582665438e-08	-1.90305314618e-06
3.89781635134e-08	-2.26611996368e-06
3.89980604831e-08	-2.5575145628e-06
3.90179574527e-08	-2.75064121524e-06
3.90378544223e-08	-2.82023836462e-06
3.9057751392e-08	-2.74832518699e-06
3.90776483616e-08	-2.52638051279e-06
3.90975453312e-08	-2.16014097987e-06
3.91174423009e-08	-1.66827652492e-06
3.91373392705e-08	-1.07947448669e-06
3.91572362402e-08	-4.30382840477e-07
3.91771332098e-08	2.37355067156e-07
3.91970301794e-08	8.80932532255e-07
3.92169271491e-08	1.46009415403e-06
3.92368241187e-08	1.94072339355e-06
3.92567210883e-08	2.30070975249e-06
3.9276618058e-08	2.52983204518e-06
3.92965150276e-08	2.62896617187e-06
3.93164119972e-08	2.6064362828e-06
3.93363089669e-08	2.47852062785e-06
3.93562059365e-08	2.26513270718e-06
3.93761029061e-08	1.98843781618e-06
3.93959998758e-08	1.66870972862e-06
3.94158968454e-08	1.32128468522e-06
3.9435793815e-08	9.55001894454e-07
3.94556907847e-08	5.73597191078e-07
3.94755877543e-08	1.78365780812e-07
3.94954847239e-08	-2.29156334797e-07
3.95153816936e-08	-6.45918248665e-07
3.95352786632e-08	-1.06701469349e-06
3.95551756328e-08	-1.4823488641e-06
3.95750726025e-08	-1.87487950143e-06
3.95949695721e-08	-2.22193978061e-06
3.96148665417e-08	-2.4965022476e-06
3.96347635114e-08	-2.67246662133e-06
3.9654660481e-08	-2.727723313e-06
3.96745574506e-08	-2.64833033725e-06
3.96944544203e-08	-2.42837711539e-06
3.97143513899e-08	-2.07213770409e-06
3.97342483595e-08	-1.59524199717e-06
3.97541453292e-08	-1.02566656324e-06
3.97740422988e-08	-4.00166555892e-07
3.97939392684e-08	2.4078641303e-07
3.98138362381e-08	8.56879978528e-07
3.98337332077e-08	1.41172228041e-06
3.98536301773e-08	1.87563387044e-06
3.9873527147e-08	2.22686207962e-06
3.98934241166e-08	2.4525390927e-06
3.99133210863e-08	2.55197403476e-06
3.99332180559e-08	2.53435189279e-06
3.99531150255e-08	2.41612383434e-06
3.99730119952e-08	2.21558764224e-06
3.99929089648e-08	1.95158452243e-06
4.00128059344e-08	1.6408704937e-06
4.00327029041e-08	1.29751970235e-06
4.00525998737e-08	9.3257710887e-07
4.00724968433e-08	5.52564927148e-07
4.0092393813e-08	1.59412280709e-07
4.01122907826e-08	-2.46455243769e-07
4.01321877522e-08	-6.62038843302e-07
4.01520847219e-08	-1.07954309669e-06
4.01719816915e-08	-1.48606198991e-06
4.01918786611e-08	-1.86392651358e-06
4.02117756308e-08	-2.19219498376e-06
4.02316726004e-08	-2.44856823883e-06
4.025156957e-08	-2.60859621903e-06
4.02714665397e-08	-2.65088897322e-06
4.02913635093e-08	-2.56053283465e-06
4.03112604789e-08	-2.33357741308e-06
4.03311574486e-08	-1.97725012185e-06
4.03510544182e-08	-1.50939899868e-06
4.03709513878e-08	-9.56230508109e-07
4.03908483575e-08	-3.50330395804e-07
4.04107453271e-08	2.70881272968e-07
4.04306422967e-08	8.67407351279e-07
4.04505392664e-08	1.40277717264e-06
4.0470436236e-08	1.84780060408e-06
4.04903332056e-08	2.18294485421e-06
4.05102301753e-08	2.3989022111e-06
4.05301271449e-08	2.494759201e-06
4.05500241145e-08	2.47655020758e-06
4.05699210842e-08	2.35712525409e-06
4.05898180538e-08	2.15451279928e-06
4.06097150234e-08	1.88870342299e-06
4.06296119931e-08	1.57777282084e-06
4.06495089627e-08	1.234719889e-06
4.06694059324e-08	8.6854677761e-07
4.0689302902e-08	4.85278377482e-07
4.07091998716e-08	8.99177763358e-08
4.07290968413e-08	-3.12912675327e-07
4.07489938109e-08	-7.18504765018e-07
4.07688907805e-08	-1.12001225716e-06
4.07887877502e-08	-1.5072170072e-06
4.08086847198e-08	-1.86343413588e-06
4.08285816894e-08	-2.1666696739e-06
4.08484786591e-08	-2.39422831783e-06
4.08683756287e-08	-2.52508300491e-06
4.08882725983e-08	-2.542856123e-06
4.0908169568e-08	-2.43664578647e-06
4.09280665376e-08	-2.20280492158e-06
4.09479635072e-08	-1.84706192385e-06
4.09678604769e-08	-1.38590394272e-06
4.09877574465e-08	-8.45925882231e-07
4.10076544161e-08	-2.61512141719e-07
4.10275513858e-08	3.30950499006e-07
4.10474483554e-08	8.97064182936e-07
4.1067345325e-08	1.40431961881e-06
4.10872422947e-08	1.8254120846e-06
4.11071392643e-08	2.14023111766e-06
4.11270362339e-08	2.33792559357e-06
4.11469332036e-08	2.41835221004e-06
4.11668301732e-08	2.39018777393e-06
4.11867271428e-08	2.26738450237e-06
4.12066241125e-08	2.06596803309e-06
4.12265210821e-08	1.80196718702e-06
4.12464180517e-08	1.49158893237e-06
4.12663150214e-08	1.14958902486e-06
4.1286211991e-08	7.87738031249e-07
4.13061089606e-08	4.12744157074e-07
4.13260059303e-08	2.78266742981e-08
4.13459028999e-08	-3.63825918726e-07
4.13657998695e-08	-7.57402432328e-07
4.13856968392e-08	-1.14333869305e-06
4.14055938088e-08	-1.50933692566e-06
4.14254907785e-08	-1.84031074468e-06
4.14453877481e-08	-2.11898588987e-06
4.14652847177e-08	-2.3258071451e-06
4.14851816874e-08	-2.44002399086e-06
4.1505078657e-08	-2.44420084528e-06
4.15249756266e-08	-2.32792945098e-06
4.15448725963e-08	-2.09024972264e-06
4.15647695659e-08	-1.73962291683e-06
4.15846665355e-08	-1.29270040361e-06
4.16045635052e-08	-7.72704737528e-07
4.16244604748e-08	-2.09297482456e-07
4.16443574444e-08	3.62624973604e-07
4.16642544141e-08	9.07570154141e-07
4.16841513837e-08	1.39318677839e-06
4.17040483533e-08	1.79450364612e-06
4.1723945323e-08	2.09479856039e-06
4.17438422926e-08	2.28558974413e-06
4.17637392622e-08	2.36463677084e-06
4.17836362319e-08	2.33700325225e-06
4.18035332015e-08	2.21467439587e-06
4.18234301711e-08	2.01448426651e-06
4.18433271408e-08	1.75386304591e-06
4.18632241104e-08	1.44883574649e-06
4.188312108e-08	1.11106947998e-06
4.19030180497e-08	7.49793542809e-07
4.19229150193e-08	3.72550260863e-07
4.19428119889e-08	-1.34009825459e-08
4.19627089586e-08	-4.02595190963e-07
4.19826059282e-08	-7.90037233855e-07
4.20025028978e-08	-1.16827436614e-06
4.20223998675e-08	-1.52629462491e-06
4.20422968371e-08	-1.84782373935e-06
4.20621938067e-08	-2.11289682284e-06
4.20820907764e-08	-2.3026469762e-06
4.2101987746e-08	-2.39961514126e-06
4.21218847156e-08	-2.39051303197e-06
4.21417816853e-08	-2.26643010137e-06
4.21616786549e-08	-2.02477883704e-06
4.21815756246e-08	-1.6721393763e-06
4.22014725942e-08	-1.22583048778e-06
4.22213695638e-08	-7.11365714778e-07
4.22412665335e-08	-1.59407626654e-07
4.22611635031e-08	3.97609255742e-07
4.22810604727e-08	9.2806337193e-07
4.23009574424e-08	1.40228939927e-06
4.2320854412e-08	1.79460130312e-06
4.23407513816e-08	2.08618996567e-06
4.23606483513e-08	2.26758140798e-06
4.23805453209e-08	2.33925914017e-06
4.24004422905e-08	2.30827151881e-06
4.24203392602e-08	2.18583954847e-06
4.24402362298e-08	1.98518523575e-06
4.24601331994e-08	1.72182802771e-06
4.24800301691e-08	1.41128333553e-06
4.24999271387e-08	1.06821772761e-06
4.25198241083e-08	7.03977065086e-07
4.2539721078e-08	3.26114687255e-07
4.25596180476e-08	-6.08863821583e-08
4.25795150172e-08	-4.51391585443e-07
4.25994119869e-08	-8.37305321966e-07
4.26193089565e-08	-1.20826990724e-06
4.26392059261e-08	-1.5526735524e-06
4.26591028958e-08	-1.85656386975e-06
4.26789998654e-08	-2.10404812151e-06
4.2698896835e-08	-2.27671671382e-06
4.27187938047e-08	-2.35698541928e-06
4.27386907743e-08	-2.33086223034e-06
4.27585877439e-08	-2.19161029236e-06
4.27784847136e-08	-1.94091364847e-06
4.27983816832e-08	-1.58796444794e-06
4.28182786528e-08	-1.14845346388e-06
4.28381756225e-08	-6.44562817342e-07
4.28580725921e-08	-1.05506572368e-07
4.28779695617e-08	4.36277460381e-07
4.28978665314e-08	9.4786244631e-07
4.2917763501e-08	1.4006938045e-06
4.29376604707e-08	1.77310113258e-06
4.29575574403e-08	2.04977936846e-06
4.29774544099e-08	2.22149094498e-06
4.29973513796e-08	2.28682620218e-06
4.30172483492e-08	2.2503860464e-06
4.30371453188e-08	2.12378722608e-06
4.30570422885e-08	1.92270670141e-06
4.30769392581e-08	1.66325821738e-06
4.30968362277e-08	1.35862188699e-06
4.31167331974e-08	1.02089830989e-06
4.3136630167e-08	6.60197741809e-07
4.31565271366e-08	2.85828349433e-07
4.31764241063e-08	-9.40804625316e-08
4.31963210759e-08	-4.73655688893e-07
4.32162180455e-08	-8.46819744993e-07
4.32361150152e-08	-1.20537185921e-06
4.32560119848e-08	-1.53715973283e-06
4.32759089544e-08	-1.82679212912e-06
4.32958059241e-08	-2.05707203804e-06
4.33157028937e-08	-2.21229311137e-06
4.33355998633e-08	-2.27877853831e-06
4.3355496833e-08	-2.24524012538e-06
4.33753938026e-08	-2.10457733374e-06
4.33952907722e-08	-1.85666726793e-06
4.34151877419e-08	-1.50995197146e-06
4.34350847115e-08	-1.08181421865e-06
4.34549816811e-08	-5.96023738808e-07
4.34748786508e-08	-8.03395820981e-08
4.34947756204e-08	4.36802991999e-07
4.351467259e-08	9.26994601969e-07
4.35345695597e-08	1.36200446832e-06
4.35544665293e-08	1.71948448724e-06
4.35743634989e-08	1.98346128855e-06
4.35942604686e-08	2.14657609376e-06
4.36141574382e-08	2.20900506065e-06
4.36340544079e-08	2.17667115976e-06
4.36539513775e-08	2.05852541058e-06
4.36738483471e-08	1.86641250366e-06
4.36937453168e-08	1.61425492706e-06
4.37136422864e-08	1.31720520358e-06
4.3733539256e-08	9.88632905319e-07
4.37534362257e-08	6.37754823174e-07
4.37733331953e-08	2.72149506486e-07
4.37932301649e-08	-1.01828174337e-07
4.38131271346e-08	-4.76950305028e-07
4.38330241042e-08	-8.44153134949e-07
4.38529210738e-08	-1.19351790318e-06
4.38728180435e-08	-1.51353680167e-06
4.38927150131e-08	-1.79175918902e-06
4.39126119827e-08	-2.01265947908e-06
4.39325089524e-08	-2.15944226056e-06
4.3952405922e-08	-2.21676543788e-06
4.39723028916e-08	-2.17478770992e-06
4.39921998613e-08	-2.02934461413e-06
4.40120968309e-08	-1.78240708237e-06
4.40319938005e-08	-1.44301077398e-06
4.40518907702e-08	-1.02590553297e-06
4.40717877398e-08	-5.52326298475e-07
4.40916847094e-08	-4.96582419629e-08
4.41115816791e-08	4.52043252608e-07
4.41314786487e-08	9.24258102941e-07
4.41513756183e-08	1.34222409542e-06
4.4171272588e-08	1.68639041931e-06
4.41911695576e-08	1.9417321937e-06
4.42110665272e-08	2.09972631637e-06
4.42309634969e-08	2.15817510707e-06
4.42508604665e-08	2.12216616546e-06
4.42707574361e-08	2.00199781375e-06
4.42906544058e-08	1.81092696039e-06
4.43105513754e-08	1.56198291279e-06
4.4330448345e-08	1.26707584513e-06
4.43503453147e-08	9.38230840575e-07
4.43702422843e-08	5.86323722018e-07
4.4390139254e-08	2.21553790425e-07
4.44100362236e-08	-1.47840502507e-07
4.44299331932e-08	-5.15624321906e-07
4.44498301629e-08	-8.74114817861e-07
4.44697271325e-08	-1.21333090419e-06
4.44896241021e-08	-1.52048687596e-06
4.45095210718e-08	-1.78133490181e-06
4.45294180414e-08	-1.98110956262e-06
4.4549315011e-08	-2.10737914585e-06
4.45692119807e-08	-2.14765259443e-06
4.45891089503e-08	-2.09260974771e-06
4.46090059199e-08	-1.93768653389e-06
4.46289028896e-08	-1.68455954963e-06
4.46487998592e-08	-1.34371805416e-06
4.46686968288e-08	-9.32332454795e-07
4.46885937985e-08	-4.72227569048e-07
4.47084907681e-08	1.25021966113e-08
4.47283877377e-08	4.95116466936e-07
4.47482847074e-08	9.48424656144e-07
4.4768181677e-08	1.34743851277e-06
4.47880786466e-08	1.67182327004e-06
4.48079756163e-08	1.90808435718e-06
4.48278725859e-08	2.05036963052e-06
4.48477695555e-08	2.09837594412e-06
4.48676665252e-08	2.05618459859e-06
4.48875634948e-08	1.93130756543e-06
4.49074604644e-08	1.73598323272e-06
4.49273574341e-08	1.48385447574e-06
4.49472544037e-08	1.18919990655e-06
4.49671513733e-08	8.64012719148e-07
4.4987048343e-08	5.18081179735e-07
4.50069453126e-08	1.59251769105e-07
4.50268422822e-08	-2.03887445593e-07
4.50467392519e-08	-5.62180048291e-07
4.50666362215e-08	-9.06175586124e-07
4.50865331911e-08	-1.22750032006e-06
4.51064301608e-08	-1.51531281745e-06
4.51263271304e-08	-1.7573292439e-06
4.51462241001e-08	-1.93968605799e-06
4.51661210697e-08	-2.04830519124e-06
4.51860180393e-08	-2.07157324894e-06
4.5205915009e-08	-2.0029284542e-06
4.52258119786e-08	-1.84109075008e-06
4.52457089482e-08	-1.58875269562e-06
4.52656059179e-08	-1.25436099552e-06
4.52855028875e-08	-8.52541603535e-07
4.53053998571e-08	-4.05043209639e-07
4.53252968268e-08	6.30993461925e-08
4.53451937964e-08	5.25506578697e-07
4.5365090766e-08	9.571418218e-07
4.53849877357e-08	1.33647461098e-06
4.54048847053e-08	1.64560282201e-06
4.54247816749e-08	1.87067956858e-06
4.54446786446e-08	2.00376325665e-06
4.54645756142e-08	2.04384014069e-06
4.54844725838e-08	1.99667238121e-06
4.55043695535e-08	1.87162157772e-06
4.55242665231e-08	1.6794996327e-06
4.55441634927e-08	1.43188248103e-06
4.55640604624e-08	1.14046576982e-06
4.5583957432e-08	8.17605837256e-07
4.56038544016e-08	4.74923425031e-07
4.56237513713e-08	1.22161814886e-07
4.56436483409e-08	-2.33184273668e-07
4.56635453105e-08	-5.83807263865e-07
4.56834422802e-08	-9.21457143477e-07
4.57033392498e-08	-1.23524682749e-06
4.57232362194e-08	-1.51296359263e-06
4.57431331891e-08	-1.74224129523e-06
4.57630301587e-08	-1.91168186348e-06
4.57829271283e-08	-2.0097389779e-06
4.5802824098e-08	-2.02600926968e-06
4.58227210676e-08	-1.95214749965e-06
4.58426180372e-08	-1.78592404154e-06
4.58625150069e-08	-1.53122499569e-06
4.58824119765e-08	-1.19867928561e-06
4.59023089462e-08	-8.04375758889e-07
4.59222059158e-08	-3.67538149249e-07
4.59421028854e-08	8.98511167691e-08
4.59619998551e-08	5.42497531342e-07
4.59818968247e-08	9.64990221064e-07
4.60017937943e-08	1.33464084229e-06
4.6021690764e-08	1.63354673077e-06
4.60415877336e-08	1.85038339851e-06
4.60614847032e-08	1.97938197743e-06
4.60813816729e-08	2.01875013772e-06
4.61012786425e-08	1.97135238977e-06
4.61211756121e-08	1.84478329857e-06
4.61410725818e-08	1.65022282772e-06
4.61609695514e-08	1.40121528602e-06
4.6180866521e-08	1.11038167461e-06
4.62007634907e-08	7.88543218277e-07
4.62206604603e-08	4.45222923418e-07
4.62405574299e-08	9.02392542912e-08
4.62604543996e-08	-2.66465690402e-07
4.62803513692e-08	-6.15022429429e-07
4.63002483388e-08	-9.46556667714e-07
4.63201453085e-08	-1.25228996239e-06
4.63400422781e-08	-1.5217726741e-06
4.63599392477e-08	-1.74241512241e-06
4.63798362174e-08	-1.90099046904e-06
4.6399733187e-08	-1.98559723685e-06
4.64196301566e-08	-1.98790655759e-06
4.64395271263e-08	-1.90329967609e-06
4.64594240959e-08	-1.73125658876e-06
4.64793210655e-08	-1.47442921161e-06
4.64992180352e-08	-1.14214662972e-06
4.65191150048e-08	-7.49807242073e-07
4.65390119744e-08	-3.18170762625e-07
4.65589089441e-08	1.28726902915e-07
4.65788059137e-08	5.67105644222e-07
4.65987028833e-08	9.74935062459e-07
4.6618599853e-08	1.33204406438e-06
4.66384968226e-08	1.62040441865e-06
4.66583937923e-08	1.82730627785e-06
4.66782907619e-08	1.9457571625e-06
4.66981877315e-08	1.97619658593e-06
4.67180847012e-08	1.92317912706e-06
4.67379816708e-08	1.79533299161e-06
4.67578786404e-08	1.60197441801e-06
4.67777756101e-08	1.35361807452e-06
4.67976725797e-08	1.06259085442e-06
4.68175695493e-08	7.42277109111e-07
4.6837466519e-08	4.03923380077e-07
4.68573634886e-08	5.67796707429e-08
4.68772604582e-08	-2.91178267275e-07
4.68971574279e-08	-6.3153214569e-07
4.69170543975e-08	-9.54708781364e-07
4.69369513671e-08	-1.24930375023e-06
4.69568483368e-08	-1.5043938788e-06
4.69767453064e-08	-1.70922379539e-06
4.6996642276e-08	-1.8543021838e-06
4.70165392457e-08	-1.92891241113e-06
4.70364362153e-08	-1.92391615883e-06
4.70563331849e-08	-1.83342172022e-06
4.70762301546e-08	-1.65726538626e-06
4.70961271242e-08	-1.401460338e-06
4.71160240938e-08	-1.07669791305e-06
4.71359210635e-08	-6.97590991194e-07
4.71558180331e-08	-2.81787478684e-07
4.71757150027e-08	1.49205426681e-07
4.71956119724e-08	5.72030756985e-07
4.7215508942e-08	9.62766506518e-07
4.72354059116e-08	1.30191875769e-06
4.72553028813e-08	1.57417031232e-06
4.72751998509e-08	1.76978159061e-06
4.72950968205e-08	1.88268899137e-06
4.73149937902e-08	1.9113344365e-06
4.73348907598e-08	1.85801485486e-06
4.73547877294e-08	1.7306844029e-06
4.73746846991e-08	1.54084210635e-06
4.73945816687e-08	1.30011414967e-06
4.74144786384e-08	1.01935603425e-06
4.7434375608e-08	7.08989404075e-07
4.74542725776e-08	3.78593398409e-07
4.74741695473e-08	3.8649670131e-08
4.74940665169e-08	-3.00428411038e-07
4.75139634865e-08	-6.29521167639e-07
4.75338604562e-08	-9.4034248832e-07
4.75537574258e-08	-1.22462301988e-06
4.75736543954e-08	-1.47123853367e-06
4.75935513651e-08	-1.6681657371e-06
4.76134483347e-08	-1.80385336535e-06
4.76333453043e-08	-1.86904031807e-06
4.7653242274e-08	-1.85706261391e-06
4.76731392436e-08	-1.76502300064e-06
4.76930362132e-08	-1.59192893534e-06
4.77129331829e-08	-1.3413454667e-06
4.77328301525e-08	-1.02288061044e-06
4.77527271221e-08	-6.52333568496e-07
4.77726240918e-08	-2.48848650131e-07
4.77925210614e-08	1.6623736343e-07
4.7812418031e-08	5.71874437583e-07
4.78323150007e-08	9.48330239225e-07
4.78522119703e-08	1.27641806102e-06
4.78721089399e-08	1.53961741489e-06
4.78920059096e-08	1.72645775365e-06
4.79119028792e-08	1.83176211976e-06
4.79317998488e-08	1.85585895451e-06
4.79516968185e-08	1.80289612217e-06
4.79715937881e-08	1.67895558434e-06
4.79914907577e-08	1.49229822455e-06
4.80113877274e-08	1.25332832113e-06
4.8031284697e-08	9.74331953785e-07
4.80511816666e-08	6.67211395466e-07
4.80710786363e-08	3.42731567571e-07
4.80909756059e-08	9.63835500301e-09
4.81108725756e-08	-3.23966602878e-07
4.81307695452e-08	-6.48606743425e-07
4.81506665148e-08	-9.53037783802e-07
4.81705634845e-08	-1.22702982708e-06
4.81904604541e-08	-1.46082669517e-06
4.82103574237e-08	-1.64465041053e-06
4.82302543934e-08	-1.76896668336e-06
4.8250151363e-08	-1.82441601737e-06
4.82700483326e-08	-1.80290720664e-06
4.82899453023e-08	-1.7008658233e-06
4.83098422719e-08	-1.52008124132e-06
4.83297392415e-08	-1.26748574303e-06
4.83496362112e-08	-9.5272500289e-07
4.83695331808e-08	-5.89275032326e-07
4.83894301504e-08	-1.94815108046e-07
4.84093271201e-08	2.1052016308e-07
4.84292240897e-08	6.04326373832e-07
4.84491210593e-08	9.65193407865e-07
4.8469018029e-08	1.27633671809e-06
4.84889149986e-08	1.52436996359e-06
4.85088119682e-08	1.69941949935e-06
4.85287089379e-08	1.79571071612e-06
4.85486059075e-08	1.81128814347e-06
4.85685028771e-08	1.74961292032e-06
4.85883998468e-08	1.6183806224e-06
4.86082968164e-08	1.42831748917e-06
4.8628193786e-08	1.18951896866e-06
4.86480907557e-08	9.12278238729e-07
4.86679877253e-08	6.0658138068e-07
