% time-domain current integration by openEMS v0.0.36 @Thu Jan 22 09:00:41 2026
% start-coordinates: (0.0241935,0.0092,0) m -> [105,62,7]
% stop-coordinates: (0.0241935,0.013,0.00227273) m -> [105,67,10]
% t/s	current
7.10606058365e-13	-0
2.06075756926e-11	-0
4.05045453268e-11	-0
6.0401514961e-11	-0
8.02984845953e-11	-0
1.00195454229e-10	-0
1.20092423864e-10	-0
1.39989393498e-10	-0
1.59886363132e-10	8.50251201136e-30
1.79783332766e-10	3.15215766812e-22
1.99680302401e-10	7.06165941821e-17
2.19577272035e-10	2.2712144936e-13
2.39474241669e-10	1.35423425945e-11
2.59371211303e-10	2.44959452028e-11
2.79268180937e-10	8.42406439744e-12
2.99165150572e-10	-2.27683705223e-11
3.19062120206e-10	-9.8877711574e-11
3.3895908984e-10	-3.24331755897e-10
3.58856059474e-10	-6.77201461574e-10
3.78753029109e-10	-1.2066010413e-09
3.98649998743e-10	-1.58631185965e-09
4.18546968377e-10	-1.40134037707e-09
4.38443938011e-10	-2.45553632983e-10
4.58340907645e-10	-1.06900543972e-09
4.7823787728e-10	-1.04498889542e-08
4.98134846914e-10	-2.92940232072e-08
5.18031816548e-10	-7.25251254607e-08
5.37928786182e-10	-1.44720388562e-07
5.57825755817e-10	-2.48065816777e-07
5.77722725451e-10	-3.53504646e-07
5.97619695085e-10	-3.92874085264e-07
6.17516664719e-10	-2.49366962635e-07
6.37413634353e-10	2.32624088881e-07
6.57310603988e-10	1.19981177704e-06
6.77207573622e-10	2.70604732577e-06
6.97104543256e-10	4.61458284917e-06
7.1700151289e-10	6.52614744467e-06
7.36898482525e-10	7.79536276241e-06
7.56795452159e-10	7.6706191976e-06
7.76692421793e-10	5.5495511333e-06
7.96589391427e-10	1.27382395476e-06
8.16486361061e-10	-4.66497249363e-06
8.36383330696e-10	-1.1133706721e-05
8.5628030033e-10	-1.66295048984e-05
8.76177269964e-10	-1.97452991415e-05
8.96074239598e-10	-1.96557957679e-05
9.15971209233e-10	-1.6414156562e-05
9.35868178867e-10	-1.09326038e-05
9.55765148501e-10	-4.64599543193e-06
9.75662118135e-10	9.83604309113e-07
9.95559087769e-10	4.92060189572e-06
1.0154560574e-09	6.79335516907e-06
1.03535302704e-09	6.85867780703e-06
1.05524999667e-09	5.76492584514e-06
1.07514696631e-09	4.24372137786e-06
1.09504393594e-09	2.85668943434e-06
1.11494090557e-09	1.86864701845e-06
1.13483787521e-09	1.24878818042e-06
1.15473484484e-09	7.59649822157e-07
1.17463181448e-09	8.49329140351e-08
1.19452878411e-09	-1.03750494418e-06
1.21442575375e-09	-2.69767360805e-06
1.23432272338e-09	-4.72895726489e-06
1.25421969301e-09	-6.67866743242e-06
1.27411666265e-09	-7.86653072282e-06
1.29401363228e-09	-7.54533857616e-06
1.31391060192e-09	-5.14583825861e-06
1.33380757155e-09	-5.43371413642e-07
1.35370454119e-09	5.75838384975e-06
1.37360151082e-09	1.26269078464e-05
1.39349848045e-09	1.85332082765e-05
1.41339545009e-09	2.19759731408e-05
1.43329241972e-09	2.19626999751e-05
1.45318938936e-09	1.8367818484e-05
1.47308635899e-09	1.20107069961e-05
1.49298332863e-09	4.40959729531e-06
1.51288029826e-09	-2.69656970886e-06
1.53277726789e-09	-7.88113356975e-06
1.55267423753e-09	-1.04148111859e-05
1.57257120716e-09	-1.03756483441e-05
1.5924681768e-09	-8.47840510687e-06
1.61236514643e-09	-5.7303527683e-06
1.63226211606e-09	-3.06682818518e-06
1.6521590857e-09	-1.10038718049e-06
1.67205605533e-09	-4.25575237273e-08
1.69195302497e-09	2.23960313406e-07
1.7118499946e-09	-6.40241903938e-09
1.73174696424e-09	-4.13786580111e-07
1.75164393387e-09	-7.53619417537e-07
1.7715409035e-09	-8.92180935352e-07
1.79143787314e-09	-7.93337108007e-07
1.81133484277e-09	-4.85759869662e-07
1.83123181241e-09	-3.35718937094e-08
1.85112878204e-09	4.81457789192e-07
1.87102575168e-09	9.71956637841e-07
1.89092272131e-09	1.35860864248e-06
1.91081969094e-09	1.58734451361e-06
1.93071666058e-09	1.64387631685e-06
1.95061363021e-09	1.55648808686e-06
1.97051059985e-09	1.37888468998e-06
1.99040756948e-09	1.16012722629e-06
2.01030453911e-09	9.19022284052e-07
2.03020150875e-09	6.39117615719e-07
2.05009847838e-09	2.91110438866e-07
2.06999544802e-09	-1.31176548734e-07
2.08989241765e-09	-5.84652923408e-07
2.10978938729e-09	-9.80939603323e-07
2.12968635692e-09	-1.22114511214e-06
2.14958332655e-09	-1.24371558741e-06
2.16948029619e-09	-1.05521655769e-06
2.18937726582e-09	-7.28797431293e-07
2.20927423546e-09	-3.69906501874e-07
2.22917120509e-09	-7.13536891794e-08
2.24906817473e-09	1.20475974086e-07
2.26896514436e-09	2.12800117083e-07
2.28886211399e-09	2.49884692494e-07
2.30875908363e-09	2.8301343491e-07
2.32865605326e-09	3.42690896105e-07
2.3485530229e-09	4.2152981905e-07
2.36844999253e-09	4.71844629146e-07
2.38834696217e-09	4.19485417069e-07
2.4082439318e-09	1.93148267158e-07
2.42814090143e-09	-2.37802453285e-07
2.44803787107e-09	-8.27854023555e-07
2.4679348407e-09	-1.44236219057e-06
2.48783181034e-09	-1.88171804893e-06
2.50772877997e-09	-1.94484118765e-06
2.5276257496e-09	-1.51409130922e-06
2.54752271924e-09	-6.2519217181e-07
2.56741968887e-09	5.16803709161e-07
2.58731665851e-09	1.59251385412e-06
2.60721362814e-09	2.28012959269e-06
2.62711059778e-09	2.37784911405e-06
2.64700756741e-09	1.88192450423e-06
2.66690453704e-09	9.83411382549e-07
2.68680150668e-09	-1.39371225671e-08
2.70669847631e-09	-8.15584826341e-07
2.72659544595e-09	-1.24037660498e-06
2.74649241558e-09	-1.26384634314e-06
2.76638938522e-09	-9.91629804048e-07
2.78628635485e-09	-5.87868612456e-07
2.80618332448e-09	-2.00414135065e-07
2.82608029412e-09	8.49369712341e-08
2.84597726375e-09	2.49231590033e-07
2.86587423339e-09	3.15564022912e-07
2.88577120302e-09	3.15049646815e-07
2.90566817265e-09	2.62784226379e-07
2.92556514229e-09	1.52169434386e-07
2.94546211192e-09	-3.41675701065e-08
2.96535908156e-09	-3.03842170979e-07
2.98525605119e-09	-6.33867387023e-07
3.00515302083e-09	-9.59739963946e-07
3.02504999046e-09	-1.18222874335e-06
3.04494696009e-09	-1.19420838018e-06
3.06484392973e-09	-9.21711546198e-07
3.08474089936e-09	-3.63597791875e-07
3.104637869e-09	3.88450104083e-07
3.12453483863e-09	1.16343153422e-06
3.14443180827e-09	1.75930767909e-06
3.1643287779e-09	2.00988165489e-06
3.18422574753e-09	1.84437931239e-06
3.20412271717e-09	1.3139880366e-06
3.2240196868e-09	5.73578176954e-07
3.24391665644e-09	-1.73798767378e-07
3.26381362607e-09	-7.46152466036e-07
3.28371059571e-09	-1.0380031199e-06
3.30360756534e-09	-1.04130299405e-06
3.32350453497e-09	-8.28874817671e-07
3.34340150461e-09	-5.1350701824e-07
3.36329847424e-09	-2.02736941901e-07
3.38319544388e-09	3.1521565802e-08
3.40309241351e-09	1.61432538448e-07
3.42298938314e-09	1.92817793732e-07
3.44288635278e-09	1.4700864881e-07
3.46278332241e-09	4.56500615087e-08
3.48268029205e-09	-9.51581142772e-08
3.50257726168e-09	-2.62181600874e-07
3.52247423132e-09	-4.3782853254e-07
3.54237120095e-09	-5.94500079387e-07
3.56226817058e-09	-6.94434845627e-07
3.58216514022e-09	-6.96951417467e-07
3.60206210985e-09	-5.70968950342e-07
3.62195907949e-09	-3.08723059561e-07
3.64185604912e-09	6.48598401654e-08
3.66175301876e-09	4.91769185373e-07
3.68164998839e-09	8.91433728611e-07
3.70154695802e-09	1.18021182516e-06
3.72144392766e-09	1.2937646261e-06
3.74134089729e-09	1.20552340377e-06
3.76123786693e-09	9.34341244374e-07
3.78113483656e-09	5.39919994935e-07
3.80103180619e-09	1.06471418349e-07
3.82092877583e-09	-2.79606155118e-07
3.84082574546e-09	-5.51761502265e-07
3.8607227151e-09	-6.77962077589e-07
3.88061968473e-09	-6.64501669689e-07
3.90051665437e-09	-5.4860754517e-07
3.920413624e-09	-3.83269878057e-07
3.94031059363e-09	-2.19979341409e-07
3.96020756327e-09	-9.57444541427e-08
3.9801045329e-09	-2.78491967265e-08
4.00000150254e-09	-1.63241526963e-08
4.01989847217e-09	-5.02644041944e-08
4.03979544181e-09	-1.14353412073e-07
4.05969241144e-09	-1.92432750623e-07
4.07958938107e-09	-2.6855460078e-07
4.09948635071e-09	-3.2666744687e-07
4.11938332034e-09	-3.51337519078e-07
4.13928028998e-09	-3.29495520646e-07
4.15917725961e-09	-2.53320536103e-07
4.17907422925e-09	-1.22587692886e-07
4.19897119888e-09	5.3818535406e-08
4.21886816851e-09	2.57855134578e-07
4.23876513815e-09	4.63401903517e-07
4.25866210778e-09	6.38914173123e-07
4.27855907742e-09	7.52148935135e-07
4.29845604705e-09	7.76805393343e-07
4.31835301668e-09	7.0034957389e-07
4.33824998632e-09	5.29923283921e-07
4.35814695595e-09	2.94091506703e-07
4.37804392559e-09	3.75617155157e-08
4.39794089522e-09	-1.89900575265e-07
4.41783786486e-09	-3.4780742908e-07
4.43773483449e-09	-4.16315543816e-07
4.45763180412e-09	-4.00876132289e-07
4.47752877376e-09	-3.27858202809e-07
4.49742574339e-09	-2.3383731218e-07
4.51732271303e-09	-1.52891260541e-07
4.53721968266e-09	-1.07129373816e-07
4.5571166523e-09	-1.03102941296e-07
4.57701362193e-09	-1.34092815074e-07
4.59691059156e-09	-1.85649014384e-07
4.6168075612e-09	-2.41357355435e-07
4.63670453083e-09	-2.86670569949e-07
4.65660150047e-09	-3.10663750724e-07
4.6764984701e-09	-3.05979170889e-07
4.69639543973e-09	-2.68362043698e-07
4.71629240937e-09	-1.96116516804e-07
4.736189379e-09	-9.02152805793e-08
4.75608634864e-09	4.51531256829e-08
4.77598331827e-09	2.01281409318e-07
4.79588028791e-09	3.63707925999e-07
4.81577725754e-09	5.11976224971e-07
4.83567422717e-09	6.21712388238e-07
4.85557119681e-09	6.69449775614e-07
4.87546816644e-09	6.39322252027e-07
4.89536513608e-09	5.29476949396e-07
4.91526210571e-09	3.55259203388e-07
4.93515907535e-09	1.46916789845e-07
4.95505604498e-09	-5.78126773121e-08
4.97495301461e-09	-2.24224024237e-07
4.99484998425e-09	-3.30009925165e-07
5.01474695388e-09	-3.70245572867e-07
5.03464392352e-09	-3.56214115982e-07
5.05454089315e-09	-3.09191221959e-07
5.07443786279e-09	-2.5210891863e-07
5.09433483242e-09	-2.02529676585e-07
5.11423180205e-09	-1.69360660607e-07
5.13412877169e-09	-1.53356381816e-07
5.15402574132e-09	-1.50227748463e-07
5.17392271096e-09	-1.54164538912e-07
5.19381968059e-09	-1.60177577868e-07
5.21371665022e-09	-1.64446348094e-07
5.23361361986e-09	-1.63173950796e-07
5.25351058949e-09	-1.51471567733e-07
5.27340755913e-09	-1.23044046063e-07
5.29330452876e-09	-7.18853740977e-08
5.3132014984e-09	5.33945376802e-09
5.33309846803e-09	1.06339115291e-07
5.35299543766e-09	2.21768743813e-07
5.3728924073e-09	3.35672297069e-07
5.39278937693e-09	4.28317349588e-07
5.41268634657e-09	4.80814890125e-07
5.4325833162e-09	4.80199389585e-07
5.45248028584e-09	4.23577006359e-07
5.47237725547e-09	3.19627162071e-07
5.4922742251e-09	1.86933860391e-07
5.51217119474e-09	4.92516782913e-08
5.53206816437e-09	-7.08002971805e-08
5.55196513401e-09	-1.57632015885e-07
5.57186210364e-09	-2.06044617812e-07
5.59175907327e-09	-2.21170523673e-07
5.61165604291e-09	-2.15171866103e-07
5.63155301254e-09	-2.02186996034e-07
5.65144998218e-09	-1.93492269318e-07
5.67134695181e-09	-1.94486617033e-07
5.69124392145e-09	-2.04271557891e-07
5.71114089108e-09	-2.17593438379e-07
5.73103786071e-09	-2.27730680535e-07
5.75093483035e-09	-2.29053085832e-07
5.77083179998e-09	-2.18141394726e-07
5.79072876962e-09	-1.93425009343e-07
5.81062573925e-09	-1.54083878101e-07
5.83052270889e-09	-9.92527091626e-08
5.85041967852e-09	-2.84403309792e-08
5.87031664815e-09	5.6960846706e-08
5.89021361779e-09	1.52088006189e-07
5.91011058742e-09	2.4790858788e-07
5.93000755706e-09	3.32341471676e-07
5.94990452669e-09	3.92680163941e-07
5.96980149633e-09	4.18728149043e-07
5.98969846596e-09	4.05272118087e-07
6.00959543559e-09	3.53446210966e-07
6.02949240523e-09	2.70578937034e-07
6.04938937486e-09	1.68786570498e-07
6.0692863445e-09	6.24275315886e-08
6.08918331413e-09	-3.47774289366e-08
6.10908028376e-09	-1.1267026423e-07
6.1289772534e-09	-1.66473853369e-07
6.14887422303e-09	-1.97187887352e-07
6.16877119267e-09	-2.10153274338e-07
6.1886681623e-09	-2.12589043258e-07
6.20856513194e-09	-2.10771716525e-07
6.22846210157e-09	-2.08266939694e-07
6.2483590712e-09	-2.05408440479e-07
6.26825604084e-09	-2.00322801902e-07
6.28815301047e-09	-1.90528282928e-07
6.30804998011e-09	-1.74432244648e-07
6.32794694974e-09	-1.51906689894e-07
6.34784391938e-09	-1.2386001913e-07
6.36774088901e-09	-9.10734598847e-08
6.38763785864e-09	-5.34847330869e-08
6.40753482828e-09	-9.97783100587e-09
6.42743179791e-09	4.04382554109e-08
6.44732876755e-09	9.73078755351e-08
6.46722573718e-09	1.57549195023e-07
6.48712270681e-09	2.1544133233e-07
6.50701967645e-09	2.63706738224e-07
6.52691664608e-09	2.95381539672e-07
6.54681361572e-09	3.05507768417e-07
6.56671058535e-09	2.92161161042e-07
6.58660755499e-09	2.56758198702e-07
6.60650452462e-09	2.03522574793e-07
6.62640149425e-09	1.38708955433e-07
6.64629846389e-09	6.93649511163e-08
6.66619543352e-09	2.06947947667e-09
6.68609240316e-09	-5.82268064875e-08
6.70598937279e-09	-1.08933392085e-07
6.72588634243e-09	-1.49724613152e-07
6.74578331206e-09	-1.81817313205e-07
6.76568028169e-09	-2.06771787248e-07
6.78557725133e-09	-2.25422212452e-07
6.80547422096e-09	-2.37357411947e-07
6.8253711906e-09	-2.41145187374e-07
6.84526816023e-09	-2.35100529267e-07
6.86516512987e-09	-2.18189939005e-07
6.8850620995e-09	-1.90529107158e-07
6.90495906913e-09	-1.53344103637e-07
6.92485603877e-09	-1.08395049381e-07
6.9447530084e-09	-5.73299416828e-08
6.96464997804e-09	-1.4007321969e-09
6.98454694767e-09	5.80939278905e-08
7.0044439173e-09	1.19123598097e-07
7.02434088694e-09	1.7815975184e-07
7.04423785657e-09	2.3015455497e-07
7.06413482621e-09	2.69288591426e-07
7.08403179584e-09	2.90302381245e-07
7.10392876548e-09	2.89774732209e-07
7.12382573511e-09	2.67112568508e-07
7.14372270474e-09	2.24763965662e-07
7.16361967438e-09	1.67828574149e-07
7.18351664401e-09	1.03129700335e-07
7.20341361365e-09	3.79415929785e-08
7.22331058328e-09	-2.13178523722e-08
7.24320755292e-09	-7.02797393615e-08
7.26310452255e-09	-1.07253427473e-07
7.28300149218e-09	-1.33155921844e-07
7.30289846182e-09	-1.50722598846e-07
7.32279543145e-09	-1.6320960583e-07
7.34269240109e-09	-1.73210025878e-07
7.36258937072e-09	-1.81680590572e-07
7.38248634035e-09	-1.87730037737e-07
7.40238330999e-09	-1.89064721212e-07
7.42228027962e-09	-1.82927152537e-07
7.44217724926e-09	-1.67194002643e-07
7.46207421889e-09	-1.41082296068e-07
7.48197118853e-09	-1.05333683109e-07
7.50186815816e-09	-6.18550330955e-08
7.52176512779e-09	-1.31737980524e-08
7.54166209743e-09	3.7952556653e-08
7.56155906706e-09	8.85529445327e-08
7.5814560367e-09	1.35382563826e-07
7.60135300633e-09	1.74990475443e-07
7.62124997597e-09	2.04196510367e-07
7.6411469456e-09	2.20642490945e-07
7.66104391523e-09	2.23401670496e-07
7.68094088487e-09	2.13031881913e-07
7.7008378545e-09	1.91330002508e-07
7.72073482414e-09	1.6078880094e-07
7.74063179377e-09	1.2405919847e-07
7.76052876341e-09	8.35688211964e-08
7.78042573304e-09	4.1301575493e-08
7.80032270267e-09	-1.24628285469e-09
7.82021967231e-09	-4.29295674564e-08
7.84011664194e-09	-8.2726053563e-08
7.86001361158e-09	-1.19510929153e-07
7.87991058121e-09	-1.51947290306e-07
7.89980755084e-09	-1.78529731443e-07
7.91970452048e-09	-1.976575561e-07
7.93960149011e-09	-2.07856572843e-07
7.95949845975e-09	-2.07861205581e-07
7.97939542938e-09	-1.96806524855e-07
7.99929239902e-09	-1.74472589265e-07
8.01918936865e-09	-1.41483283755e-07
8.03908633828e-09	-9.93937305793e-08
8.05898330792e-09	-5.05958333008e-08
8.07888027755e-09	1.93306726182e-09
8.09877724719e-09	5.48316698712e-08
8.11867421682e-09	1.0446971288e-07
8.13857118646e-09	1.47175825305e-07
8.15846815609e-09	1.79484771934e-07
8.17836512572e-09	1.98880883318e-07
8.19826209536e-09	2.04297521122e-07
8.21815906499e-09	1.96486936943e-07
8.23805603463e-09	1.77690480996e-07
8.25795300426e-09	1.51031983364e-07
8.27784997389e-09	1.19636411e-07
8.29774694353e-09	8.60939266545e-08
8.31764391316e-09	5.22145064963e-08
8.3375408828e-09	1.91470217459e-08
8.35743785243e-09	-1.24234968979e-08
8.37733482207e-09	-4.19969303778e-08
8.3972317917e-09	-6.91210146897e-08
8.41712876133e-09	-9.32695058964e-08
8.43702573097e-09	-1.1395914612e-07
8.4569227006e-09	-1.30849983293e-07
8.47681967024e-09	-1.43813267073e-07
8.49671663987e-09	-1.52740597059e-07
8.51661360951e-09	-1.57200858553e-07
8.53651057914e-09	-1.56234307269e-07
8.55640754877e-09	-1.48412127032e-07
8.57630451841e-09	-1.3231721141e-07
8.59620148804e-09	-1.07209665146e-07
8.61609845768e-09	-7.3497858466e-08
8.63599542731e-09	-3.28876730293e-08
8.65589239695e-09	1.18265628402e-08
8.67578936658e-09	5.71493998791e-08
8.69568633621e-09	9.92943398614e-08
8.71558330585e-09	1.34752269787e-07
8.73548027548e-09	1.60796020054e-07
8.75537724512e-09	1.75996291318e-07
8.77527421475e-09	1.80304638775e-07
8.79517118438e-09	1.74762377014e-07
8.81506815402e-09	1.60903297797e-07
8.83496512365e-09	1.40203539445e-07
8.85486209329e-09	1.13888354747e-07
8.87475906292e-09	8.31118001088e-08
8.89465603256e-09	4.92414500286e-08
8.91455300219e-09	1.39613813843e-08
8.93444997182e-09	-2.09165520459e-08
8.95434694146e-09	-5.37341300344e-08
8.97424391109e-09	-8.32405646634e-08
8.99414088073e-09	-1.08658852582e-07
9.01403785036e-09	-1.29630535639e-07
9.03393482e-09	-1.45981019273e-07
9.05383178963e-09	-1.57502341835e-07
9.07372875926e-09	-1.63640621054e-07
9.0936257289e-09	-1.63372575912e-07
9.11352269853e-09	-1.55261801638e-07
9.13341966817e-09	-1.3792529785e-07
9.1533166378e-09	-1.10699339473e-07
9.17321360744e-09	-7.41997681075e-08
9.19311057707e-09	-3.05451237637e-08
9.2130075467e-09	1.68271032663e-08
9.23290451634e-09	6.36679828858e-08
9.25280148597e-09	1.05557830921e-07
9.27269845561e-09	1.38565638963e-07
9.29259542524e-09	1.59919125053e-07
9.31249239487e-09	1.68427064295e-07
9.33238936451e-09	1.64741095432e-07
9.35228633414e-09	1.5102543216e-07
9.37218330378e-09	1.30323243752e-07
9.39208027341e-09	1.05811565732e-07
9.41197724305e-09	8.01266750727e-08
9.43187421268e-09	5.5122196585e-08
9.45177118231e-09	3.17862891563e-08
9.47166815195e-09	1.03928083917e-08
9.49156512158e-09	-9.38487332292e-09
9.51146209122e-09	-2.82263883378e-08
9.53135906085e-09	-4.6857245195e-08
9.55125603049e-09	-6.56729781667e-08
9.57115300012e-09	-8.45426271212e-08
9.59104996975e-09	-1.02716555261e-07
9.61094693939e-09	-1.19017975919e-07
9.63084390902e-09	-1.31944645432e-07
9.65074087866e-09	-1.39860858894e-07
9.67063784829e-09	-1.41106013984e-07
9.69053481792e-09	-1.34234753091e-07
9.71043178756e-09	-1.18310275354e-07
9.73032875719e-09	-9.33042727524e-08
9.75022572683e-09	-6.02120948656e-08
9.77012269646e-09	-2.11207744627e-08
9.7900196661e-09	2.1018502494e-08
9.80991663573e-09	6.26730738418e-08
9.82981360536e-09	1.00137384607e-07
9.849710575e-09	1.30041044599e-07
9.86960754463e-09	1.49926123072e-07
9.88950451427e-09	1.58682027518e-07
9.9094014839e-09	1.56647871563e-07
9.92929845354e-09	1.45296610299e-07
9.94919542317e-09	1.2672091998e-07
9.9690923928e-09	1.03081163161e-07
9.98898936244e-09	7.63296981177e-08
1.00088863321e-08	4.81225335136e-08
1.00287833017e-08	1.98373193427e-08
1.00486802713e-08	-7.4319661536e-09
1.0068577241e-08	-3.28994502752e-08
1.00884742106e-08	-5.6084882516e-08
1.01083711802e-08	-7.66732952684e-08
1.01282681499e-08	-9.44318898632e-08
1.01481651195e-08	-1.09065020126e-07
1.01680620891e-08	-1.20155718264e-07
1.01879590588e-08	-1.2713591957e-07
1.02078560284e-08	-1.29227331058e-07
1.0227752998e-08	-1.2544384731e-07
1.02476499677e-08	-1.14793557771e-07
1.02675469373e-08	-9.66266782143e-08
1.0287443907e-08	-7.10857648301e-08
1.03073408766e-08	-3.93539352217e-08
1.03272378462e-08	-3.68790753491e-09
1.03471348159e-08	3.28970592989e-08
1.03670317855e-08	6.71081537007e-08
1.03869287551e-08	9.58813686225e-08
1.04068257248e-08	1.16864462996e-07
1.04267226944e-08	1.28736360239e-07
1.0446619664e-08	1.31353417032e-07
1.04665166337e-08	1.25633604853e-07
1.04864136033e-08	1.13180249173e-07
1.05063105729e-08	9.58633279424e-08
1.05262075426e-08	7.54381233037e-08
1.05461045122e-08	5.34624078341e-08
1.05660014818e-08	3.12943306824e-08
1.05858984515e-08	1.01371542272e-08
1.06057954211e-08	-9.03313424061e-09
1.06256923907e-08	-2.56499745888e-08
1.06455893604e-08	-3.96811294934e-08
1.066548633e-08	-5.16097458103e-08
1.06853832996e-08	-6.22197617872e-08
1.07052802693e-08	-7.22797963704e-08
1.07251772389e-08	-8.21617049951e-08
1.07450742085e-08	-9.16341491575e-08
1.07649711782e-08	-9.9712536894e-08
1.07848681478e-08	-1.04770442988e-07
1.08047651174e-08	-1.0490606428e-07
1.08246620871e-08	-9.84180488217e-08
1.08445590567e-08	-8.43108551862e-08
1.08644560263e-08	-6.26137151016e-08
1.0884352996e-08	-3.44308510591e-08
1.09042499656e-08	-1.75621694964e-09
1.09241469352e-08	3.27744373863e-08
1.09440439049e-08	6.62140777763e-08
1.09639408745e-08	9.55393630875e-08
1.09838378441e-08	1.18079903189e-07
1.10037348138e-08	1.31829168026e-07
1.10236317834e-08	1.357492323e-07
1.10435287531e-08	1.29880632471e-07
1.10634257227e-08	1.15272939638e-07
1.10833226923e-08	9.37742825613e-08
1.1103219662e-08	6.78109088881e-08
1.11231166316e-08	4.00709900816e-08
1.11430136012e-08	1.31643096424e-08
1.11629105709e-08	-1.08390896258e-08
1.11828075405e-08	-3.07886907081e-08
1.12027045101e-08	-4.6550702848e-08
1.12226014798e-08	-5.88441082527e-08
1.12424984494e-08	-6.87482994977e-08
1.1262395419e-08	-7.71810846345e-08
1.12822923887e-08	-8.45349177325e-08
1.13021893583e-08	-9.05404178297e-08
1.13220863279e-08	-9.43587181723e-08
1.13419832976e-08	-9.48344549556e-08
1.13618802672e-08	-9.07831889663e-08
1.13817772368e-08	-8.13927059085e-08
1.14016742065e-08	-6.64294930175e-08
1.14215711761e-08	-4.64129250588e-08
1.14414681457e-08	-2.2522803178e-08
1.14613651154e-08	3.59665230931e-09
1.1481262085e-08	3.00934708264e-08
1.15011590546e-08	5.50254064535e-08
1.15210560243e-08	7.6552531425e-08
1.15409529939e-08	9.30028107859e-08
1.15608499635e-08	1.03145922026e-07
1.15807469332e-08	1.063386037e-07
1.16006439028e-08	1.02693086035e-07
1.16205408724e-08	9.29753554146e-08
1.16404378421e-08	7.84838576351e-08
1.16603348117e-08	6.07816019738e-08
1.16802317813e-08	4.15528269571e-08
1.1700128751e-08	2.24013216865e-08
1.17200257206e-08	4.64924854171e-09
1.17399226902e-08	-1.08415774136e-08
1.17598196599e-08	-2.38432154021e-08
1.17797166295e-08	-3.46878081814e-08
1.17996135992e-08	-4.40857021999e-08
1.18195105688e-08	-5.27854098209e-08
1.18394075384e-08	-6.1276125507e-08
1.18593045081e-08	-6.95965169939e-08
1.18792014777e-08	-7.72686021833e-08
1.18990984473e-08	-8.33285440649e-08
1.1918995417e-08	-8.64943316969e-08
1.19388923866e-08	-8.53883292962e-08
1.19587893562e-08	-7.88523877304e-08
1.19786863259e-08	-6.62750139213e-08
1.19985832955e-08	-4.77791637365e-08
1.20184802651e-08	-2.43113120746e-08
1.20383772348e-08	2.49696729959e-09
1.20582742044e-08	3.04682004071e-08
1.2078171174e-08	5.71766847202e-08
1.20980681437e-08	8.02279416234e-08
1.21179651133e-08	9.75839284933e-08
1.21378620829e-08	1.07798484805e-07
1.21577590526e-08	1.1021238322e-07
1.21776560222e-08	1.04931807243e-07
1.21975529918e-08	9.27538863493e-08
1.22174499615e-08	7.50163451357e-08
1.22373469311e-08	5.34895043813e-08
1.22572439007e-08	3.01990610296e-08
1.22771408704e-08	7.2092785075e-09
1.229703784e-08	-1.3665879095e-08
1.23169348096e-08	-3.11625818483e-08
1.23368317793e-08	-4.47539569848e-08
1.23567287489e-08	-5.45518830108e-08
1.23766257185e-08	-6.11545587503e-08
1.23965226882e-08	-6.53364224945e-08
1.24164196578e-08	-6.77813929428e-08
1.24363166274e-08	-6.89003485377e-08
1.24562135971e-08	-6.87551064971e-08
1.24761105667e-08	-6.70402116043e-08
1.24960075364e-08	-6.31953369634e-08
1.2515904506e-08	-5.65838185196e-08
1.25358014756e-08	-4.67443221908e-08
1.25556984453e-08	-3.35475327518e-08
1.25755954149e-08	-1.72786638331e-08
1.25954923845e-08	1.37420985702e-09
1.26153893542e-08	2.13625401813e-08
1.26352863238e-08	4.1355935565e-08
1.26551832934e-08	5.97871405716e-08
1.26750802631e-08	7.49801216671e-08
1.26949772327e-08	8.54010053786e-08
1.27148742023e-08	8.9904993672e-08
1.2734771172e-08	8.79618440308e-08
1.27546681416e-08	7.9797942476e-08
1.27745651112e-08	6.63582255811e-08
1.27944620809e-08	4.91656280133e-08
1.28143590505e-08	3.00878575388e-08
1.28342560201e-08	1.1053314708e-08
1.28541529898e-08	-6.30115071232e-09
1.28740499594e-08	-2.09228279147e-08
1.2893946929e-08	-3.24743467672e-08
1.29138438987e-08	-4.12554932439e-08
1.29337408683e-08	-4.79658517349e-08
1.29536378379e-08	-5.33208037723e-08
1.29735348076e-08	-5.77927465883e-08
1.29934317772e-08	-6.14551680655e-08
1.30133287468e-08	-6.39792858692e-08
1.30332257165e-08	-6.47867395287e-08
1.30531226861e-08	-6.3151652796e-08
1.30730196557e-08	-5.84057140429e-08
1.30929166254e-08	-5.00629866451e-08
1.3112813595e-08	-3.79503433123e-08
1.31327105646e-08	-2.22837357455e-08
1.31526075343e-08	-3.71964503643e-09
1.31725045039e-08	1.66830584902e-08
1.31924014735e-08	3.74349760079e-08
1.32122984432e-08	5.68070284146e-08
1.32321954128e-08	7.29694278334e-08
1.32520923825e-08	8.42707308379e-08
1.32719893521e-08	8.95206042628e-08
1.32918863217e-08	8.81917117113e-08
1.33117832914e-08	8.04871191917e-08
1.3331680261e-08	6.72976483429e-08
1.33515772306e-08	5.00219314858e-08
1.33714742003e-08	3.03885059338e-08
1.33913711699e-08	1.0198154321e-08
1.34112681395e-08	-8.87958151452e-09
1.34311651092e-08	-2.55053826947e-08
1.34510620788e-08	-3.88219021374e-08
1.34709590484e-08	-4.84651003774e-08
1.34908560181e-08	-5.44983720374e-08
1.35107529877e-08	-5.73185978681e-08
1.35306499573e-08	-5.75173864092e-08
1.3550546927e-08	-5.57830226455e-08
1.35704438966e-08	-5.27815231521e-08
1.35903408662e-08	-4.90415956733e-08
1.36102378359e-08	-4.48229897643e-08
1.36301348055e-08	-4.00541537715e-08
1.36500317751e-08	-3.436647944e-08
1.36699287448e-08	-2.72478803964e-08
1.36898257144e-08	-1.82094126444e-08
1.3709722684e-08	-6.9724990226e-09
1.37296196537e-08	6.32398666767e-09
1.37495166233e-08	2.10931858646e-08
1.37694135929e-08	3.62516061614e-08
1.37893105626e-08	5.03947781283e-08
1.38092075322e-08	6.2006989765e-08
1.38291045018e-08	6.97968403074e-08
1.38490014715e-08	7.28977127551e-08
1.38688984411e-08	7.10092749046e-08
1.38887954107e-08	6.43588364824e-08
1.39086923804e-08	5.35962811909e-08
1.392858935e-08	3.97216055603e-08
1.39484863196e-08	2.39380746336e-08
1.39683832893e-08	7.57189511091e-09
1.39882802589e-08	-8.10958500352e-09
1.40081772286e-08	-2.20706688481e-08
1.40280741982e-08	-3.36205339124e-08
1.40479711678e-08	-4.24251425102e-08
1.40678681375e-08	-4.84866049533e-08
1.40877651071e-08	-5.19946610211e-08
1.41076620767e-08	-5.33018393867e-08
1.41275590464e-08	-5.28010133394e-08
1.4147456016e-08	-5.08774284924e-08
1.41673529856e-08	-4.77983306268e-08
1.41872499553e-08	-4.36169926843e-08
1.42071469249e-08	-3.81900981949e-08
1.42270438945e-08	-3.12450687545e-08
1.42469408642e-08	-2.25077130267e-08
1.42668378338e-08	-1.18654677195e-08
1.42867348034e-08	5.5771715024e-10
1.43066317731e-08	1.43123815022e-08
1.43265287427e-08	2.85993770888e-08
1.43464257123e-08	4.23238830649e-08
1.4366322682e-08	5.41911617802e-08
1.43862196516e-08	6.29054497381e-08
1.44061166212e-08	6.74161171332e-08
1.44260135909e-08	6.71054394275e-08
1.44459105605e-08	6.18830995336e-08
1.44658075301e-08	5.22199421482e-08
1.44857044998e-08	3.90624528279e-08
1.45056014694e-08	2.37392967506e-08
1.4525498439e-08	7.76407826919e-09
1.45453954087e-08	-7.35865590684e-09
1.45652923783e-08	-2.03907752905e-08
1.45851893479e-08	-3.05331795403e-08
1.46050863176e-08	-3.74962816352e-08
1.46249832872e-08	-4.14342054e-08
1.46448802568e-08	-4.28142037379e-08
1.46647772265e-08	-4.22851975657e-08
1.46846741961e-08	-4.05144255922e-08
1.47045711657e-08	-3.81115086157e-08
1.47244681354e-08	-3.54881848352e-08
1.4744365105e-08	-3.27909397413e-08
1.47642620747e-08	-2.98745561622e-08
1.47841590443e-08	-2.63551527269e-08
1.48040560139e-08	-2.17363087529e-08
1.48239529836e-08	-1.55526489465e-08
1.48438499532e-08	-7.5296027191e-09
1.48637469228e-08	2.31034857912e-09
1.48836438925e-08	1.35752582509e-08
1.49035408621e-08	2.55034393604e-08
1.49234378317e-08	3.70239590097e-08
1.49433348014e-08	4.69608778531e-08
1.4963231771e-08	5.42073408383e-08
1.49831287406e-08	5.79152654723e-08
1.50030257103e-08	5.76077034964e-08
1.50229226799e-08	5.32093622496e-08
1.50428196495e-08	4.50309372013e-08
1.50627166192e-08	3.37565424502e-08
1.50826135888e-08	2.03242773722e-08
1.51025105584e-08	5.87965320875e-09
1.51224075281e-08	-8.41980529742e-09
1.51423044977e-08	-2.15214779331e-08
1.51622014673e-08	-3.25559845749e-08
1.5182098437e-08	-4.09080200825e-08
1.52019954066e-08	-4.62380498334e-08
1.52218923762e-08	-4.85017501717e-08
1.52417893459e-08	-4.7969461292e-08
1.52616863155e-08	-4.51661961165e-08
1.52815832851e-08	-4.07396569813e-08
1.53014802548e-08	-3.53040796597e-08
1.53213772244e-08	-2.92567801097e-08
1.5341274194e-08	-2.27523351271e-08
1.53611711637e-08	-1.57498227793e-08
1.53810681333e-08	-8.08837974375e-09
1.54009651029e-08	3.43358036448e-10
1.54208620726e-08	9.52688772315e-09
1.54407590422e-08	1.92290023904e-08
1.54606560118e-08	2.89520034613e-08
1.54805529815e-08	3.79731517341e-08
1.55004499511e-08	4.54416202444e-08
1.55203469208e-08	5.05059816192e-08
1.55402438904e-08	5.25025001252e-08
1.556014086e-08	5.10373325824e-08
1.55800378297e-08	4.60630822374e-08
1.55999347993e-08	3.78671742851e-08
1.56198317689e-08	2.70640772015e-08
1.56397287386e-08	1.45201282109e-08
1.56596257082e-08	1.29381616532e-09
1.56795226778e-08	-1.15262057676e-08
1.56994196475e-08	-2.29055618917e-08
1.57193166171e-08	-3.20293231937e-08
1.57392135867e-08	-3.8383962675e-08
1.57591105564e-08	-4.17917505047e-08
1.5779007526e-08	-4.24366497498e-08
1.57989044956e-08	-4.07755962328e-08
1.58188014653e-08	-3.74445221496e-08
1.58386984349e-08	-3.31027436573e-08
1.58585954045e-08	-2.83039387483e-08
1.58784923742e-08	-2.34015349321e-08
