% time-domain voltage integration by openEMS v0.0.36 @Thu Jan 22 08:34:31 2026
% start-coordinates: (0.0258065,0.0115,0.0015) m -> [107,65,9]
% stop-coordinates: (0.0258065,0.0115,0) m -> [107,65,7]
% t/s	voltage
0	0
1.98969696342e-11	0
3.97939392684e-11	0
5.96909089027e-11	0
7.95878785369e-11	0
9.94848481711e-11	0
1.19381817805e-10	0
1.3927878744e-10	0
1.59175757074e-10	-4.96837316483e-36
1.79072726708e-10	-1.02304131384e-26
1.98969696342e-10	-5.24440796321e-20
2.18866665976e-10	-3.70316134155e-15
2.38763635611e-10	-6.29251642112e-12
2.58660605245e-10	-3.00607136405e-10
2.78557574879e-10	-3.60327587212e-10
2.98454544513e-10	-2.82070741764e-10
3.18351514148e-10	8.23015960938e-11
3.38248483782e-10	9.92245230425e-10
3.58145453416e-10	4.97192464977e-09
3.7804242305e-10	7.93986143499e-09
3.97939392684e-10	1.34585977918e-08
4.17836362319e-10	3.1421149016e-09
4.37733331953e-10	-3.34294121274e-08
4.57630301587e-10	-3.64919117146e-08
4.77527271221e-10	3.35726696221e-07
4.97424240856e-10	1.25296998021e-06
5.1732121049e-10	3.03014519432e-06
5.37218180124e-10	6.33381660009e-06
5.57115149758e-10	1.12175007416e-05
5.77012119392e-10	1.68214337464e-05
5.96909089027e-10	2.07997591133e-05
6.16806058661e-10	1.82182893695e-05
6.36703028295e-10	1.83365324347e-06
6.56599997929e-10	-3.62263454008e-05
6.76496967564e-10	-0.000101222198282
6.96393937198e-10	-0.000190841652511
7.16290906832e-10	-0.000290800831863
7.36187876466e-10	-0.000373324815882
7.560848461e-10	-0.0004012673744
7.75981815735e-10	-0.000338837155141
7.95878785369e-10	-0.000166505829839
8.15775755003e-10	0.000105620816612
8.35672724637e-10	0.000432711181929
8.55569694272e-10	0.000743159878766
8.75466663906e-10	0.000958975055255
8.9536363354e-10	0.00102161930408
9.15260603174e-10	0.000913050171221
9.35157572808e-10	0.000662440026645
9.55054542443e-10	0.000335744029144
9.74951512077e-10	1.25812539409e-05
9.94848481711e-10	-0.000239655615587
1.01474545135e-09	-0.000383880338632
1.03464242098e-09	-0.000418081326643
1.05453939061e-09	-0.000367466345779
1.07443636025e-09	-0.000269800875685
1.09433332988e-09	-0.00016102657537
1.11423029952e-09	-6.61510166537e-05
1.13412726915e-09	3.43588931173e-06
1.15402423878e-09	4.78614729218e-05
1.17392120842e-09	7.46691111999e-05
1.19381817805e-09	9.46151085373e-05
1.21371514769e-09	0.000118090243632
1.23361211732e-09	0.000151946609549
1.25350908696e-09	0.000196420689463
1.27340605659e-09	0.000242855421675
1.29330302622e-09	0.00027343237889
1.31319999586e-09	0.00026428810088
1.33309696549e-09	0.000192518593394
1.35299393513e-09	4.55656427221e-05
1.37289090476e-09	-0.000169973543962
1.3927878744e-09	-0.000424211408244
1.41268484403e-09	-0.000667638232699
1.43258181366e-09	-0.000842886220198
1.4524787833e-09	-0.000901858846191
1.47237575293e-09	-0.000822163157864
1.49227272257e-09	-0.000615911383647
1.5121696922e-09	-0.000327903107973
1.53206666184e-09	-2.23353017645e-05
1.55196363147e-09	0.000236451982346
1.5718606011e-09	0.00040236741188
1.59175757074e-09	0.000458447553683
1.61165454037e-09	0.000417140370701
1.63155151001e-09	0.000311360650812
1.65144847964e-09	0.000181066025107
1.67134544927e-09	6.07979400229e-05
1.69124241891e-09	-2.77301178357e-05
1.71113938854e-09	-7.7018445154e-05
1.73103635818e-09	-9.05462729861e-05
1.75093332781e-09	-7.77010245656e-05
1.77083029745e-09	-4.93339794048e-05
1.79072726708e-09	-1.51834456119e-05
1.81062423671e-09	1.68532305906e-05
1.83052120635e-09	4.05668888561e-05
1.85041817598e-09	5.12329770572e-05
1.87031514562e-09	4.60195878986e-05
1.89021211525e-09	2.48431488217e-05
1.91010908489e-09	-8.69725454322e-06
1.93000605452e-09	-4.72504143545e-05
1.94990302415e-09	-8.09624871181e-05
1.96979999379e-09	-0.00010023377763
1.98969696342e-09	-9.92172317638e-05
2.00959393306e-09	-7.85512929724e-05
2.02949090269e-09	-4.58192080259e-05
2.04938787232e-09	-1.29535278575e-05
2.06928484196e-09	8.6439140432e-06
2.08918181159e-09	1.31082051666e-05
2.10907878123e-09	2.78135451026e-06
2.12897575086e-09	-1.31284991767e-05
2.1488727205e-09	-2.32912634601e-05
2.16876969013e-09	-2.00498006961e-05
2.18866665976e-09	-3.08213907374e-06
2.2085636294e-09	2.08702404052e-05
2.22846059903e-09	4.18513664044e-05
2.24835756867e-09	5.17799617228e-05
2.2682545383e-09	4.80108119518e-05
2.28815150794e-09	3.37092678819e-05
2.30804847757e-09	1.53369069267e-05
2.3279454472e-09	-8.59610622683e-07
2.34784241684e-09	-1.13996834443e-05
2.36773938647e-09	-1.61719272e-05
2.38763635611e-09	-1.73103344423e-05
2.40753332574e-09	-1.74443321157e-05
2.42743029538e-09	-1.83084630407e-05
2.44732726501e-09	-2.01714583454e-05
2.46722423464e-09	-2.19337907765e-05
2.48712120428e-09	-2.14857764149e-05
2.50701817391e-09	-1.62524156622e-05
2.52691514355e-09	-3.94448670704e-06
2.54681211318e-09	1.63530748978e-05
2.56670908281e-09	4.29447572969e-05
2.58660605245e-09	7.08033257979e-05
2.60650302208e-09	9.20076927287e-05
2.62639999172e-09	9.77675554168e-05
2.64629696135e-09	8.16803185444e-05
2.66619393099e-09	4.29985902883e-05
2.68609090062e-09	-1.15822722364e-05
2.70598787025e-09	-6.88799009367e-05
2.72588483989e-09	-0.000113039448479
2.74578180952e-09	-0.000130971056933
2.76567877916e-09	-0.000117233448691
2.78557574879e-09	-7.62227391533e-05
2.80547271843e-09	-2.06481199712e-05
2.82536968806e-09	3.31243318215e-05
2.84526665769e-09	7.08767038304e-05
2.86516362733e-09	8.50756296131e-05
2.88506059696e-09	7.64191863709e-05
2.9049575666e-09	5.21784731973e-05
2.92485453623e-09	2.24452514885e-05
2.94475150586e-09	-3.78870834084e-06
2.9646484755e-09	-2.12284585359e-05
2.98454544513e-09	-2.88095952783e-05
3.00444241477e-09	-2.85459109364e-05
3.0243393844e-09	-2.37001931964e-05
3.04423635404e-09	-1.71831497937e-05
3.06413332367e-09	-1.06907627924e-05
3.0840302933e-09	-4.62244202026e-06
3.10392726294e-09	1.57231949061e-06
3.12382423257e-09	8.80074185261e-06
3.14372120221e-09	1.77555439222e-05
3.16361817184e-09	2.83407853203e-05
3.18351514148e-09	3.93085101678e-05
3.20341211111e-09	4.81477491121e-05
3.22330908074e-09	5.14686234965e-05
3.24320605038e-09	4.59165439679e-05
3.26310302001e-09	2.9463935789e-05
3.28299998965e-09	2.69921440577e-06
3.30289695928e-09	-3.04500845232e-05
3.32279392892e-09	-6.30156937405e-05
3.34269089855e-09	-8.65910915309e-05
3.36258786818e-09	-9.38814046094e-05
3.38248483782e-09	-8.14056038507e-05
3.40238180745e-09	-5.12560654897e-05
3.42227877709e-09	-1.09633897409e-05
3.44217574672e-09	2.87508100882e-05
3.46207271635e-09	5.75802278036e-05
3.48196968599e-09	6.91669083608e-05
3.50186665562e-09	6.30486574664e-05
3.52176362526e-09	4.42156924692e-05
3.54166059489e-09	2.0580594537e-05
3.56155756453e-09	-3.11475162107e-07
3.58145453416e-09	-1.38794721352e-05
3.60135150379e-09	-1.93377618416e-05
3.62124847343e-09	-1.88166295629e-05
3.64114544306e-09	-1.55397765411e-05
3.6610424127e-09	-1.21125513033e-05
3.68093938233e-09	-9.6324979495e-06
3.70083635197e-09	-7.76075808062e-06
3.7207333216e-09	-5.33992692908e-06
3.74063029123e-09	-1.16265846373e-06
3.76052726087e-09	5.49118840354e-06
3.7804242305e-09	1.45429844451e-05
3.80032120014e-09	2.49325921686e-05
3.82021816977e-09	3.45750722772e-05
3.8401151394e-09	4.05304999731e-05
3.86001210904e-09	3.96026152885e-05
3.87990907867e-09	2.93672237603e-05
3.89980604831e-09	9.41032885748e-06
3.91970301794e-09	-1.77325509867e-05
3.93959998758e-09	-4.65134817205e-05
3.95949695721e-09	-6.95397793606e-05
3.97939392684e-09	-7.97899228928e-05
3.99929089648e-09	-7.31601721782e-05
4.01918786611e-09	-5.028441592e-05
4.03908483575e-09	-1.67579582921e-05
4.05898180538e-09	1.85319286174e-05
4.07887877502e-09	4.63906235382e-05
4.09877574465e-09	6.04111100984e-05
4.11867271428e-09	5.89034443692e-05
4.13856968392e-09	4.49465478596e-05
4.15846665355e-09	2.46506897383e-05
4.17836362319e-09	4.57242754237e-06
4.19826059282e-09	-1.05472468022e-05
4.21815756246e-09	-1.88544390767e-05
4.23805453209e-09	-2.10928965316e-05
4.25795150172e-09	-1.93891401068e-05
4.27784847136e-09	-1.5913160496e-05
4.29774544099e-09	-1.20213044283e-05
4.31764241063e-09	-8.05370063972e-06
4.33753938026e-09	-3.62750824934e-06
4.35743634989e-09	1.88300242598e-06
4.37733331953e-09	8.91651689017e-06
4.39723028916e-09	1.73932749021e-05
4.4171272588e-09	2.64595728368e-05
4.43702422843e-09	3.43543761119e-05
4.45692119807e-09	3.85478997487e-05
4.4768181677e-09	3.6296341932e-05
4.49671513733e-09	2.55943205048e-05
4.51661210697e-09	6.2960152718e-06
4.5365090766e-09	-1.91210356206e-05
4.55640604624e-09	-4.55696572317e-05
4.57630301587e-09	-6.64168146614e-05
4.59619998551e-09	-7.54259599489e-05
4.61609695514e-09	-6.89237058396e-05
4.63599392477e-09	-4.73999589303e-05
4.65589089441e-09	-1.57858357852e-05
4.67578786404e-09	1.78699438038e-05
4.69568483368e-09	4.49349863629e-05
4.71558180331e-09	5.90198997088e-05
4.73547877294e-09	5.79819879931e-05
4.75537574258e-09	4.43203898612e-05
4.77527271221e-09	2.38322081714e-05
4.79516968185e-09	3.22340292769e-06
4.81506665148e-09	-1.23037475532e-05
4.83496362112e-09	-2.04541493076e-05
4.85486059075e-09	-2.18731120185e-05
4.87475756038e-09	-1.89992988453e-05
4.89465453002e-09	-1.4523912796e-05
4.91455149965e-09	-1.01832847577e-05
4.93444846929e-09	-6.32749765828e-06
4.95434543892e-09	-2.24838163376e-06
4.97424240856e-09	3.06839285713e-06
4.99413937819e-09	1.01995287878e-05
5.01403634782e-09	1.8813528186e-05
5.03393331746e-09	2.75578613582e-05
5.05383028709e-09	3.42833973264e-05
5.07372725673e-09	3.65222858818e-05
5.09362422636e-09	3.21487150359e-05
5.113521196e-09	2.0118325665e-05
5.13341816563e-09	1.12869219038e-06
5.15331513526e-09	-2.20498041017e-05
5.1732121049e-09	-4.484879355e-05
5.19310907453e-09	-6.18277699687e-05
5.21300604417e-09	-6.81800738676e-05
5.2329030138e-09	-6.13170941506e-05
5.25279998343e-09	-4.19875159423e-05
5.27269695307e-09	-1.44051837196e-05
5.2925939227e-09	1.48106428242e-05
5.31249089234e-09	3.86103620258e-05
5.33238786197e-09	5.17036951351e-05
5.35228483161e-09	5.21486126672e-05
5.37218180124e-09	4.16960228904e-05
5.39207877087e-09	2.48463338721e-05
5.41197574051e-09	7.00728514857e-06
5.43187271014e-09	-7.39935148886e-06
5.45176967978e-09	-1.61258922162e-05
5.47166664941e-09	-1.92288107428e-05
5.49156361905e-09	-1.82683534149e-05
5.51146058868e-09	-1.51497433762e-05
5.53135755831e-09	-1.11775625555e-05
5.55125452795e-09	-6.73818294672e-06
5.57115149758e-09	-1.56754390446e-06
5.59104846722e-09	4.6844015742e-06
5.61094543685e-09	1.19499950415e-05
5.63084240649e-09	1.95269185497e-05
5.65073937612e-09	2.61526147369e-05
5.67063634575e-09	3.02575353999e-05
5.69053331539e-09	3.02777871184e-05
5.71043028502e-09	2.50075727308e-05
5.73032725466e-09	1.39877120091e-05
5.75022422429e-09	-2.09004156204e-06
5.77012119392e-09	-2.11198812394e-05
5.79001816356e-09	-3.96668419853e-05
5.80991513319e-09	-5.35470262548e-05
5.82981210283e-09	-5.89025912632e-05
5.84970907246e-09	-5.34372702532e-05
5.8696060421e-09	-3.74214196199e-05
5.88950301173e-09	-1.39787139233e-05
5.90939998136e-09	1.15828656817e-05
5.929296951e-09	3.32388517563e-05
5.94919392063e-09	4.60634855699e-05
5.96909089027e-09	4.77437479276e-05
5.9889878599e-09	3.91672037949e-05
6.00888482954e-09	2.3918181796e-05
6.02878179917e-09	6.87169062985e-06
6.0486787688e-09	-7.50964659346e-06
6.06857573844e-09	-1.64805796885e-05
6.08847270807e-09	-1.94915173779e-05
6.10836967771e-09	-1.77581987373e-05
6.12826664734e-09	-1.32979748741e-05
6.14816361697e-09	-7.93149638412e-06
6.16806058661e-09	-2.68048984253e-06
6.18795755624e-09	2.28563601468e-06
6.20785452588e-09	7.27457336325e-06
6.22775149551e-09	1.25677088363e-05
6.24764846515e-09	1.80075940079e-05
6.26754543478e-09	2.28455382967e-05
6.28744240441e-09	2.58395039054e-05
6.30733937405e-09	2.55377290159e-05
6.32723634368e-09	2.07044031413e-05
6.34713331332e-09	1.07879764073e-05
6.36703028295e-09	-3.64806078323e-06
6.38692725259e-09	-2.06754511964e-05
6.40682422222e-09	-3.71405221813e-05
6.42672119185e-09	-4.92476392537e-05
6.44661816149e-09	-5.35484468855e-05
6.46651513112e-09	-4.80711514683e-05
6.48641210076e-09	-3.31701776304e-05
6.50630907039e-09	-1.1744740732e-05
6.52620604003e-09	1.13953669825e-05
6.54610300966e-09	3.08442567984e-05
6.56599997929e-09	4.22235698352e-05
6.58589694893e-09	4.34878584201e-05
6.60579391856e-09	3.5468949136e-05
6.6256908882e-09	2.14202300413e-05
6.64558785783e-09	5.77826426706e-06
6.66548482746e-09	-7.36262313694e-06
6.6853817971e-09	-1.54633867169e-05
6.70527876673e-09	-1.80185916179e-05
6.72517573637e-09	-1.61797779583e-05
6.745072706e-09	-1.18719226521e-05
6.76496967564e-09	-6.80924472363e-06
6.78486664527e-09	-1.90584006532e-06
6.8047636149e-09	2.77306935459e-06
6.82466058454e-09	7.59415615903e-06
6.84455755417e-09	1.27984530991e-05
6.86445452381e-09	1.80833440027e-05
6.88435149344e-09	2.25242956731e-05
6.90424846308e-09	2.47923417191e-05
6.92414543271e-09	2.3572639293e-05
6.94404240234e-09	1.79856242539e-05
6.96393937198e-09	7.94963625594e-06
6.98383634161e-09	-5.61925457987e-06
7.00373331125e-09	-2.07942275665e-05
7.02363028088e-09	-3.48602025042e-05
7.04352725051e-09	-4.47979437013e-05
7.06342422015e-09	-4.80053113279e-05
7.08332118978e-09	-4.30567797594e-05
7.10321815942e-09	-3.03043434542e-05
7.12311512905e-09	-1.20350550787e-05
7.14301209869e-09	7.95188088887e-06
7.16290906832e-09	2.52953614108e-05
7.18280603795e-09	3.62831015082e-05
7.20270300759e-09	3.89246815757e-05
7.22259997722e-09	3.34796804964e-05
7.24249694686e-09	2.22580474656e-05
7.26239391649e-09	8.76288777363e-06
7.28229088613e-09	-3.47581840288e-06
7.30218785576e-09	-1.19414057735e-05
7.32208482539e-09	-1.56713676915e-05
7.34198179503e-09	-1.51507447299e-05
7.36187876466e-09	-1.17461886475e-05
7.3817757343e-09	-6.96760525898e-06
7.40167270393e-09	-1.89291517927e-06
7.42156967357e-09	3.00953115584e-06
7.4414666432e-09	7.71313057157e-06
7.46136361283e-09	1.22717897284e-05
7.48126058247e-09	1.64801567735e-05
7.5011575521e-09	1.97373528863e-05
7.52105452174e-09	2.11350297832e-05
7.54095149137e-09	1.97125727937e-05
7.560848461e-09	1.47793330143e-05
7.58074543064e-09	6.20866353529e-06
7.60064240027e-09	-5.3523299357e-06
7.62053936991e-09	-1.84084437933e-05
7.64043633954e-09	-3.07298541884e-05
7.66033330918e-09	-3.97161475121e-05
7.68023027881e-09	-4.29885640187e-05
7.70012724844e-09	-3.91025896533e-05
7.72002421808e-09	-2.81467264358e-05
7.73992118771e-09	-1.19725905279e-05
7.75981815735e-09	6.11275231677e-06
7.77971512698e-09	2.21641821554e-05
7.79961209662e-09	3.27023881255e-05
7.81950906625e-09	3.57160952262e-05
7.83940603588e-09	3.12222273351e-05
7.85930300552e-09	2.11725009649e-05
7.87919997515e-09	8.73672343005e-06
7.89909694479e-09	-2.74411922874e-06
7.91899391442e-09	-1.07722084977e-05
7.93889088405e-09	-1.42865169437e-05
7.95878785369e-09	-1.36744988595e-05
7.97868482332e-09	-1.02730418803e-05
7.99858179296e-09	-5.63584626434e-06
8.01847876259e-09	-9.1130826263e-07
8.03837573223e-09	3.41634165579e-06
8.05827270186e-09	7.4028966992e-06
8.07816967149e-09	1.12452053145e-05
8.09806664113e-09	1.4887193629e-05
8.11796361076e-09	1.78181871888e-05
8.1378605804e-09	1.91301351151e-05
8.15775755003e-09	1.78059626705e-05
8.17765451967e-09	1.31060855892e-05
8.1975514893e-09	4.91873720421e-06
8.21744845893e-09	-6.03838930147e-06
8.23734542857e-09	-1.81988853001e-05
8.2572423982e-09	-2.93699531539e-05
8.27713936784e-09	-3.71566329704e-05
8.29703633747e-09	-3.95268853026e-05
8.31693330711e-09	-3.53962368536e-05
8.33683027674e-09	-2.50528892138e-05
8.35672724637e-09	-1.02678050098e-05
8.37662421601e-09	6.0210072661e-06
8.39652118564e-09	2.04021762329e-05
8.41641815528e-09	2.98851064144e-05
8.43631512491e-09	3.27326088154e-05
8.45621209454e-09	2.89206063826e-05
8.47610906418e-09	2.00754666366e-05
8.49600603381e-09	8.89517423275e-06
8.51590300345e-09	-1.7160980974e-06
8.53579997308e-09	-9.49434615904e-06
8.55569694272e-09	-1.3338775716e-05
8.57559391235e-09	-1.33672619995e-05
8.59549088198e-09	-1.05561043711e-05
8.61538785162e-09	-6.1798225488e-06
8.63528482125e-09	-1.3017286733e-06
8.65518179089e-09	3.4740683077e-06
8.67507876052e-09	7.9501755863e-06
8.69497573016e-09	1.20671797958e-05
8.71487269979e-09	1.56078267537e-05
8.73476966942e-09	1.80358338184e-05
8.75466663906e-09	1.85662993317e-05
8.77456360869e-09	1.64202328961e-05
8.79446057833e-09	1.11462586574e-05
8.81435754796e-09	2.89011370569e-06
8.83425451759e-09	-7.50078788769e-06
8.85415148723e-09	-1.85383096323e-05
8.87404845686e-09	-2.8323065635e-05
8.8939454265e-09	-3.48854136973e-05
8.91384239613e-09	-3.66088479495e-05
8.93373936577e-09	-3.26516037603e-05
8.9536363354e-09	-2.32827715081e-05
8.97353330503e-09	-9.97736060526e-06
8.99343027467e-09	4.78973379359e-06
9.0133272443e-09	1.80849838216e-05
9.03322421394e-09	2.72453016805e-05
9.05312118357e-09	3.0586412322e-05
9.07301815321e-09	2.78530551441e-05
9.09291512284e-09	2.02536502911e-05
9.11281209247e-09	1.00538327388e-05
9.13270906211e-09	-1.1486295648e-07
9.15260603174e-09	-8.00601810624e-06
9.17250300138e-09	-1.23068884932e-05
9.19239997101e-09	-1.28281299112e-05
9.21229694065e-09	-1.02981684904e-05
9.23219391028e-09	-5.9159722241e-06
9.25209087991e-09	-8.55362259244e-07
9.27198784955e-09	4.05803189096e-06
9.29188481918e-09	8.41417431729e-06
9.31178178882e-09	1.20568270177e-05
9.33167875845e-09	1.48367466863e-05
9.35157572808e-09	1.64288849192e-05
9.37147269772e-09	1.63137419804e-05
9.39136966735e-09	1.39276326081e-05
9.41126663699e-09	8.91565969141e-06
9.43116360662e-09	1.37601722372e-06
9.45106057626e-09	-7.98889914222e-06
9.47095754589e-09	-1.78861546374e-05
9.49085451552e-09	-2.66107781499e-05
9.51075148516e-09	-3.23710628436e-05
9.53064845479e-09	-3.37017245329e-05
9.55054542443e-09	-2.98644972645e-05
9.57044239406e-09	-2.11376000152e-05
9.5903393637e-09	-8.89335933607e-06
9.61023633333e-09	4.61810668639e-06
9.63013330296e-09	1.6746660549e-05
9.6500302726e-09	2.50893754128e-05
9.66992724223e-09	2.81271350104e-05
9.68982421187e-09	2.56309976976e-05
9.7097211815e-09	1.87022369573e-05
9.72961815113e-09	9.40588597587e-06
9.74951512077e-09	1.44919908962e-07
9.7694120904e-09	-7.02753027326e-06
9.78930906004e-09	-1.09105280899e-05
9.80920602967e-09	-1.1318720226e-05
9.82910299931e-09	-8.91223180588e-06
9.84899996894e-09	-4.78765491607e-06
9.86889693857e-09	-4.50857555734e-08
9.88879390821e-09	4.51783489552e-06
9.90869087784e-09	8.48330500958e-06
9.92858784748e-09	1.16816395348e-05
9.94848481711e-09	1.39684511851e-05
9.96838178675e-09	1.50602254507e-05
9.98827875638e-09	1.45033750414e-05
1.0008175726e-08	1.18290340652e-05
1.00280726956e-08	6.79247978042e-06
1.00479696653e-08	-4.01829112207e-07
1.00678666349e-08	-8.99950327948e-06
1.00877636046e-08	-1.77527499545e-05
1.01076605742e-08	-2.51330047831e-05
1.01275575438e-08	-2.96429780064e-05
1.01474545135e-08	-3.01491190839e-05
1.01673514831e-08	-2.61790000877e-05
1.01872484527e-08	-1.81152818186e-05
1.02071454224e-08	-7.20992329661e-06
1.0227042392e-08	4.60463343188e-06
1.02469393616e-08	1.51108301907e-05
1.02668363313e-08	2.23207553063e-05
1.02867333009e-08	2.49708682531e-05
1.03066302705e-08	2.28497510761e-05
1.03265272402e-08	1.68397491507e-05
1.03464242098e-08	8.65142874318e-06
1.03663211794e-08	3.38645264719e-07
1.03862181491e-08	-6.26154746897e-06
1.04061151187e-08	-9.96931430564e-06
1.04260120883e-08	-1.04658097371e-05
1.0445909058e-08	-8.21292314868e-06
1.04658060276e-08	-4.15681620325e-06
1.04857029972e-08	6.40257411533e-07
1.05055999669e-08	5.29563385498e-06
1.05254969365e-08	9.24307005334e-06
1.05453939061e-08	1.21813600344e-05
1.05652908758e-08	1.39374064929e-05
1.05851878454e-08	1.43251213558e-05
1.0605084815e-08	1.30964813252e-05
1.06249817847e-08	1.00104575722e-05
1.06448787543e-08	4.98662666359e-06
1.06647757239e-08	-1.73048385932e-06
1.06846726936e-08	-9.47493890635e-06
1.07045696632e-08	-1.71939018401e-05
1.07244666328e-08	-2.3595463972e-05
1.07443636025e-08	-2.74063340839e-05
1.07642605721e-08	-2.76658956864e-05
1.07841575417e-08	-2.39806058744e-05
1.08040545114e-08	-1.66866784639e-05
1.0823951481e-08	-6.86560724716e-06
1.08438484507e-08	3.80905919428e-06
1.08637454203e-08	1.34009510475e-05
1.08836423899e-08	2.01354268938e-05
1.09035393596e-08	2.28342532864e-05
1.09234363292e-08	2.12258446481e-05
1.09433332988e-08	1.60190738825e-05
1.09632302685e-08	8.70195799507e-06
1.09831272381e-08	1.12269748342e-06
1.10030242077e-08	-5.01252702634e-06
1.10229211774e-08	-8.56081032907e-06
1.1042818147e-08	-9.15889359021e-06
1.10627151166e-08	-7.17563966646e-06
1.10826120863e-08	-3.47130787759e-06
1.11025090559e-08	9.43552493027e-07
1.11224060255e-08	5.19730269843e-06
1.11423029952e-08	8.71906377142e-06
1.11621999648e-08	1.12239431473e-05
1.11820969344e-08	1.25921906147e-05
1.12019939041e-08	1.27180737763e-05
1.12218908737e-08	1.14322760965e-05
1.12417878433e-08	8.54002655615e-06
1.1261684813e-08	3.96005134462e-06
1.12815817826e-08	-2.11438521092e-06
1.13014787522e-08	-9.10430344447e-06
1.13213757219e-08	-1.60647823577e-05
1.13412726915e-08	-2.18247741941e-05
1.13611696611e-08	-2.52271347563e-05
1.13810666308e-08	-2.54000933637e-05
1.14009636004e-08	-2.19984758587e-05
1.142086057e-08	-1.53439896167e-05
1.14407575397e-08	-6.42839358989e-06
1.14606545093e-08	3.23844801642e-06
1.14805514789e-08	1.19284945868e-05
1.15004484486e-08	1.80804609045e-05
1.15203454182e-08	2.06670974876e-05
1.15402423878e-08	1.94489448404e-05
1.15601393575e-08	1.50309338096e-05
1.15800363271e-08	8.6889162958e-06
1.15999332968e-08	2.01571049274e-06
1.16198302664e-08	-3.49698473201e-06
1.1639727236e-08	-6.82196332491e-06
1.16596242057e-08	-7.59061367717e-06
1.16795211753e-08	-6.0733243572e-06
1.16994181449e-08	-2.97483518352e-06
1.17193151146e-08	8.40445181893e-07
1.17392120842e-08	4.60271348857e-06
1.17591090538e-08	7.77373088567e-06
1.17790060235e-08	1.00465204014e-05
1.17989029931e-08	1.12568964141e-05
1.18187999627e-08	1.1273302789e-05
1.18386969324e-08	9.94498850559e-06
1.1858593902e-08	7.13792246643e-06
1.18784908716e-08	2.83302813386e-06
1.18983878413e-08	-2.73928060324e-06
1.19182848109e-08	-9.03003274288e-06
1.19381817805e-08	-1.51824938257e-05
1.19580787502e-08	-2.01679413294e-05
1.19779757198e-08	-2.29868110182e-05
1.19978726894e-08	-2.29119141295e-05
1.20177696591e-08	-1.96855344257e-05
1.20376666287e-08	-1.36292851494e-05
1.20575635983e-08	-5.62863465348e-06
1.2077460568e-08	3.00751958093e-06
1.20973575376e-08	1.07929104161e-05
1.21172545072e-08	1.63739150594e-05
1.21371514769e-08	1.88362109839e-05
1.21570484465e-08	1.79197104444e-05
1.21769454161e-08	1.40896854646e-05
1.21968423858e-08	8.41634982862e-06
1.22167393554e-08	2.29856914302e-06
1.2236636325e-08	-2.8985444942e-06
1.22565332947e-08	-6.17152136329e-06
1.22764302643e-08	-7.0780349688e-06
1.22963272339e-08	-5.76647016715e-06
1.23162242036e-08	-2.83463384676e-06
1.23361211732e-08	9.03282057152e-07
1.23560181429e-08	4.6533857585e-06
1.23759151125e-08	7.80214304541e-06
1.23958120821e-08	9.97416373139e-06
1.24157090518e-08	1.09821380647e-05
1.24356060214e-08	1.07371424747e-05
1.2455502991e-08	9.17645184018e-06
1.24753999607e-08	6.26297969575e-06
1.24952969303e-08	2.04411264804e-06
1.25151938999e-08	-3.24404959429e-06
1.25350908696e-08	-9.10040716917e-06
1.25549878392e-08	-1.4762995761e-05
1.25748848088e-08	-1.93118085008e-05
1.25947817785e-08	-2.18460509132e-05
1.26146787481e-08	-2.1701796868e-05
1.26345757177e-08	-1.86374427358e-05
1.26544726874e-08	-1.29413024297e-05
1.2674369657e-08	-5.4272259149e-06
1.26942666266e-08	2.69324777946e-06
1.27141635963e-08	1.00425318124e-05
1.27340605659e-08	1.53628811859e-05
1.27539575355e-08	1.78000518645e-05
1.27738545052e-08	1.71023693838e-05
1.27937514748e-08	1.36791541081e-05
1.28136484444e-08	8.49401658343e-06
1.28335454141e-08	2.8217120871e-06
1.28534423837e-08	-2.07588993817e-06
1.28733393533e-08	-5.24724077877e-06
1.2893236323e-08	-6.24583958597e-06
1.29131332926e-08	-5.16611976309e-06
1.29330302622e-08	-2.53152177265e-06
1.29529272319e-08	9.11893039302e-07
1.29728242015e-08	4.41615588898e-06
1.29927211711e-08	7.3855858318e-06
1.30126181408e-08	9.43096574701e-06
1.30325151104e-08	1.03402444438e-05
1.30524120801e-08	1.00098754956e-05
1.30723090497e-08	8.38380037749e-06
1.30922060193e-08	5.45584111933e-06
1.3112102989e-08	1.32126479002e-06
1.31319999586e-08	-3.749090979e-06
1.31518969282e-08	-9.25534050111e-06
1.31717938979e-08	-1.44770983752e-05
1.31916908675e-08	-1.85687504199e-05
1.32115878371e-08	-2.0726423827e-05
1.32314848068e-08	-2.03763811442e-05
1.32513817764e-08	-1.73431599251e-05
1.3271278746e-08	-1.19352039292e-05
1.32911757157e-08	-4.9269056035e-06
1.33110726853e-08	2.57110059465e-06
1.33309696549e-08	9.32417151489e-06
1.33508666246e-08	1.42236217471e-05
1.33707635942e-08	1.6520405552e-05
1.33906605638e-08	1.59937171702e-05
1.34105575335e-08	1.29964341795e-05
1.34304545031e-08	8.37041307022e-06
1.34503514727e-08	3.23866674989e-06
1.34702484424e-08	-1.26611200812e-06
1.3490145412e-08	-4.26639326179e-06
1.35100423816e-08	-5.31542491444e-06
1.35299393513e-08	-4.44796228294e-06
1.35498363209e-08	-2.09590200484e-06
1.35697332905e-08	1.07198781052e-06
1.35896302602e-08	4.34476896771e-06
1.36095272298e-08	7.11602297088e-06
1.36294241994e-08	8.96384608495e-06
1.36493211691e-08	9.65348272075e-06
1.36692181387e-08	9.09069149202e-06
1.36891151083e-08	7.27309043214e-06
1.3709012078e-08	4.27074746767e-06
1.37289090476e-08	2.46075998689e-07
1.37488060172e-08	-4.49646472589e-06
1.37687029869e-08	-9.47388070927e-06
1.37885999565e-08	-1.40440142786e-05
1.38084969262e-08	-1.74823198904e-05
1.38283938958e-08	-1.9122438971e-05
1.38482908654e-08	-1.85103554031e-05
1.38681878351e-08	-1.55374827955e-05
1.38880848047e-08	-1.05067110781e-05
1.39079817743e-08	-4.11535552303e-06
1.3927878744e-08	2.65226469764e-06
1.39477757136e-08	8.70714939083e-06
1.39676726832e-08	1.30717871798e-05
1.39875696529e-08	1.50917790052e-05
1.40074666225e-08	1.45760286614e-05
1.40273635921e-08	1.18409952847e-05
1.40472605618e-08	7.63815705795e-06
1.40671575314e-08	2.97210260669e-06
1.4087054501e-08	-1.13170239047e-06
1.41069514707e-08	-3.8569694425e-06
1.41268484403e-08	-4.76808031635e-06
1.41467454099e-08	-3.87477916775e-06
1.41666423796e-08	-1.57364246434e-06
1.41865393492e-08	1.49389705939e-06
1.42064363188e-08	4.6264010507e-06
1.42263332885e-08	7.21820106264e-06
1.42462302581e-08	8.85003919393e-06
1.42661272277e-08	9.30196165427e-06
1.42860241974e-08	8.51135655466e-06
1.4305921167e-08	6.52602352602e-06
1.43258181366e-08	3.47207515006e-06
1.43457151063e-08	-4.42703012027e-07
1.43656120759e-08	-4.90192655889e-06
1.43855090455e-08	-9.45930014495e-06
1.44054060152e-08	-1.35509699248e-05
1.44253029848e-08	-1.65510427905e-05
1.44451999544e-08	-1.78857662831e-05
1.44650969241e-08	-1.71641622728e-05
1.44849938937e-08	-1.43041988849e-05
1.45048908633e-08	-9.59965609582e-06
1.4524787833e-08	-3.70080977063e-06
1.45446848026e-08	2.49176002853e-06
1.45645817723e-08	7.99527470008e-06
1.45844787419e-08	1.19463970805e-05
1.46043757115e-08	1.37767369779e-05
1.46242726812e-08	1.33305215968e-05
1.46441696508e-08	1.08995536721e-05
1.46640666204e-08	7.15812848284e-06
1.46839635901e-08	3.00644410345e-06
1.47038605597e-08	-6.40368739369e-07
1.47237575293e-08	-3.05705862047e-06
1.4743654499e-08	-3.85912017009e-06
1.47635514686e-08	-3.05583239424e-06
1.47834484382e-08	-9.9574521073e-07
1.48033454079e-08	1.75453328666e-06
1.48232423775e-08	4.5674833018e-06
1.48431393471e-08	6.88420277584e-06
1.48630363168e-08	8.29988312034e-06
1.48829332864e-08	8.59491683514e-06
1.4902830256e-08	7.70707197262e-06
1.49227272257e-08	5.69691178498e-06
1.49426241953e-08	2.71080784842e-06
1.49625211649e-08	-1.02455987872e-06
1.49824181346e-08	-5.19299896951e-06
1.50023151042e-08	-9.36784999794e-06
1.50222120738e-08	-1.3030462469e-05
1.50421090435e-08	-1.56266924023e-05
1.50620060131e-08	-1.66673071362e-05
1.50819029827e-08	-1.58412558449e-05
1.51017999524e-08	-1.31123351821e-05
1.5121696922e-08	-8.76376452652e-06
1.51415938916e-08	-3.37615983881e-06
1.51614908613e-08	2.2571015279e-06
1.51813878309e-08	7.27542328605e-06
1.52012848005e-08	1.09158154373e-05
1.52211817702e-08	1.26731010823e-05
1.52410787398e-08	1.24034604596e-05
1.52609757094e-08	1.03551724351e-05
1.52808726791e-08	7.105444638e-06
1.53007696487e-08	3.43049975982e-06
1.53206666184e-08	1.31616445742e-07
1.5340563588e-08	-2.13813814298e-06
1.53604605576e-08	-3.00442377466e-06
1.53803575273e-08	-2.43137515099e-06
1.54002544969e-08	-7.00909112084e-07
1.54201514665e-08	1.6884202978e-06
1.54400484362e-08	4.15803560827e-06
1.54599454058e-08	6.18406397734e-06
1.54798423754e-08	7.38200446904e-06
1.54997393451e-08	7.54510756451e-06
1.55196363147e-08	6.62048068989e-06
1.55395332843e-08	4.6770408062e-06
1.5559430254e-08	1.87009788988e-06
1.55793272236e-08	-1.56795363182e-06
1.55992241932e-08	-5.32855392521e-06
1.56191211629e-08	-9.02748570297e-06
1.56390181325e-08	-1.22159949569e-05
1.56589151021e-08	-1.44245605043e-05
1.56788120718e-08	-1.52397255988e-05
1.56987090414e-08	-1.43956135616e-05
1.5718606011e-08	-1.18581106108e-05
1.57385029807e-08	-7.87731323726e-06
1.57583999503e-08	-2.97347298783e-06
1.57782969199e-08	2.14364456497e-06
1.57981938896e-08	6.70627355248e-06
1.58180908592e-08	1.00356678558e-05
1.58379878288e-08	1.16773503578e-05
1.58578847985e-08	1.14969207061e-05
1.58777817681e-08	9.70299197434e-06
1.58976787377e-08	6.80279367771e-06
1.59175757074e-08	3.49213621575e-06
1.5937472677e-08	4.97367494745e-07
1.59573696466e-08	-1.58634634317e-06
1.59772666163e-08	-2.41517989252e-06
1.59971635859e-08	-1.9509093363e-06
1.60170605555e-08	-4.35615874039e-07
1.60369575252e-08	1.69129071992e-06
1.60568544948e-08	3.91034768654e-06
1.60767514645e-08	5.73688612349e-06
1.60966484341e-08	6.80164134792e-06
1.61165454037e-08	6.89453281666e-06
1.61364423734e-08	5.96142831455e-06
1.6156339343e-08	4.07509060096e-06
1.61762363126e-08	1.39498484941e-06
1.61961332823e-08	-1.84827132443e-06
1.62160302519e-08	-5.36205175194e-06
1.62359272215e-08	-8.78441960595e-06
1.62558241912e-08	-1.16992832773e-05
1.62757211608e-08	-1.36763524097e-05
1.62956181304e-08	-1.43453589772e-05
1.63155151001e-08	-1.34782635541e-05
1.63354120697e-08	-1.10625373964e-05
1.63553090393e-08	-7.33514616513e-06
1.6375206009e-08	-2.77037395335e-06
1.63951029786e-08	1.98663519768e-06
1.64149999482e-08	6.23419009571e-06
1.64348969179e-08	9.34905847316e-06
1.64547938875e-08	1.09153347694e-05
1.64746908571e-08	1.08118206299e-05
1.64945878268e-08	9.23271500142e-06
1.65144847964e-08	6.63711080051e-06
1.6534381766e-08	3.64564630218e-06
1.65542787357e-08	9.04882938357e-07
1.65741757053e-08	-1.0437793776e-06
1.65940726749e-08	-1.87255017181e-06
1.66139696446e-08	-1.520748242e-06
1.66338666142e-08	-1.87085369419e-07
1.66537635838e-08	1.73572078666e-06
1.66736605535e-08	3.76650234557e-06
1.66935575231e-08	5.44699901184e-06
1.67134544927e-08	6.42163536213e-06
1.67333514624e-08	6.47680508337e-06
1.6753248432e-08	5.54525126972e-06
1.67731454016e-08	3.68244741367e-06
1.67930423713e-08	1.04691156366e-06
1.68129393409e-08	-2.12010445466e-06
1.68328363106e-08	-5.50881350136e-06
1.68527332802e-08	-8.75477735462e-06
1.68726302498e-08	-1.14639506137e-05
1.68925272195e-08	-1.32492364173e-05
1.69124241891e-08	-1.37852398439e-05
1.69323211587e-08	-1.28793976728e-05
1.69522181284e-08	-1.05324429569e-05
1.6972115098e-08	-6.97509381098e-06
1.69920120676e-08	-2.65484857209e-06
1.70119090373e-08	1.82991482234e-06
1.70318060069e-08	5.84084796174e-06
1.70517029765e-08	8.81478854353e-06
1.70715999462e-08	1.03733609649e-05
1.70914969158e-08	1.03951319943e-05
1.71113938854e-08	9.0374451247e-06
1.71312908551e-08	6.70243935019e-06
1.71511878247e-08	3.95335405301e-06
1.71710847943e-08	1.39147670097e-06
1.7190981764e-08	-4.74469146639e-07
1.72108787336e-08	-1.3305738662e-06
1.72307757032e-08	-1.1082237279e-06
1.72506726729e-08	2.32158683389e-08
1.72705696425e-08	1.71516495584e-06
1.72904666121e-08	3.53056520908e-06
1.73103635818e-08	5.03434966959e-06
1.73302605514e-08	5.87687463849e-06
1.7350157521e-08	5.84383428759e-06
1.73700544907e-08	4.87259603688e-06
1.73899514603e-08	3.03190211071e-06
1.74098484299e-08	4.96101591807e-07
1.74297453996e-08	-2.4910978027e-06
1.74496423692e-08	-5.6343203596e-06
1.74695393388e-08	-8.5952747213e-06
1.74894363085e-08	-1.10133441922e-05
1.75093332781e-08	-1.25387709886e-05
1.75292302478e-08	-1.28911228785e-05
1.75491272174e-08	-1.19169453683e-05
1.7569024187e-08	-9.64142191151e-06
1.75889211567e-08	-6.29103305982e-06
1.76088181263e-08	-2.27552732213e-06
1.76287150959e-08	1.86467099184e-06
1.76486120656e-08	5.54980692868e-06
1.76685090352e-08	8.26461064207e-06
1.76884060048e-08	9.66673314906e-06
1.77083029745e-08	9.65473782344e-06
1.77281999441e-08	8.38869254949e-06
1.77480969137e-08	6.24922790848e-06
1.77679938834e-08	3.75181298296e-06
1.7787890853e-08	1.43703050526e-06
1.78077878226e-08	-2.40792829231e-07
1.78276847923e-08	-9.97052893581e-07
1.78475817619e-08	-7.67276162605e-07
1.78674787315e-08	2.95126667993e-07
1.78873757012e-08	1.86478411024e-06
1.79072726708e-08	3.53031055056e-06
1.79271696404e-08	4.8826850616e-06
1.79470666101e-08	5.59756153962e-06
1.79669635797e-08	5.47725494471e-06
1.79868605493e-08	4.46493095296e-06
1.8006757519e-08	2.63042443294e-06
1.80266544886e-08	1.46436654802e-07
1.80465514582e-08	-2.7353336236e-06
1.80664484279e-08	-5.71159512219e-06
1.80863453975e-08	-8.45041495268e-06
1.81062423671e-08	-1.06176175905e-05
1.81261393368e-08	-1.19096171147e-05
1.81460363064e-08	-1.20961494758e-05
1.8165933276e-08	-1.10621167551e-05
1.81858302457e-08	-8.85066629053e-06
1.82057272153e-08	-5.68568793824e-06
1.82256241849e-08	-1.95314498797e-06
1.82455211546e-08	1.84946327408e-06
1.82654181242e-08	5.20150683769e-06
1.82853150939e-08	7.65226263866e-06
1.83052120635e-08	8.91090439836e-06
1.83251090331e-08	8.89685770744e-06
1.83450060028e-08	7.7566114669e-06
1.83649029724e-08	5.83061137149e-06
1.8384799942e-08	3.58470356332e-06
1.84046969117e-08	1.50821858824e-06
1.84245938813e-08	1.547283901e-08
1.84444908509e-08	-6.38702573497e-07
1.84643878206e-08	-4.01810083872e-07
1.84842847902e-08	5.8258629565e-07
1.85041817598e-08	2.01761895369e-06
1.85240787295e-08	3.52641268364e-06
1.85439756991e-08	4.73169666293e-06
1.85638726687e-08	5.32447666046e-06
1.85837696384e-08	5.11584221385e-06
1.8603666608e-08	4.0549100504e-06
1.86235635776e-08	2.22146945816e-06
1.86434605473e-08	-2.00836979047e-07
1.86633575169e-08	-2.95909364922e-06
1.86832544865e-08	-5.7585812101e-06
1.87031514562e-08	-8.28719066703e-06
1.87230484258e-08	-1.02405515463e-05
1.87429453954e-08	-1.13473565762e-05
1.87628423651e-08	-1.14108997877e-05
1.87827393347e-08	-1.0349443528e-05
1.88026363043e-08	-8.2249443949e-06
1.8822533274e-08	-5.25243217453e-06
1.88424302436e-08	-1.78514972049e-06
1.88623272132e-08	1.73291789451e-06
1.88822241829e-08	4.83840904053e-06
1.89021211525e-08	7.12838914296e-06
1.89220181221e-08	8.33697413327e-06
1.89419150918e-08	8.38930236569e-06
1.89618120614e-08	7.41752637623e-06
1.8981709031e-08	5.72622593609e-06
1.90016060007e-08	3.72941474325e-06
1.90215029703e-08	1.86292362514e-06
1.904139994e-08	4.94305965049e-07
1.90612969096e-08	-1.44556551618e-07
1.90811938792e-08	1.10263620456e-09
1.91010908489e-08	8.09722649819e-07
1.91209878185e-08	2.01685588763e-06
1.91408847881e-08	3.28221256041e-06
1.91607817578e-08	4.26453220825e-06
1.91806787274e-08	4.6860313887e-06
1.9200575697e-08	4.38194160779e-06
1.92204726667e-08	3.31215665028e-06
1.92403696363e-08	1.55563787985e-06
1.92602666059e-08	-7.13365949423e-07
1.92801635756e-08	-3.25569840243e-06
1.93000605452e-08	-5.79345669394e-06
1.93199575148e-08	-8.03962575446e-06
1.93398544845e-08	-9.72302086666e-06
1.93597514541e-08	-1.06127317849e-05
1.93796484237e-08	-1.05481731225e-05
1.93995453934e-08	-9.46987029238e-06
1.9419442363e-08	-7.44221370041e-06
1.94393393326e-08	-4.66527558274e-06
1.94592363023e-08	-1.46075296925e-06
1.94791332719e-08	1.76955694542e-06
1.94990302415e-08	4.6091497552e-06
1.95189272112e-08	6.70134863867e-06
1.95388241808e-08	7.81506378189e-06
1.95587211504e-08	7.88658235251e-06
1.95786181201e-08	7.0333342137e-06
1.95985150897e-08	5.52607639293e-06
1.96184120593e-08	3.73206808035e-06
1.9638309029e-08	2.0412782078e-06
1.96582059986e-08	7.85867769082e-07
1.96781029682e-08	1.73424119509e-07
1.96979999379e-08	2.53250703963e-07
1.97178969075e-08	9.18482470524e-07
1.97377938771e-08	1.93773468027e-06
1.97576908468e-08	3.01101329114e-06
1.97775878164e-08	3.83473843613e-06
1.97974847861e-08	4.15847080149e-06
1.98173817557e-08	3.82515281672e-06
1.98372787253e-08	2.79255289115e-06
1.9857175695e-08	1.13304349725e-06
1.98770726646e-08	-9.90189789718e-07
1.98969696342e-08	-3.35048673605e-06
1.99168666039e-08	-5.68682139601e-06
1.99367635735e-08	-7.73213878347e-06
1.99566605431e-08	-9.23800644159e-06
1.99765575128e-08	-9.99574649541e-06
1.99964544824e-08	-9.86589293461e-06
2.0016351452e-08	-8.8045794655e-06
2.00362484217e-08	-6.88249269842e-06
2.00561453913e-08	-4.29148894909e-06
2.00760423609e-08	-1.32449815737e-06
2.00959393306e-08	1.65843357536e-06
2.01158363002e-08	4.28522844231e-06
2.01357332698e-08	6.23741311756e-06
2.01556302395e-08	7.30351507627e-06
2.01755272091e-08	7.42306542634e-06
2.01954241787e-08	6.69757400829e-06
2.02153211484e-08	5.36841389476e-06
2.0235218118e-08	3.76527293611e-06
2.02551150876e-08	2.23786241804e-06
2.02750120573e-08	1.08353094674e-06
2.02949090269e-08	4.9562046911e-07
2.03148059965e-08	5.25955726971e-07
2.03347029662e-08	1.08592684001e-06
2.03545999358e-08	1.97069880414e-06
2.03744969054e-08	2.9063388638e-06
2.03943938751e-08	3.61095476364e-06
2.04142908447e-08	3.84950317311e-06
2.04341878143e-08	3.47711522863e-06
2.0454084784e-08	2.45534340593e-06
2.04739817536e-08	8.50946179298e-07
2.04938787232e-08	-1.1825482602e-06
2.05137756929e-08	-3.43061435615e-06
2.05336726625e-08	-5.64480183129e-06
2.05535696322e-08	-7.56752956477e-06
2.05734666018e-08	-8.9630225375e-06
2.05933635714e-08	-9.6400071925e-06
2.06132605411e-08	-9.47526177697e-06
2.06331575107e-08	-8.43659836391e-06
2.06530544803e-08	-6.59527404423e-06
2.067295145e-08	-4.12880763179e-06
2.06928484196e-08	-1.31073727516e-06
2.07127453892e-08	1.52480401994e-06
2.07326423589e-08	4.03156195716e-06
2.07525393285e-08	5.9127669374e-06
2.07724362981e-08	6.97343489264e-06
2.07923332678e-08	7.15733153811e-06
2.08122302374e-08	6.55300664221e-06
2.0832127207e-08	5.37531877853e-06
2.08520241767e-08	3.92100082536e-06
2.08719211463e-08	2.50855680406e-06
2.08918181159e-08	1.41524714081e-06
2.09117150856e-08	8.23268123895e-07
2.09316120552e-08	7.86099917605e-07
2.09515090248e-08	1.22590370211e-06
2.09714059945e-08	1.95820643967e-06
2.09913029641e-08	2.73814816865e-06
2.10111999337e-08	3.31197747983e-06
2.10310969034e-08	3.46467857071e-06
2.1050993873e-08	3.05891285279e-06
2.10708908426e-08	2.05356957395e-06
2.10907878123e-08	5.08409300437e-07
2.11106847819e-08	-1.43022555221e-06
2.11305817515e-08	-3.55352835868e-06
2.11504787212e-08	-5.6224371292e-06
2.11703756908e-08	-7.39665574656e-06
2.11902726604e-08	-8.65743140821e-06
2.12101696301e-08	-9.22989602259e-06
2.12300665997e-08	-9.00530494619e-06
2.12499635693e-08	-7.9589726738e-06
2.1269860539e-08	-6.16661236563e-06
2.12897575086e-08	-3.80528433652e-06
2.13096544783e-08	-1.13586253292e-06
2.13295514479e-08	1.53145265358e-06
2.13494484175e-08	3.88223816117e-06
2.13693453872e-08	5.64764900446e-06
2.13892423568e-08	6.65086281515e-06
2.14091393264e-08	6.83803591528e-06
2.14290362961e-08	6.29127475804e-06
2.14489332657e-08	5.20875505572e-06
2.14688302353e-08	3.86731039725e-06
2.1488727205e-08	2.5598353659e-06
2.15086241746e-08	1.53843166117e-06
2.15285211442e-08	9.67773218008e-07
2.15484181139e-08	8.97461092109e-07
2.15683150835e-08	1.26120517052e-06
2.15882120531e-08	1.89554310737e-06
2.16081090228e-08	2.57488079569e-06
2.16280059924e-08	3.06179322251e-06
2.1647902962e-08	3.15466581924e-06
2.16677999317e-08	2.72612510344e-06
2.16876969013e-08	1.74181508328e-06
2.17075938709e-08	2.63070091933e-07
2.17274908406e-08	-1.5713517314e-06
2.17473878102e-08	-3.56592931894e-06
2.17672847798e-08	-5.49477476852e-06
2.17871817495e-08	-7.12596101948e-06
2.18070787191e-08	-8.25281313155e-06
2.18269756887e-08	-8.7166818048e-06
2.18468726584e-08	-8.4287298705e-06
2.1866769628e-08	-7.38350195206e-06
2.18866665976e-08	-5.66484800402e-06
2.19065635673e-08	-3.44161082921e-06
2.19264605369e-08	-9.53452655494e-07
2.19463575065e-08	1.5147824115e-06
2.19662544762e-08	3.6757808175e-06
2.19861514458e-08	5.28600639882e-06
2.20060484155e-08	6.19229604126e-06
2.20259453851e-08	6.35504943602e-06
2.20458423547e-08	5.85612724535e-06
2.20657393244e-08	4.87830561724e-06
2.2085636294e-08	3.66895892512e-06
2.21055332636e-08	2.49183403866e-06
2.21254302333e-08	1.57785035526e-06
2.21453272029e-08	1.07773331592e-06
2.21652241725e-08	1.03617315972e-06
2.21851211422e-08	1.38442663911e-06
2.22050181118e-08	1.96468420199e-06
2.22249150814e-08	2.56530086062e-06
2.22448120511e-08	2.96973030345e-06
2.22647090207e-08	2.99482292121e-06
2.22846059903e-08	2.52638108122e-06
2.230450296e-08	1.53332490527e-06
2.23243999296e-08	7.68693375619e-08
2.23442968992e-08	-1.70484582895e-06
2.23641938689e-08	-3.6153411429e-06
2.23840908385e-08	-5.43509554518e-06
2.24039878081e-08	-6.9469203936e-06
2.24238847778e-08	-7.96337099018e-06
2.24437817474e-08	-8.34466163724e-06
2.2463678717e-08	-8.01449959908e-06
2.24835756867e-08	-6.97356767887e-06
2.25034726563e-08	-5.3070730246e-06
2.25233696259e-08	-3.18294451063e-06
2.25432665956e-08	-8.30837620924e-07
2.25631635652e-08	1.48524742372e-06
2.25830605348e-08	3.50741174771e-06
2.26029575045e-08	5.01880685988e-06
2.26228544741e-08	5.8835287291e-06
2.26427514437e-08	6.06372668699e-06
2.26626484134e-08	5.63264802622e-06
2.2682545383e-08	4.75726096738e-06
2.27024423526e-08	3.66693598153e-06
2.27223393223e-08	2.60159822574e-06
2.27422362919e-08	1.7656733462e-06
2.27621332616e-08	1.29063539589e-06
2.27820302312e-08	1.21270647924e-06
2.28019272008e-08	1.47298521824e-06
2.28218241705e-08	1.93300138562e-06
2.28417211401e-08	2.4051573746e-06
2.28616181097e-08	2.69076986115e-06
2.28815150794e-08	2.62440482857e-06
2.2901412049e-08	2.10418613733e-06
2.29213090186e-08	1.11232361633e-06
2.29412059883e-08	-2.8808433683e-07
2.29611029579e-08	-1.96502435301e-06
2.29809999275e-08	-3.73820648747e-06
2.30008968972e-08	-5.40489077139e-06
2.30207938668e-08	-6.76311924508e-06
2.30406908364e-08	-7.63833259043e-06
2.30605878061e-08	-7.90607327872e-06
2.30804847757e-08	-7.50783669901e-06
2.31003817453e-08	-6.45984346193e-06
2.3120278715e-08	-4.85136729367e-06
2.31401756846e-08	-2.83885015051e-06
2.31600726542e-08	-6.31564148534e-07
2.31799696239e-08	1.53059511376e-06
2.31998665935e-08	3.41304269114e-06
2.32197635631e-08	4.81912798023e-06
2.32396605328e-08	5.62783861824e-06
2.32595575024e-08	5.81250537834e-06
2.3279454472e-08	5.44237468603e-06
2.32993514417e-08	4.66562028123e-06
2.33192484113e-08	3.68164023712e-06
2.33391453809e-08	2.70361044841e-06
2.33590423506e-08	1.91696619822e-06
2.33789393202e-08	1.44351503195e-06
2.33988362898e-08	1.31969176209e-06
2.34187332595e-08	1.49278577055e-06
2.34386302291e-08	1.83485531124e-06
2.34585271987e-08	2.1786314619e-06
2.34784241684e-08	2.35198444898e-06
2.3498321138e-08	2.21186883209e-06
2.35182181077e-08	1.66959387116e-06
2.35381150773e-08	7.08206329136e-07
2.35580120469e-08	-6.14496570961e-07
2.35779090166e-08	-2.17488536691e-06
2.35978059862e-08	-3.80179142212e-06
2.36177029558e-08	-5.30607758265e-06
2.36375999255e-08	-6.50579272587e-06
2.36574968951e-08	-7.24848496247e-06
2.36773938647e-08	-7.42755537431e-06
2.36972908344e-08	-6.99452425579e-06
2.3717187804e-08	-5.96632753513e-06
2.37370847736e-08	-4.43011640527e-06
2.37569817433e-08	-2.53616747159e-06
2.37768787129e-08	-4.80718910012e-07
2.37967756825e-08	1.51873126697e-06
2.38166726522e-08	3.25512291965e-06
2.38365696218e-08	4.55718054582e-06
2.38564665914e-08	5.31796649739e-06
2.38763635611e-08	5.51026982976e-06
2.38962605307e-08	5.19375294061e-06
2.39161575003e-08	4.50271522823e-06
2.393605447e-08	3.61959314432e-06
2.39559514396e-08	2.73809473583e-06
2.39758484092e-08	2.02223850465e-06
2.39957453789e-08	1.57767198061e-06
2.40156423485e-08	1.43613107184e-06
2.40355393181e-08	1.55315348138e-06
2.40554362878e-08	1.81843023483e-06
2.40753332574e-08	2.08331721296e-06
2.4095230227e-08	2.18854472678e-06
2.41151271967e-08	2.00133001726e-06
2.41350241663e-08	1.44164698668e-06
2.41549211359e-08	4.98855513342e-07
2.41748181056e-08	-7.69491578012e-07
2.41947150752e-08	-2.24734560561e-06
2.42146120448e-08	-3.77967501208e-06
2.42345090145e-08	-5.19149193678e-06
2.42544059841e-08	-6.3117429363e-06
2.42743029538e-08	-6.99519341651e-06
2.42941999234e-08	-7.14083898856e-06
2.4314096893e-08	-6.70749363962e-06
2.43339938627e-08	-5.71732402932e-06
2.43538908323e-08	-4.25498524237e-06
2.43737878019e-08	-2.45893090778e-06
2.43936847716e-08	-5.08629597107e-07
2.44135817412e-08	1.39609312555e-06
2.44334787108e-08	3.05938647216e-06
2.44533756805e-08	4.3207296585e-06
2.44732726501e-08	5.0806404488e-06
2.44931696197e-08	5.31452496944e-06
2.45130665894e-08	5.07621257384e-06
2.4532963559e-08	4.48517812401e-06
2.45528605286e-08	3.70110240056e-06
2.45727574983e-08	2.89594765945e-06
2.45926544679e-08	2.22029314045e-06
2.46125514375e-08	1.77609928187e-06
2.46324484072e-08	1.59575256475e-06
2.46523453768e-08	1.6403457721e-06
2.46722423464e-08	1.81124573828e-06
2.46921393161e-08	1.97576002847e-06
2.47120362857e-08	1.99383350719e-06
2.47319332553e-08	1.74968840838e-06
2.4751830225e-08	1.17237448194e-06
2.47717271946e-08	2.49549785281e-07
2.47916241642e-08	-9.6791174542e-07
2.48115211339e-08	-2.37184156049e-06
2.48314181035e-08	-3.81370341529e-06
2.48513150731e-08	-5.12805945618e-06
2.48712120428e-08	-6.15613635091e-06
2.48911090124e-08	-6.76450144965e-06
2.4911005982e-08	-6.86233579472e-06
2.49309029517e-08	-6.41361543785e-06
2.49507999213e-08	-5.43940382158e-06
2.49706968909e-08	-4.02142632083e-06
2.49905938606e-08	-2.29498471072e-06
2.50104908302e-08	-4.3219417023e-07
2.50303877999e-08	1.37944715561e-06
2.50502847695e-08	2.96114137655e-06
2.50701817391e-08	4.16677607973e-06
2.50900787088e-08	4.90435741085e-06
2.51099756784e-08	5.14976090926e-06
2.5129872648e-08	4.94874711876e-06
2.51497696177e-08	4.41021120423e-06
2.51696665873e-08	3.68298788089e-06
2.51895635569e-08	2.92656454803e-06
2.52094605266e-08	2.278457373e-06
2.52293574962e-08	1.83239245644e-06
2.52492544658e-08	1.6190492147e-06
2.52691514355e-08	1.60695401519e-06
2.52890484051e-08	1.71081632061e-06
2.53089453747e-08	1.81118195997e-06
2.53288423444e-08	1.77969650395e-06
2.5348739314e-08	1.50823899503e-06
2.53686362836e-08	9.32103631612e-07
2.53885332533e-08	4.27111253032e-08
2.54084302229e-08	-1.10926652042e-06
2.54283271925e-08	-2.42338489898e-06
2.54482241622e-08	-3.76167884042e-06
2.54681211318e-08	-4.97237829222e-06
2.54880181014e-08	-5.90660988564e-06
2.55079150711e-08	-6.43980888526e-06
2.55278120407e-08	-6.48849322715e-06
2.55477090103e-08	-6.02297177466e-06
2.556760598e-08	-5.06937794853e-06
2.55875029496e-08	-3.7100398913e-06
2.56073999192e-08	-2.07269465591e-06
2.56272968889e-08	-3.17739818456e-07
2.56471938585e-08	1.38008329031e-06
2.56670908281e-08	2.8556602274e-06
2.56869877978e-08	3.97466124014e-06
2.57068847674e-08	4.65471725875e-06
2.5726781737e-08	4.87800161864e-06
2.57466787067e-08	4.6910652145e-06
2.57665756763e-08	4.19507159677e-06
2.5786472646e-08	3.52591359842e-06
2.58063696156e-08	2.82855569367e-06
2.58262665852e-08	2.22906987801e-06
2.58461635549e-08	1.81286276302e-06
2.58660605245e-08	1.60818456152e-06
2.58859574941e-08	1.58455975452e-06
2.59058544638e-08	1.66038688576e-06
2.59257514334e-08	1.72455850134e-06
2.5945648403e-08	1.66080127428e-06
2.59655453727e-08	1.37152403568e-06
2.59854423423e-08	7.98022881554e-07
2.60053393119e-08	-6.56731273807e-08
2.60252362816e-08	-1.17148795198e-06
2.60451332512e-08	-2.4234960847e-06
2.60650302208e-08	-3.68973712739e-06
2.60849271905e-08	-4.82391214973e-06
2.61048241601e-08	-5.68632071918e-06
2.61247211297e-08	-6.16237957729e-06
2.61446180994e-08	-6.17799537395e-06
2.6164515069e-08	-5.7076322264e-06
2.61844120386e-08	-4.77986350234e-06
2.62043090083e-08	-3.47423679159e-06
2.62242059779e-08	-1.91376170733e-06
2.62441029475e-08	-2.51034123266e-07
2.62639999172e-08	1.35000249202e-06
2.62838968868e-08	2.7374411502e-06
2.63037938564e-08	3.79083496682e-06
2.63236908261e-08	4.43756061941e-06
2.63435877957e-08	4.66218079964e-06
2.63634847653e-08	4.50738593827e-06
2.6383381735e-08	4.06589833801e-06
2.64032787046e-08	3.46134083884e-06
2.64231756742e-08	2.8260635645e-06
2.64430726439e-08	2.27451732826e-06
2.64629696135e-08	1.88202886875e-06
2.64828665832e-08	1.67115939576e-06
2.65027635528e-08	1.61313107583e-06
2.65226605224e-08	1.63437590572e-06
2.65425574921e-08	1.63505677619e-06
2.65624544617e-08	1.51125163939e-06
2.65823514313e-08	1.17599108762e-06
2.6602248401e-08	5.78378745786e-07
2.66221453706e-08	-2.82640201021e-07
2.66420423402e-08	-1.3568679833e-06
2.66619393099e-08	-2.55005954841e-06
2.66818362795e-08	-3.73764623873e-06
2.67017332491e-08	-4.78342190036e-06
2.67216302188e-08	-5.55875385544e-06
2.67415271884e-08	-5.95917731516e-06
2.6761424158e-08	-5.91795901528e-06
2.67813211277e-08	-5.41556960343e-06
2.68012180973e-08	-4.48542505183e-06
2.68211150669e-08	-3.20804292642e-06
2.68410120366e-08	-1.70349761675e-06
2.68609090062e-08	-1.14878201174e-07
2.68808059758e-08	1.40638775292e-06
2.69007029455e-08	2.72214640518e-06
2.69205999151e-08	3.72138549665e-06
2.69404968847e-08	4.3376553549e-06
2.69603938544e-08	4.55758868156e-06
2.6980290824e-08	4.42241548626e-06
2.70001877936e-08	4.01794250138e-06
2.70200847633e-08	3.45725663919e-06
2.70399817329e-08	2.8589562362e-06
2.70598787025e-08	2.32479283113e-06
2.70797756722e-08	1.92271744481e-06
2.70996726418e-08	1.67684646613e-06
2.71195696114e-08	1.56285909725e-06
2.71394665811e-08	1.51602091591e-06
2.71593635507e-08	1.44736776519e-06
2.71792605203e-08	1.26295310565e-06
2.719915749e-08	8.88000499799e-07
2.72190544596e-08	2.81806848079e-07
2.72389514293e-08	-5.51443292807e-07
2.72588483989e-08	-1.56423925546e-06
2.72787453685e-08	-2.6698273814e-06
2.72986423382e-08	-3.75382307993e-06
2.73185393078e-08	-4.69123187941e-06
2.73384362774e-08	-5.36400830242e-06
2.73583332471e-08	-5.67844517718e-06
2.73782302167e-08	-5.57889916308e-06
2.73981271863e-08	-5.05542107021e-06
2.7418024156e-08	-4.14282703787e-06
2.74379211256e-08	-2.91741321234e-06
2.74578180952e-08	-1.49003847127e-06
2.74777150649e-08	5.70421221369e-09
2.74976120345e-08	1.43060344726e-06
2.75175090041e-08	2.65695177859e-06
2.75374059738e-08	3.58567967851e-06
2.75573029434e-08	4.1610524022e-06
2.7577199913e-08	4.37458493252e-06
2.75970968827e-08	4.26295400757e-06
2.76169938523e-08	3.90194895772e-06
2.76368908219e-08	3.39205530508e-06
2.76567877916e-08	2.8408152275e-06
2.76766847612e-08	2.34160359014e-06
2.76965817308e-08	1.95593838725e-06
2.77164787005e-08	1.70353621343e-06
2.77363756701e-08	1.55981541639e-06
2.77562726397e-08	1.4670724795e-06
2.77761696094e-08	1.34805850394e-06
2.7796066579e-08	1.12280264375e-06
2.78159635486e-08	7.25488348507e-07
2.78358605183e-08	1.1975719616e-07
2.78557574879e-08	-6.90968477102e-07
2.78756544575e-08	-1.65958931575e-06
2.78955514272e-08	-2.70286523119e-06
2.79154483968e-08	-3.71270607502e-06
2.79353453664e-08	-4.57450664726e-06
2.79552423361e-08	-5.18260389981e-06
2.79751393057e-08	-5.45325247003e-06
2.79950362754e-08	-5.33532943336e-06
2.8014933245e-08	-4.81873166791e-06
2.80348302146e-08	-3.93715595237e-06
2.80547271843e-08	-2.76567925539e-06
2.80746241539e-08	-1.41044534985e-06
2.80945211235e-08	4.43323600052e-09
2.81144180932e-08	1.35261052492e-06
2.81343150628e-08	2.51930168815e-06
2.81542120324e-08	3.41389136338e-06
2.81741090021e-08	3.98228871745e-06
2.81940059717e-08	4.21257595917e-06
2.82139029413e-08	4.13958991885e-06
2.8233799911e-08	3.83236647394e-06
2.82536968806e-08	3.38251345511e-06
2.82735938502e-08	2.88509284019e-06
2.82934908199e-08	2.42073372192e-06
2.83133877895e-08	2.04411594495e-06
2.83332847591e-08	1.77605505769e-06
2.83531817288e-08	1.59883836659e-06
2.83730786984e-08	1.4627093492e-06
2.8392975668e-08	1.29701578544e-06
2.84128726377e-08	1.02881949715e-06
2.84327696073e-08	6.00391103944e-07
2.84526665769e-08	-1.58866946265e-08
2.84725635466e-08	-8.11940907397e-07
2.84924605162e-08	-1.74329801439e-06
2.85123574858e-08	-2.7349890388e-06
2.85322544555e-08	-3.68815278762e-06
2.85521514251e-08	-4.49500475952e-06
2.85720483947e-08	-5.05454636368e-06
2.85919453644e-08	-5.28744703843e-06
2.8611842334e-08	-5.14928342454e-06
2.86317393036e-08	-4.63553078589e-06
2.86516362733e-08	-3.77969513465e-06
2.86715332429e-08	-2.65112862508e-06
2.86914302125e-08	-1.34724331247e-06
2.87113271822e-08	1.52657015917e-08
2.87312241518e-08	1.31459148633e-06
2.87511211215e-08	2.44065108745e-06
2.87710180911e-08	3.30815771576e-06
2.87909150607e-08	3.86954502574e-06
2.88108120304e-08	4.1149696699e-06
2.8830709e-08	4.07298261962e-06
2.88506059696e-08	3.80262008548e-06
2.88705029393e-08	3.38537518019e-06
2.88903999089e-08	2.90957132165e-06
2.89102968785e-08	2.45301964696e-06
2.89301938482e-08	2.06903700928e-06
2.89500908178e-08	1.77589072337e-06
2.89699877874e-08	1.55729730977e-06
2.89898847571e-08	1.37046367854e-06
2.90097817267e-08	1.15720041549e-06
2.90296786963e-08	8.56317058151e-07
2.9049575666e-08	4.17058103608e-07
2.90694726356e-08	-1.87524307194e-07
2.90893696052e-08	-9.51362721935e-07
2.91092665749e-08	-1.83192906889e-06
2.91291635445e-08	-2.75575087016e-06
2.91490605141e-08	-3.63013873539e-06
2.91689574838e-08	-4.35732022197e-06
2.91888544534e-08	-4.84885686092e-06
2.9208751423e-08	-5.03419187226e-06
2.92286483927e-08	-4.87159627482e-06
2.92485453623e-08	-4.3553748128e-06
2.92684423319e-08	-3.51900962414e-06
2.92883393016e-08	-2.43134991251e-06
2.93082362712e-08	-1.18900436519e-06
2.93281332408e-08	9.89269928198e-08
2.93480302105e-08	1.3220850974e-06
2.93679271801e-08	2.38130144226e-06
2.93878241497e-08	3.19703713103e-06
2.94077211194e-08	3.72327087916e-06
2.9427618089e-08	3.94942776438e-06
2.94475150586e-08	3.90430591324e-06
2.94674120283e-08	3.64728168734e-06
2.94873089979e-08	3.25535722823e-06
2.95072059676e-08	2.80745950931e-06
2.95271029372e-08	2.37160122651e-06
2.95469999068e-08	1.99585394967e-06
2.95668968765e-08	1.70042943637e-06
2.95867938461e-08	1.47367308045e-06
2.96066908157e-08	1.27717515852e-06
2.96265877854e-08	1.05470388689e-06
2.9646484755e-08	7.47363856135e-07
2.96663817246e-08	3.10343153842e-07
2.96862786943e-08	-2.76588252746e-07
2.97061756639e-08	-1.00449477713e-06
2.97260726335e-08	-1.83406530141e-06
2.97459696032e-08	-2.70022826498e-06
2.97658665728e-08	-3.51786491137e-06
2.97857635424e-08	-4.19403750129e-06
2.98056605121e-08	-4.64139770884e-06
2.98255574817e-08	-4.79390155306e-06
2.98454544513e-08	-4.61666263618e-06
2.9865351421e-08	-4.10898701375e-06
2.98852483906e-08	-3.30418538397e-06
2.99051453602e-08	-2.26582244522e-06
2.99250423299e-08	-1.082264248e-06
2.99449392995e-08	1.43561059929e-07
2.99648362691e-08	1.30435182655e-06
2.99847332388e-08	2.30481361996e-06
3.00046302084e-08	3.07419804813e-06
3.0024527178e-08	3.57274655016e-06
3.00444241477e-08	3.79423295271e-06
3.00643211173e-08	3.76392131329e-06
3.00842180869e-08	3.53286134214e-06
3.01041150566e-08	3.16951957302e-06
3.01240120262e-08	2.74929379884e-06
3.01439089958e-08	2.33739854139e-06
3.01638059655e-08	1.97741485408e-06
3.01837029351e-08	1.68434223724e-06
3.02035999048e-08	1.44505060007e-06
3.02234968744e-08	1.22417867487e-06
3.0243393844e-08	9.7442216429e-07
3.02632908137e-08	6.4584600068e-07
3.02831877833e-08	1.9908958393e-07
3.03030847529e-08	-3.86296704846e-07
3.03229817226e-08	-1.10097408879e-06
3.03428786922e-08	-1.90414129975e-06
3.03627756618e-08	-2.72958857295e-06
3.03826726315e-08	-3.4953376371e-06
3.04025696011e-08	-4.11620521845e-06
3.04224665707e-08	-4.51495816378e-06
3.04423635404e-08	-4.63158244202e-06
3.046226051e-08	-4.43285307483e-06
3.04821574796e-08	-3.91764524466e-06
3.05020544493e-08	-3.1195502288e-06
3.05219514189e-08	-2.1042883418e-06
3.05418483885e-08	-9.58868241696e-07
3.05617453582e-08	2.18826443188e-07
3.05816423278e-08	1.33155339199e-06
3.06015392974e-08	2.2920049787e-06
3.06214362671e-08	3.03336264551e-06
3.06413332367e-08	3.51558139755e-06
3.06612302063e-08	3.73204147763e-06
3.0681127176e-08	3.70754514734e-06
3.07010241456e-08	3.49312176695e-06
3.07209211152e-08	3.15213242175e-06
3.07408180849e-08	2.75060449439e-06
3.07607150545e-08	2.34566425661e-06
3.07806120241e-08	1.9769724986e-06
3.08005089938e-08	1.66116376477e-06
3.08204059634e-08	1.39004771427e-06
3.0840302933e-08	1.13246380806e-06
3.08601999027e-08	8.44877860118e-07
3.08800968723e-08	4.8249575002e-07
3.08999938419e-08	1.31683481897e-08
3.09198908116e-08	-5.74881084958e-07
3.09397877812e-08	-1.26892314256e-06
3.09596847509e-08	-2.0308425519e-06
3.09795817205e-08	-2.80036488221e-06
3.09994786901e-08	-3.50224013346e-06
3.10193756598e-08	-4.05641071666e-06
3.10392726294e-08	-4.39031805399e-06
3.1059169599e-08	-4.45096998192e-06
3.10790665687e-08	-4.21329559686e-06
3.10989635383e-08	-3.68230587355e-06
3.11188605079e-08	-2.89262936803e-06
3.11387574776e-08	-1.90476760054e-06
3.11586544472e-08	-8.010200645e-07
3.11785514168e-08	3.25980309412e-07
3.11984483865e-08	1.38358046797e-06
3.12183453561e-08	2.29005263463e-06
3.12382423257e-08	2.98548729916e-06
3.12581392954e-08	3.43742567566e-06
3.1278036265e-08	3.64162838196e-06
3.12979332346e-08	3.61976833574e-06
3.13178302043e-08	3.41631152878e-06
3.13377271739e-08	3.09046095026e-06
3.13576241435e-08	2.70381895007e-06
3.13775211132e-08	2.30963701142e-06
3.13974180828e-08	1.94481754079e-06
3.14173150524e-08	1.62200495879e-06
3.14372120221e-08	1.33271930736e-06
3.14571089917e-08	1.0506900594e-06
3.14770059613e-08	7.40526928666e-07
3.1496902931e-08	3.63466810427e-07
3.15167999006e-08	-1.08195955306e-07
3.15366968702e-08	-6.84962287778e-07
3.15565938399e-08	-1.35377734978e-06
3.15764908095e-08	-2.07650373341e-06
3.15963877791e-08	-2.79473385945e-06
3.16162847488e-08	-3.43938052083e-06
3.16361817184e-08	-3.93850268665e-06
3.1656078688e-08	-4.22839434577e-06
3.16759756577e-08	-4.26098131356e-06
3.16958726273e-08	-4.01292686547e-06
3.1715769597e-08	-3.49004005784e-06
3.17356665666e-08	-2.72687100278e-06
3.17555635362e-08	-1.78271221785e-06
3.17754605059e-08	-7.3478040008e-07
3.17953574755e-08	3.31755856564e-07
3.18152544451e-08	1.33322049578e-06
3.18351514148e-08	2.19487833419e-06
3.18550483844e-08	2.8608624234e-06
3.1874945354e-08	3.29958061229e-06
3.18948423237e-08	3.50712355157e-06
3.19147392933e-08	3.50448954123e-06
3.19346362629e-08	3.33285788656e-06
3.19545332326e-08	3.04363629766e-06
3.19744302022e-08	2.69061251856e-06
3.19943271718e-08	2.32111290188e-06
3.20142241415e-08	1.96833127575e-06
3.20341211111e-08	1.6453765852e-06
3.20540180807e-08	1.34552061581e-06
3.20739150504e-08	1.04542675672e-06
3.209381202e-08	7.12663364766e-07
3.21137089896e-08	3.15106063908e-07
3.21336059593e-08	-1.69240941261e-07
3.21535029289e-08	-7.4612776757e-07
3.21733998985e-08	-1.40124308246e-06
3.21932968682e-08	-2.09934637496e-06
3.22131938378e-08	-2.78554614397e-06
3.22330908074e-08	-3.3940054891e-06
3.22529877771e-08	-3.85745579479e-06
3.22728847467e-08	-4.11642167819e-06
3.22927817163e-08	-4.1287755721e-06
3.2312678686e-08	-3.87493082599e-06
3.23325756556e-08	-3.36198650075e-06
3.23524726252e-08	-2.62165087861e-06
3.23723695949e-08	-1.70983901171e-06
3.23922665645e-08	-6.99580368746e-07
3.24121635341e-08	3.27629550156e-07
3.24320605038e-08	1.29236343582e-06
3.24519574734e-08	2.12506154185e-06
3.24718544431e-08	2.77425715467e-06
3.24917514127e-08	3.21022787375e-06
3.25116483823e-08	3.42682778864e-06
3.2531545352e-08	3.44159434462e-06
3.25514423216e-08	3.29053227688e-06
3.25713392912e-08	3.02202590774e-06
3.25912362609e-08	2.68556937044e-06
3.26111332305e-08	2.32447155213e-06
3.26310302001e-08	1.96831683752e-06
3.26509271698e-08	1.630873669e-06
3.26708241394e-08	1.30787105945e-06
3.2690721109e-08	9.81777418474e-07
3.27106180787e-08	6.25953475719e-07
3.27305150483e-08	2.13334146792e-07
3.27504120179e-08	-2.75627115798e-07
3.27703089876e-08	-8.43759153213e-07
3.27902059572e-08	-1.47533467043e-06
3.28101029268e-08	-2.13542148231e-06
3.28299998965e-08	-2.77418985206e-06
3.28498968661e-08	-3.33225955274e-06
3.28697938357e-08	-3.74789249236e-06
3.28896908054e-08	-3.96725999963e-06
3.2909587775e-08	-3.95133724851e-06
3.29294847446e-08	-3.68301618892e-06
3.29493817143e-08	-3.17142735184e-06
3.29692786839e-08	-2.44969191954e-06
3.29891756535e-08	-1.57033275627e-06
3.30090726232e-08	-6.02085805212e-07
3.30289695928e-08	3.7985519441e-07
3.30488665624e-08	1.30020572442e-06
3.30687635321e-08	2.09292727504e-06
3.30886605017e-08	2.70884697784e-06
3.31085574713e-08	3.12118299917e-06
3.3128454441e-08	3.32576792061e-06
3.31483514106e-08	3.33876016612e-06
3.31682483802e-08	3.19303478591e-06
3.31881453499e-08	2.93169512133e-06
3.32080423195e-08	2.60071215052e-06
3.32279392892e-08	2.24190023346e-06
3.32478362588e-08	1.88505856613e-06
3.32677332284e-08	1.54284009568e-06
3.32876301981e-08	1.21202043601e-06
3.33075271677e-08	8.7697071649e-07
3.33274241373e-08	5.15534196666e-07
3.3347321107e-08	1.05020809826e-07
3.33672180766e-08	-3.6961897365e-07
3.33871150462e-08	-9.11486779387e-07
3.34070120159e-08	-1.50727640857e-06
3.34269089855e-08	-2.12425277368e-06
3.34468059551e-08	-2.71460919521e-06
3.34667029248e-08	-3.22274081554e-06
3.34865998944e-08	-3.59266812211e-06
3.3506496864e-08	-3.77602884782e-06
3.35263938337e-08	-3.73929299258e-06
3.35462908033e-08	-3.46715125943e-06
3.35661877729e-08	-2.96727046134e-06
3.35860847426e-08	-2.27045063639e-06
3.36059817122e-08	-1.42849194162e-06
3.36258786818e-08	-5.074001308e-07
3.36457756515e-08	4.21973609832e-07
3.36656726211e-08	1.29028120455e-06
3.36855695907e-08	2.03813715416e-06
3.37054665604e-08	2.62023365849e-06
3.372536353e-08	3.01010516068e-06
3.37452604996e-08	3.20234460105e-06
3.37651574693e-08	3.21335335229e-06
3.37850544389e-08	3.07515483655e-06
3.38049514085e-08	2.82856399281e-06
3.38248483782e-08	2.51513131388e-06
3.38447453478e-08	2.17131525915e-06
3.38646423174e-08	1.82276869509e-06
3.38845392871e-08	1.48364148345e-06
3.39044362567e-08	1.15252953492e-06
3.39243332263e-08	8.16176225271e-07
3.3944230196e-08	4.53092013686e-07
3.39641271656e-08	4.21348413937e-08
3.39840241353e-08	-4.29539682045e-07
3.40039211049e-08	-9.61055604876e-07
3.40238180745e-08	-1.53636432287e-06
3.40437150442e-08	-2.12501151964e-06
3.40636120138e-08	-2.68363749001e-06
3.40835089834e-08	-3.16036357617e-06
3.41034059531e-08	-3.5021836311e-06
3.41233029227e-08	-3.66124459106e-06
3.41431998923e-08	-3.60590479431e-06
3.4163096862e-08	-3.32502634137e-06
3.41829938316e-08	-2.82900759885e-06
3.42028908012e-08	-2.14829367451e-06
3.42227877709e-08	-1.33091612042e-06
3.42426847405e-08	-4.37841151779e-07
3.42625817101e-08	4.62971641468e-07
3.42824786798e-08	1.30354521843e-06
3.43023756494e-08	2.02522085146e-06
3.4322272619e-08	2.58620377735e-06
3.43421695887e-08	2.9641699939e-06
3.43620665583e-08	3.15498891723e-06
3.43819635279e-08	3.17201147482e-06
3.44018604976e-08	3.04221543956e-06
3.44217574672e-08	2.80236656636e-06
3.44416544368e-08	2.4927277309e-06
3.44615514065e-08	2.14964279621e-06
3.44814483761e-08	1.79768636599e-06
3.45013453457e-08	1.44815084013e-06
3.45212423154e-08	1.09891408329e-06
3.4541139285e-08	7.39724782761e-07
3.45610362546e-08	3.55288932496e-07
3.45809332243e-08	-6.92521417989e-08
3.46008301939e-08	-5.44259933122e-07
3.46207271635e-08	-1.06959726054e-06
3.46406241332e-08	-1.62978909657e-06
3.46605211028e-08	-2.19308753913e-06
3.46804180725e-08	-2.71577778221e-06
3.47003150421e-08	-3.14903536491e-06
3.47202120117e-08	-3.4456195408e-06
3.47401089814e-08	-3.56522696165e-06
3.4760005951e-08	-3.48104072145e-06
3.47799029206e-08	-3.18162960866e-06
3.47997998903e-08	-2.6768494763e-06
3.48196968599e-08	-1.99818623514e-06
3.48395938295e-08	-1.19521769193e-06
3.48594907992e-08	-3.28661144522e-07
3.48793877688e-08	5.38110185744e-07
3.48992847384e-08	1.34374641902e-06
3.49191817081e-08	2.03537149446e-06
3.49390786777e-08	2.57243630131e-06
3.49589756473e-08	2.93134883123e-06
3.4978872617e-08	3.10801090109e-06
3.49987695866e-08	3.11728342695e-06
3.50186665562e-08	2.98766371998e-06
3.50385635259e-08	2.75355785107e-06
3.50584604955e-08	2.44948034833e-06
3.50783574651e-08	2.10654218336e-06
3.50982544348e-08	1.7489601305e-06
3.51181514044e-08	1.38973371122e-06
3.5138048374e-08	1.03067236523e-06
3.51579453437e-08	6.62679894958e-07
3.51778423133e-08	2.69955691579e-07
3.51977392829e-08	-1.60855812226e-07
3.52176362526e-08	-6.35733044874e-07
3.52375332222e-08	-1.14884034019e-06
3.52574301918e-08	-1.68401271594e-06
3.52773271615e-08	-2.21300251724e-06
3.52972241311e-08	-2.69791451046e-06
3.53171211007e-08	-3.09370113882e-06
3.53370180704e-08	-3.35486936365e-06
3.535691504e-08	-3.4429912148e-06
3.53768120096e-08	-3.33462241997e-06
3.53967089793e-08	-3.02470346014e-06
3.54166059489e-08	-2.52643098975e-06
3.54365029186e-08	-1.86926286005e-06
3.54563998882e-08	-1.09732388864e-06
3.54762968578e-08	-2.66163780793e-07
3.54961938275e-08	5.62788471825e-07
3.55160907971e-08	1.32956409971e-06
3.55359877667e-08	1.98424493192e-06
3.55558847364e-08	2.4920686883e-06
3.5575781706e-08	2.83453948668e-06
3.55956786756e-08	3.00849455925e-06
3.56155756453e-08	3.02475507397e-06
3.56354726149e-08	2.90630737254e-06
3.56553695845e-08	2.68539201898e-06
3.56752665542e-08	2.39633379806e-06
3.56951635238e-08	2.06932395486e-06
3.57150604934e-08	1.72535061438e-06
3.57349574631e-08	1.3728418935e-06
3.57548544327e-08	1.01251640672e-06
3.57747514023e-08	6.3850743004e-07
3.5794648372e-08	2.41341084006e-07
3.58145453416e-08	-1.88708163762e-07
3.58344423112e-08	-6.57747222021e-07
3.58543392809e-08	-1.16190255994e-06
3.58742362505e-08	-1.68443187931e-06
3.58941332201e-08	-2.19519176881e-06
3.59140301898e-08	-2.65533037691e-06
3.59339271594e-08	-3.02361581817e-06
3.5953824129e-08	-3.26081567437e-06
3.59737210987e-08	-3.33449850132e-06
3.59936180683e-08	-3.22218249948e-06
3.60135150379e-08	-2.91682658826e-06
3.60334120076e-08	-2.4298203698e-06
3.60533089772e-08	-1.79197479611e-06
3.60732059468e-08	-1.04798891698e-06
3.60931029165e-08	-2.51537286999e-07
3.61129998861e-08	5.42231219924e-07
3.61328968557e-08	1.28035208036e-06
3.61527938254e-08	1.91624718582e-06
3.6172690795e-08	2.41350221586e-06
3.61925877647e-08	2.75171544217e-06
3.62124847343e-08	2.92767208521e-06
3.62323817039e-08	2.95354061564e-06
3.62522786736e-08	2.85199030259e-06
3.62721756432e-08	2.65030450919e-06
3.62920726128e-08	2.37677556925e-06
3.63119695825e-08	2.05701758205e-06
3.63318665521e-08	1.71220551692e-06
3.63517635217e-08	1.35515603006e-06
3.63716604914e-08	9.88802753454e-07
3.6391557461e-08	6.06271697734e-07
3.64114544306e-08	1.98643547833e-07
3.64313514003e-08	-2.41005771784e-07
3.64512483699e-08	-7.12848418516e-07
3.64711453395e-08	-1.20915507296e-06
3.64910423092e-08	-1.71230038859e-06
3.65109392788e-08	-2.1970807893e-06
3.65308362484e-08	-2.62932906026e-06
3.65507332181e-08	-2.9697212085e-06
3.65706301877e-08	-3.17879755585e-06
3.65905271573e-08	-3.22593518831e-06
3.6610424127e-08	-3.09416327582e-06
3.66303210966e-08	-2.78098991657e-06
3.66502180662e-08	-2.30003865909e-06
3.66701150359e-08	-1.67857069755e-06
3.66900120055e-08	-9.56865335411e-07
3.67099089751e-08	-1.85525941276e-07
3.67298059448e-08	5.80393191285e-07
3.67497029144e-08	1.28793902832e-06
3.6769599884e-08	1.89360559943e-06
3.67894968537e-08	2.36685662003e-06
3.68093938233e-08	2.69034831035e-06
3.68292907929e-08	2.85922760668e-06
3.68491877626e-08	2.8816430131e-06
3.68690847322e-08	2.77724871012e-06
3.68889817018e-08	2.57318458807e-06
3.69088786715e-08	2.29890599712e-06
3.69287756411e-08	1.98037230348e-06
3.69486726108e-08	1.63535844422e-06
3.69685695804e-08	1.27384839743e-06
3.698846655e-08	8.99873924709e-07
3.70083635197e-08	5.1240866128e-07
3.70282604893e-08	1.06506693243e-07
3.70481574589e-08	-3.2305584341e-07
3.70680544286e-08	-7.77822009468e-07
3.70879513982e-08	-1.25206429402e-06
3.71078483678e-08	-1.72780477214e-06
3.71277453375e-08	-2.17808701564e-06
3.71476423071e-08	-2.57022588812e-06
3.71675392767e-08	-2.8704524766e-06
3.71874362464e-08	-3.04602065171e-06
3.7207333216e-08	-3.07048833292e-06
3.72272301856e-08	-2.92692732273e-06
3.72471271553e-08	-2.61143145508e-06
3.72670241249e-08	-2.1375221877e-06
3.72869210945e-08	-1.53470125497e-06
3.73068180642e-08	-8.43195095968e-07
3.73267150338e-08	-1.09997913e-07
3.73466120034e-08	6.15764264467e-07
3.73665089731e-08	1.28705698899e-06
3.73864059427e-08	1.86160355042e-06
3.74063029123e-08	2.30840851145e-06
3.7426199882e-08	2.60963793153e-06
3.74460968516e-08	2.7631838293e-06
3.74659938212e-08	2.77940603155e-06
3.74858907909e-08	2.67711050128e-06
3.75057877605e-08	2.47913874318e-06
3.75256847301e-08	2.21067136863e-06
3.75455816998e-08	1.89558636521e-06
3.75654786694e-08	1.55379615308e-06
3.7585375639e-08	1.19695681633e-06
3.76052726087e-08	8.28961560728e-07
3.76251695783e-08	4.4675060451e-07
3.76450665479e-08	4.53402222433e-08
3.76649635176e-08	-3.77906985705e-07
3.76848604872e-08	-8.20657106715e-07
3.77047574569e-08	-1.27485441226e-06
3.77246544265e-08	-1.72564040213e-06
3.77445513961e-08	-2.15013756133e-06
3.77644483658e-08	-2.5175547762e-06
3.77843453354e-08	-2.7939560141e-06
3.7804242305e-08	-2.94801282053e-06
3.78241392747e-08	-2.95442180231e-06
3.78440362443e-08	-2.80049869161e-06
3.78639332139e-08	-2.48612991527e-06
3.78838301836e-08	-2.02401554361e-06
3.79037271532e-08	-1.43863309177e-06
3.79236241228e-08	-7.67806568547e-07
3.79435210925e-08	-5.80885934909e-08
3.79634180621e-08	6.41881484853e-07
3.79833150317e-08	1.28674531652e-06
3.80032120014e-08	1.83805587994e-06
3.8023108971e-08	2.26835618378e-06
3.80430059406e-08	2.56160615209e-06
3.80629029103e-08	2.71315525424e-06
3.80827998799e-08	2.72940781088e-06
3.81026968495e-08	2.62826597464e-06
3.81225938192e-08	2.43379543008e-06
3.81424907888e-08	2.17064985009e-06
3.81623877584e-08	1.86004956504e-06
3.81822847281e-08	1.51850781549e-06
3.82021816977e-08	1.15679563351e-06
3.82220786673e-08	7.80404747047e-07
3.8241975637e-08	3.90532036931e-07
3.82618726066e-08	-1.51281511762e-08
3.82817695762e-08	-4.39164608679e-07
3.83016665459e-08	-8.80336216369e-07
3.83215635155e-08	-1.32921007889e-06
3.83414604851e-08	-1.76856588041e-06
3.83613574548e-08	-2.17374611111e-06
3.83812544244e-08	-2.51633071002e-06
3.8401151394e-08	-2.7670714644e-06
3.84210483637e-08	-2.89785191399e-06
3.84409453333e-08	-2.88543367333e-06
3.8460842303e-08	-2.71654482731e-06
3.84807392726e-08	-2.39127120949e-06
3.85006362422e-08	-1.92445173752e-06
3.85205332119e-08	-1.34341144076e-06
3.85404301815e-08	-6.85305167281e-07
3.85603271511e-08	7.20640436214e-09
3.85802241208e-08	6.89111999463e-07
3.86001210904e-08	1.31680633331e-06
3.862001806e-08	1.85161962918e-06
3.86399150297e-08	2.2659530714e-06
3.86598119993e-08	2.54522069554e-06
3.86797089689e-08	2.68664462055e-06
3.86996059386e-08	2.69852114343e-06
3.87195029082e-08	2.59628654931e-06
3.87393998778e-08	2.39971052451e-06
3.87592968475e-08	2.13218845602e-06
3.87791938171e-08	1.81566639412e-06
3.87990907867e-08	1.46836612203e-06
3.88189877564e-08	1.10106697093e-06
3.8838884726e-08	7.18886639106e-07
3.88587816956e-08	3.22296131117e-07
3.88786786653e-08	-8.8979483337e-08
3.88985756349e-08	-5.13556756232e-07
3.89184726045e-08	-9.46915832856e-07
3.89383695742e-08	-1.38055031584e-06
3.89582665438e-08	-1.79922221832e-06
3.89781635134e-08	-2.18054935885e-06
3.89980604831e-08	-2.49702509336e-06
3.90179574527e-08	-2.71936744412e-06
3.90378544223e-08	-2.82200892343e-06
3.9057751392e-08	-2.78618369975e-06
3.90776483616e-08	-2.60313890976e-06
3.90975453312e-08	-2.27423868182e-06
3.91174423009e-08	-1.81270252142e-06
3.91373392705e-08	-1.24410593116e-06
3.91572362402e-08	-6.04801385862e-07
3.91771332098e-08	6.29680556585e-08
3.91970301794e-08	7.15464608447e-07
3.92169271491e-08	1.31230149236e-06
3.92368241187e-08	1.82049979003e-06
3.92567210883e-08	2.2149514507e-06
3.9276618058e-08	2.48057676799e-06
3.92965150276e-08	2.61332172613e-06
3.93164119972e-08	2.62128071427e-06
3.93363089669e-08	2.51985215982e-06
3.93562059365e-08	2.32999752825e-06
3.93761029061e-08	2.07223376947e-06
3.93959998758e-08	1.76552549647e-06
3.94158968454e-08	1.42512220691e-06
3.9435793815e-08	1.06239025399e-06
3.94556907847e-08	6.84271668661e-07
3.94755877543e-08	2.93392460549e-07
3.94954847239e-08	-1.11089320853e-07
3.95153816936e-08	-5.28800427446e-07
3.95352786632e-08	-9.54558998956e-07
3.95551756328e-08	-1.37717540838e-06
3.95750726025e-08	-1.78048259158e-06
3.95949695721e-08	-2.14258830056e-06
3.96148665417e-08	-2.43926820076e-06
3.96347635114e-08	-2.64502602931e-06
3.9654660481e-08	-2.73578598353e-06
3.96745574506e-08	-2.69264796771e-06
3.96944544203e-08	-2.5065266982e-06
3.97143513899e-08	-2.18122670503e-06
3.97342483595e-08	-1.73205938836e-06
3.97541453292e-08	-1.18401936788e-06
3.97740422988e-08	-5.69836799968e-07
3.97939392684e-08	7.15671220064e-08
3.98138362381e-08	6.99573320162e-07
3.98337332077e-08	1.27476380385e-06
3.98536301773e-08	1.76398924623e-06
3.9873527147e-08	2.14359749862e-06
3.98934241166e-08	2.40168208165e-06
3.99133210863e-08	2.53549910667e-06
3.99332180559e-08	2.55049826592e-06
3.99531150255e-08	2.4588019869e-06
3.99730119952e-08	2.27853138313e-06
3.99929089648e-08	2.02973819796e-06
4.00128059344e-08	1.73156968231e-06
4.00327029041e-08	1.39903471563e-06
4.00525998737e-08	1.04180026028e-06
4.00724968433e-08	6.64866774969e-07
4.0092393813e-08	2.71963045861e-07
4.01122907826e-08	-1.3356544315e-07
4.01321877522e-08	-5.48585944671e-07
4.01520847219e-08	-9.67440541899e-07
4.01719816915e-08	-1.38019385076e-06
4.01918786611e-08	-1.77138673507e-06
4.02117756308e-08	-2.1193958446e-06
4.02316726004e-08	-2.39879659603e-06
4.025156957e-08	-2.58510920048e-06
4.02714665397e-08	-2.6578862844e-06
4.02913635093e-08	-2.60265119323e-06
4.03112604789e-08	-2.41192867634e-06
4.03311574486e-08	-2.08849564842e-06
4.03510544182e-08	-1.64589192764e-06
4.03709513878e-08	-1.10883684101e-06
4.03908483575e-08	-5.11311185392e-07
4.04107453271e-08	1.084883543e-07
4.04306422967e-08	7.12742121323e-07
4.04505392664e-08	1.26597484496e-06
4.0470436236e-08	1.73767466549e-06
4.04903332056e-08	2.104811756e-06
4.05102301753e-08	2.35273751059e-06
4.05301271449e-08	2.47835623668e-06
4.05500241145e-08	2.48822482263e-06
4.05699210842e-08	2.39564167259e-06
4.05898180538e-08	2.21746734042e-06
4.06097150234e-08	1.97025019588e-06
4.06296119931e-08	1.67102001569e-06
4.06495089627e-08	1.33500691391e-06
4.06694059324e-08	9.74342697191e-07
4.0689302902e-08	5.96504833084e-07
4.07091998716e-08	2.05729620006e-07
4.07290968413e-08	-1.96151418663e-07
4.07489938109e-08	-6.05189285352e-07
4.07688907805e-08	-1.01356033611e-06
4.07887877502e-08	-1.40885083511e-06
4.08086847198e-08	-1.77532137968e-06
4.08285816894e-08	-2.09514234939e-06
4.08484786591e-08	-2.34681090205e-06
4.08683756287e-08	-2.50803077506e-06
4.08882725983e-08	-2.55858935816e-06
4.0908169568e-08	-2.48454250595e-06
4.09280665376e-08	-2.28103317568e-06
4.09479635072e-08	-1.95408847503e-06
4.09678604769e-08	-1.51869397769e-06
4.09877574465e-08	-9.98408779651e-07
4.10076544161e-08	-4.22663973154e-07
4.10275513858e-08	1.73344908205e-07
4.10474483554e-08	7.5136159694e-07
4.1067345325e-08	1.27647399495e-06
4.10872422947e-08	1.72021088929e-06
4.11071392643e-08	2.06240531497e-06
4.11270362339e-08	2.29197110002e-06
4.11469332036e-08	2.40607346313e-06
4.11668301732e-08	2.40830036091e-06
4.11867271428e-08	2.30998489315e-06
4.12066241125e-08	2.12761244711e-06
4.12265210821e-08	1.87971318155e-06
4.12464180517e-08	1.58375632964e-06
4.12663150214e-08	1.25302983633e-06
4.1286211991e-08	8.97054405868e-07
4.13061089606e-08	5.23275105024e-07
4.13260059303e-08	1.38021256646e-07
4.13459028999e-08	-2.54003552413e-07
4.13657998695e-08	-6.4787244014e-07
4.13856968392e-08	-1.03776233118e-06
4.14055938088e-08	-1.41385265806e-06
4.14254907785e-08	-1.76050457412e-06
4.14453877481e-08	-2.05867672776e-06
4.14652847177e-08	-2.28682301895e-06
4.14851816874e-08	-2.42574515141e-06
4.1505078657e-08	-2.45941396315e-06
4.15249756266e-08	-2.37640779233e-06
4.15448725963e-08	-2.17153876747e-06
4.15647695659e-08	-1.84880434517e-06
4.15846665355e-08	-1.42190646102e-06
4.16045635052e-08	-9.15530023349e-07
4.16244604748e-08	-3.59981427778e-07
4.16443574444e-08	2.11407829909e-07
4.16642544141e-08	7.64899965588e-07
4.16841513837e-08	1.26922230947e-06
4.17040483533e-08	1.6967250076e-06
4.1723945323e-08	2.02616206479e-06
4.17438422926e-08	2.24501172852e-06
4.17637392622e-08	2.35144068483e-06
4.17836362319e-08	2.35127743053e-06
4.18035332015e-08	2.2555286705e-06
4.18234301711e-08	2.07791470075e-06
4.18433271408e-08	1.83380393537e-06
4.18632241104e-08	1.53881524056e-06
4.188312108e-08	1.20780669022e-06
4.19030180497e-08	8.52854213917e-07
4.19229150193e-08	4.81534044638e-07
4.19428119889e-08	9.80978178688e-08
4.19627089586e-08	-2.93027682119e-07
4.19826059282e-08	-6.85529187194e-07
4.20025028978e-08	-1.07073049094e-06
4.20223998675e-08	-1.43639550743e-06
4.20422968371e-08	-1.76881928837e-06
4.20621938067e-08	-2.05175160772e-06
4.20820907764e-08	-2.26572444717e-06
4.2101987746e-08	-2.39119822254e-06
4.21218847156e-08	-2.41116799771e-06
4.21417816853e-08	-2.31501451253e-06
4.21616786549e-08	-2.10105008591e-06
4.21815756246e-08	-1.77591067541e-06
4.22014725942e-08	-1.35319726269e-06
4.22213695638e-08	-8.54709554687e-07
4.22412665335e-08	-3.08322526621e-07
4.22611635031e-08	2.5275917892e-07
4.22810604727e-08	7.93982650293e-07
4.23009574424e-08	1.28383680931e-06
4.2320854412e-08	1.69684494722e-06
4.23407513816e-08	2.01513546472e-06
4.23606483513e-08	2.22777430281e-06
4.23805453209e-08	2.33038997521e-06
4.24004422905e-08	2.32624597629e-06
4.24203392602e-08	2.22581957132e-06
4.24402362298e-08	2.04443324492e-06
4.24601331994e-08	1.79806880851e-06
4.24800301691e-08	1.50218380668e-06
4.24999271387e-08	1.16937707162e-06
4.25198241083e-08	8.09765310805e-07
4.2539721078e-08	4.32537262895e-07
4.25596180476e-08	4.61003999419e-08
4.25795150172e-08	-3.4379731062e-07
4.25994119869e-08	-7.31140602284e-07
4.26193089565e-08	-1.10878335136e-06
4.26392059261e-08	-1.46527463585e-06
4.26591028958e-08	-1.78510890692e-06
4.26789998654e-08	-2.05052515412e-06
4.2698896835e-08	-2.24381358294e-06
4.27187938047e-08	-2.34877711591e-06
4.27386907743e-08	-2.35209495258e-06
4.27585877439e-08	-2.24463883569e-06
4.27784847136e-08	-2.0234317617e-06
4.27983816832e-08	-1.69411498518e-06
4.28182786528e-08	-1.27231999159e-06
4.28381756225e-08	-7.8153971117e-07
4.28580725921e-08	-2.49878056024e-07
4.28779695617e-08	2.9228816345e-07
4.28978665314e-08	8.14227888668e-07
4.2917763501e-08	1.28668438037e-06
4.29376604707e-08	1.68351169805e-06
4.29575574403e-08	1.98603606805e-06
4.29774544099e-08	2.18450952616e-06
4.29973513796e-08	2.27641419315e-06
4.30172483492e-08	2.26760528221e-06
4.30371453188e-08	2.16717330659e-06
4.30570422885e-08	1.98709494725e-06
4.30769392581e-08	1.74181832335e-06
4.30968362277e-08	1.44745109765e-06
4.31167331974e-08	1.11780883572e-06
4.3136630167e-08	7.64301887557e-07
4.31565271366e-08	3.94751737076e-07
4.31764241063e-08	1.5017836752e-08
4.31963210759e-08	-3.68531161143e-07
4.32162180455e-08	-7.47661005107e-07
4.32361150152e-08	-1.11294201588e-06
4.32560119848e-08	-1.4536073536e-06
4.32759089544e-08	-1.75648636969e-06
4.32958059241e-08	-2.00662100269e-06
4.33157028937e-08	-2.18647664951e-06
4.33355998633e-08	-2.27914517836e-06
4.3355496833e-08	-2.27162047395e-06
4.33753938026e-08	-2.15713134821e-06
4.33952907722e-08	-1.93563482753e-06
4.34151877419e-08	-1.61418830658e-06
4.34350847115e-08	-1.20620819644e-06
4.34549816811e-08	-7.32254250124e-07
4.34748786508e-08	-2.19018460257e-07
4.34947756204e-08	3.02802263263e-07
4.351467259e-08	8.02284546353e-07
4.35345695597e-08	1.25260226014e-06
4.35544665293e-08	1.63136928677e-06
4.35743634989e-08	1.92202571725e-06
4.35942604686e-08	2.1143084723e-06
4.36141574382e-08	2.20454182909e-06
4.36340544079e-08	2.19611888497e-06
4.36539513775e-08	2.0987318976e-06
4.36738483471e-08	1.92567034674e-06
4.36937453168e-08	1.69106749581e-06
4.37136422864e-08	1.4072836052e-06
4.3733539256e-08	1.08615455474e-06
4.37534362257e-08	7.38861814398e-07
4.37733331953e-08	3.74850358753e-07
4.37932301649e-08	1.93789606584e-09
4.38131271346e-08	-3.73388360231e-07
4.38330241042e-08	-7.44495764593e-07
4.38529210738e-08	-1.10244701546e-06
4.38728180435e-08	-1.43571213584e-06
4.38927150131e-08	-1.72875081716e-06
4.39126119827e-08	-1.96627001969e-06
4.39325089524e-08	-2.13321959563e-06
4.3952405922e-08	-2.21601567318e-06
4.39723028916e-08	-2.20219362745e-06
4.39921998613e-08	-2.08474136798e-06
4.40120968309e-08	-1.86293721072e-06
4.40319938005e-08	-1.54394609808e-06
4.40518907702e-08	-1.14303543342e-06
4.40717877398e-08	-6.81926934476e-07
4.40916847094e-08	-1.85585385282e-07
4.41115816791e-08	3.18881205885e-07
4.41314786487e-08	8.02706011882e-07
4.41513756183e-08	1.23887645032e-06
4.4171272588e-08	1.60412986361e-06
4.41911695576e-08	1.8826226551e-06
4.42110665272e-08	2.06530751257e-06
4.42309634969e-08	2.15047737129e-06
4.42508604665e-08	2.14101260099e-06
4.42707574361e-08	2.04436071272e-06
4.42906544058e-08	1.87155382037e-06
4.43105513754e-08	1.63608285675e-06
4.4330448345e-08	1.35244800958e-06
4.43503453147e-08	1.03330978618e-06
4.43702422843e-08	6.88814537853e-07
4.4390139254e-08	3.27218785401e-07
4.44100362236e-08	-4.38401528413e-08
4.44299331932e-08	-4.15428516476e-07
4.44498301629e-08	-7.7879286664e-07
4.44697271325e-08	-1.12452295298e-06
4.44896241021e-08	-1.44196388874e-06
4.45095210718e-08	-1.71828992279e-06
4.45294180414e-08	-1.93901212242e-06
4.4549315011e-08	-2.08788264899e-06
4.45692119807e-08	-2.151728836e-06
4.45891089503e-08	-2.12111876863e-06
4.46090059199e-08	-1.99137321033e-06
4.46289028896e-08	-1.76418615183e-06
4.46487998592e-08	-1.44648953437e-06
4.46686968288e-08	-1.05147159957e-06
4.46885937985e-08	-5.99694942593e-07
4.47084907681e-08	-1.17277856759e-07
4.47283877377e-08	3.68471901879e-07
4.47482847074e-08	8.30511652339e-07
4.4768181677e-08	1.24467129581e-06
4.47880786466e-08	1.59075909778e-06
4.48079756163e-08	1.85321266599e-06
4.48278725859e-08	2.02204921607e-06
4.48477695555e-08	2.09453276057e-06
4.48676665252e-08	2.07458924706e-06
4.48875634948e-08	1.97158556148e-06
4.49074604644e-08	1.79637891051e-06
4.49273574341e-08	1.56098064963e-06
4.49472544037e-08	1.27783715698e-06
4.49671513733e-08	9.59282203894e-07
4.4987048343e-08	6.16629080241e-07
4.50069453126e-08	2.60782456962e-07
4.50268422822e-08	-1.00827158178e-07
4.50467392519e-08	-4.61150548858e-07
4.50666362215e-08	-8.12646874238e-07
4.50865331911e-08	-1.14425836273e-06
4.51064301608e-08	-1.44460318552e-06
4.51263271304e-08	-1.70107011854e-06
4.51462241001e-08	-1.90030056046e-06
4.51661210697e-08	-2.03005231469e-06
4.51860180393e-08	-2.07891343962e-06
4.5205915009e-08	-2.03706190405e-06
4.52258119786e-08	-1.89933632555e-06
4.52457089482e-08	-1.66797138945e-06
4.52656059179e-08	-1.35206192908e-06
4.52855028875e-08	-9.66386835444e-07
4.53053998571e-08	-5.29667687488e-07
4.53252968268e-08	-6.49392788432e-08
4.53451937964e-08	4.0262956702e-07
4.5365090766e-08	8.46517281161e-07
4.53849877357e-08	1.24251153011e-06
4.54048847053e-08	1.57053352723e-06
4.54247816749e-08	1.81711857294e-06
4.54446786446e-08	1.97512713385e-06
4.54645756142e-08	2.04199352538e-06
4.54844725838e-08	2.01955003831e-06
4.55043695535e-08	1.9148575916e-06
4.55242665231e-08	1.73880675902e-06
4.55441634927e-08	1.50457941572e-06
4.55640604624e-08	1.22527717394e-06
4.5583957432e-08	9.12173021561e-07
4.56038544016e-08	5.74748924009e-07
4.56237513713e-08	2.22420396767e-07
4.56436483409e-08	-1.35538826385e-07
4.56635453105e-08	-4.89967419526e-07
4.56834422802e-08	-8.3204579937e-07
4.57033392498e-08	-1.15317254767e-06
4.57232362194e-08	-1.44321001017e-06
4.57431331891e-08	-1.68989754457e-06
4.57630301587e-08	-1.87885757441e-06
4.57829271283e-08	-1.997105187e-06
4.5802824098e-08	-2.0341869913e-06
4.58227210676e-08	-1.98349562197e-06
4.58426180372e-08	-1.84188553476e-06
4.58625150069e-08	-1.6108821228e-06
4.58824119765e-08	-1.29772291757e-06
4.59023089462e-08	-9.15862727879e-07
4.59222059158e-08	-4.8536014674e-07
4.59421028854e-08	-3.06494492008e-08
4.59619998551e-08	4.24428080237e-07
4.59818968247e-08	8.55581703263e-07
4.60017937943e-08	1.24112187905e-06
4.6021690764e-08	1.56193908651e-06
4.60415877336e-08	1.8026578914e-06
4.60614847032e-08	1.95455595531e-06
4.60813816729e-08	2.01586647108e-06
4.61012786425e-08	1.99046428406e-06
4.61211756121e-08	1.88561659797e-06
4.61410725818e-08	1.71082302813e-06
4.61609695514e-08	1.47647102722e-06
4.6180866521e-08	1.19493455486e-06
4.62007634907e-08	8.78870963561e-07
4.62206604603e-08	5.40477259392e-07
4.62405574299e-08	1.89252460814e-07
4.62604543996e-08	-1.66768074905e-07
4.62803513692e-08	-5.19747203498e-07
4.63002483388e-08	-8.5981591269e-07
4.63201453085e-08	-1.17597926419e-06
4.63400422781e-08	-1.45667917195e-06
4.63599392477e-08	-1.69065498312e-06
4.63798362174e-08	-1.86687162795e-06
4.6399733187e-08	-1.97380018108e-06
4.64196301566e-08	-2.00085503366e-06
4.64395271263e-08	-1.93998090481e-06
4.64594240959e-08	-1.78867128398e-06
4.64793210655e-08	-1.55136979174e-06
4.64992180352e-08	-1.2372514675e-06
4.65191150048e-08	-8.6013696432e-07
4.65390119744e-08	-4.38036906303e-07
4.65589089441e-08	7.91831844538e-09
4.65788059137e-08	4.53162385838e-07
4.65987028833e-08	8.72421452414e-07
4.6618599853e-08	1.24349526232e-06
4.66384968226e-08	1.5494993022e-06
4.66583937923e-08	1.77813757318e-06
4.66782907619e-08	1.92203623328e-06
4.66981877315e-08	1.97781469069e-06
4.67180847012e-08	1.94754500171e-06
4.67379816708e-08	1.83795299336e-06
4.67578786404e-08	1.65981333566e-06
4.67777756101e-08	1.42593171404e-06
4.67976725797e-08	1.14831669862e-06
4.68175695493e-08	8.36432803908e-07
4.6837466519e-08	5.01248280216e-07
4.68573634886e-08	1.5337531778e-07
4.68772604582e-08	-1.96976195355e-07
4.68971574279e-08	-5.40380369785e-07
4.69170543975e-08	-8.68292431733e-07
4.69369513671e-08	-1.17235737207e-06
4.69568483368e-08	-1.44193973028e-06
4.69767453064e-08	-1.66475706465e-06
4.6996642276e-08	-1.82797202797e-06
4.70165392457e-08	-1.92111292563e-06
4.70364362153e-08	-1.93644899582e-06
4.70563331849e-08	-1.86924762602e-06
4.70762301546e-08	-1.71718318143e-06
4.70961271242e-08	-1.48259658772e-06
4.71160240938e-08	-1.17330023386e-06
4.71359210635e-08	-8.04008465138e-07
4.71558180331e-08	-3.9433363952e-07
4.71757150027e-08	3.43543540282e-08
4.71956119724e-08	4.59723551671e-07
4.7215508942e-08	8.61017184661e-07
4.72354059116e-08	1.21729334523e-06
4.72553028813e-08	1.51076943666e-06
4.72751998509e-08	1.72789185626e-06
4.72950968205e-08	1.86171308769e-06
4.73149937902e-08	1.91112297898e-06
4.73348907598e-08	1.88029730452e-06
4.73547877294e-08	1.774795237e-06
4.73746846991e-08	1.6024577576e-06
4.73945816687e-08	1.37381493914e-06
4.74144786384e-08	1.10131679776e-06
4.7434375608e-08	7.96960108573e-07
4.74542725776e-08	4.72085261549e-07
4.74741695473e-08	1.35423491088e-07
4.74940665169e-08	-2.05284131027e-07
4.75139634865e-08	-5.40750221489e-07
4.75338604562e-08	-8.6095315055e-07
4.75537574258e-08	-1.15458095706e-06
4.75736543954e-08	-1.41174098189e-06
4.75935513651e-08	-1.62287852845e-06
4.76134483347e-08	-1.77732584916e-06
4.76333453043e-08	-1.86467980257e-06
4.7653242274e-08	-1.87541093055e-06
4.76731392436e-08	-1.80354157919e-06
4.76930362132e-08	-1.64901615562e-06
4.77129331829e-08	-1.41683835864e-06
4.77328301525e-08	-1.11589673679e-06
4.77527271221e-08	-7.58478449825e-07
4.77726240918e-08	-3.6143029547e-07
4.77925210614e-08	5.49875913691e-08
4.7812418031e-08	4.67652071734e-07
4.78323150007e-08	8.5384402837e-07
4.78522119703e-08	1.19459207326e-06
4.78721089399e-08	1.4749444972e-06
4.78920059096e-08	1.68378244325e-06
4.79119028792e-08	1.81336912419e-06
4.79317998488e-08	1.86042933592e-06
4.79516968185e-08	1.82673949212e-06
4.79715937881e-08	1.71944026306e-06
4.79914907577e-08	1.54855280243e-06
4.80113877274e-08	1.32463100044e-06
4.8031284697e-08	1.05753485968e-06
4.80511816666e-08	7.57314126076e-07
4.80710786363e-08	4.34768224977e-07
4.80909756059e-08	1.00770304101e-07
4.81108725756e-08	-2.33989290166e-07
4.81307695452e-08	-5.60568309993e-07
4.81506665148e-08	-8.71307264561e-07
4.81705634845e-08	-1.15667313594e-06
4.81904604541e-08	-1.40529948567e-06
4.82103574237e-08	-1.60539934768e-06
4.82302543934e-08	-1.74632697281e-06
4.8250151363e-08	-1.8192450284e-06
4.82700483326e-08	-1.81829307166e-06
4.82899453023e-08	-1.73937996806e-06
4.83098422719e-08	-1.58097293479e-06
4.83297392415e-08	-1.34591016376e-06
4.83496362112e-08	-1.044026817e-06
4.83695331808e-08	-6.89974626766e-07
4.83894301504e-08	-3.01793491531e-07
4.84093271201e-08	1.01043877265e-07
4.84292240897e-08	4.987008424e-07
4.84491210593e-08	8.71332730412e-07
4.8469018029e-08	1.19945411825e-06
4.84889149986e-08	1.46609136209e-06
4.85088119682e-08	1.66023215797e-06
4.85287089379e-08	1.77600287543e-06
4.85486059075e-08	1.81306336344e-06
4.85685028771e-08	1.77375017074e-06
4.85883998468e-08	1.66293455095e-06
4.86082968164e-08	1.48817724721e-06
4.8628193786e-08	1.26029141256e-06
4.86480907557e-08	9.9132972764e-07
4.86679877253e-08	6.93500140869e-07
