% time-domain current integration by openEMS v0.0.36 @Thu Jan 22 09:00:41 2026
% start-coordinates: (-0.025,0.0092,0) m -> [44,62,7]
% stop-coordinates: (-0.025,0.013,0.00227273) m -> [44,67,10]
% t/s	current
7.10606058365e-13	0
2.06075756926e-11	0
4.05045453268e-11	-6.16476048743e-19
6.0401514961e-11	-3.90132761166e-12
8.02984845953e-11	-1.91135857142e-10
1.00195454229e-10	-8.27517609991e-10
1.20092423864e-10	-5.4561382079e-09
1.39989393498e-10	-8.13629963403e-09
1.59886363132e-10	-4.54540138861e-09
1.79783332766e-10	1.57796034017e-08
1.99680302401e-10	6.87643435526e-08
2.19577272035e-10	1.7724629231e-07
2.39474241669e-10	3.60733906746e-07
2.59371211303e-10	6.13707811681e-07
2.79268180937e-10	8.75856869698e-07
2.99165150572e-10	9.93897629087e-07
3.19062120206e-10	7.07194487859e-07
3.3895908984e-10	-3.20938937648e-07
3.58856059474e-10	-2.39784935729e-06
3.78753029109e-10	-5.62093100598e-06
3.98649998743e-10	-9.67001506069e-06
4.18546968377e-10	-1.36711851155e-05
4.38443938011e-10	-1.62484120665e-05
4.58340907645e-10	-1.58391976584e-05
4.7823787728e-10	-1.1241246284e-05
4.98134846914e-10	-2.21488039642e-06
5.18031816548e-10	1.01260329757e-05
5.37928786182e-10	2.33759055845e-05
5.57825755817e-10	3.44302025042e-05
5.77722725451e-10	4.04427191825e-05
5.97619695085e-10	3.97866497224e-05
6.17516664719e-10	3.26151312038e-05
6.37413634353e-10	2.07830344152e-05
6.57310603988e-10	7.17155307939e-06
6.77207573622e-10	-5.27448628418e-06
6.97104543256e-10	-1.43940269481e-05
7.1700151289e-10	-1.92350125872e-05
7.36898482525e-10	-1.9983470338e-05
7.56795452159e-10	-1.75492587005e-05
7.76692421793e-10	-1.30725102281e-05
7.96589391427e-10	-7.57277075536e-06
8.16486361061e-10	-1.82662120096e-06
8.36383330696e-10	3.58274792234e-06
8.5628030033e-10	8.16878491605e-06
8.76177269964e-10	1.1501656445e-05
8.96074239598e-10	1.32558725454e-05
9.15971209233e-10	1.3303146261e-05
9.35868178867e-10	1.17804411275e-05
9.55765148501e-10	9.08217680262e-06
9.75662118135e-10	5.77176933803e-06
9.95559087769e-10	2.44727311838e-06
1.0154560574e-09	-3.89533738598e-07
1.03535302704e-09	-2.42120677285e-06
1.05524999667e-09	-3.54366375177e-06
1.07514696631e-09	-3.84241911888e-06
1.09504393594e-09	-3.53208997694e-06
1.11494090557e-09	-2.87901070806e-06
1.13483787521e-09	-2.14421629607e-06
1.15473484484e-09	-1.5364638557e-06
1.17463181448e-09	-1.19962248846e-06
1.19452878411e-09	-1.22160918181e-06
1.21442575375e-09	-1.64749098985e-06
1.23432272338e-09	-2.4769024094e-06
1.25421969301e-09	-3.63627418665e-06
1.27411666265e-09	-4.93045718031e-06
1.29401363228e-09	-6.00821203989e-06
1.31391060192e-09	-6.37464336251e-06
1.33380757155e-09	-5.48709795112e-06
1.35370454119e-09	-2.93408561447e-06
1.37360151082e-09	1.34786682793e-06
1.39349848045e-09	6.90551041771e-06
1.41339545009e-09	1.27482799144e-05
1.43329241972e-09	1.75368459168e-05
1.45318938936e-09	1.99576716113e-05
1.47308635899e-09	1.91714134417e-05
1.49298332863e-09	1.51571748574e-05
1.51288029826e-09	8.79157414602e-06
1.53277726789e-09	1.60416982453e-06
1.55267423753e-09	-4.71352905151e-06
1.57257120716e-09	-8.85144618223e-06
1.5924681768e-09	-1.02623243947e-05
1.61236514643e-09	-9.23934658204e-06
1.63226211606e-09	-6.68742268317e-06
1.6521590857e-09	-3.71724831894e-06
1.67205605533e-09	-1.24595646867e-06
1.69195302497e-09	2.42401512196e-07
1.7118499946e-09	7.2187879141e-07
1.73174696424e-09	4.80067740227e-07
1.75164393387e-09	-9.28952701429e-08
1.7715409035e-09	-6.78066328419e-07
1.79143787314e-09	-1.10555674837e-06
1.81133484277e-09	-1.33584057949e-06
1.83123181241e-09	-1.38509835779e-06
1.85112878204e-09	-1.24757900721e-06
1.87102575168e-09	-8.59439069245e-07
1.89092272131e-09	-1.21710698409e-07
1.91081969094e-09	1.02346541553e-06
1.93071666058e-09	2.50044399763e-06
1.95061363021e-09	4.04295724366e-06
1.97051059985e-09	5.21815036336e-06
1.99040756948e-09	5.54930693397e-06
2.01030453911e-09	4.70454688184e-06
2.03020150875e-09	2.67673522103e-06
2.05009847838e-09	-1.3950879918e-07
2.06999544802e-09	-3.03064257423e-06
2.08989241765e-09	-5.197955943e-06
2.10978938729e-09	-6.04950810157e-06
2.12968635692e-09	-5.42381758351e-06
2.14958332655e-09	-3.63948583981e-06
2.16948029619e-09	-1.35191555728e-06
2.18937726582e-09	7.15371697879e-07
2.20927423546e-09	2.03577906177e-06
2.22917120509e-09	2.43034992309e-06
2.24906817473e-09	2.05659739549e-06
2.26896514436e-09	1.27153373342e-06
2.28886211399e-09	4.52116637462e-07
2.30875908363e-09	-1.40295611573e-07
2.32865605326e-09	-4.11580174386e-07
2.3485530229e-09	-4.06035695732e-07
2.36844999253e-09	-2.36204868997e-07
2.38834696217e-09	-1.49633727631e-08
2.4082439318e-09	1.85114174656e-07
2.42814090143e-09	3.38564916547e-07
2.44803787107e-09	4.48914420303e-07
2.4679348407e-09	5.22243794876e-07
2.48783181034e-09	5.46308569938e-07
2.50772877997e-09	4.85621114876e-07
2.5276257496e-09	2.95892817803e-07
2.54752271924e-09	-4.77839705582e-08
2.56741968887e-09	-5.21609138104e-07
2.58731665851e-09	-1.03984905309e-06
2.60721362814e-09	-1.46902823417e-06
2.62711059778e-09	-1.67110670191e-06
2.64700756741e-09	-1.55773659571e-06
2.66690453704e-09	-1.13292605874e-06
2.68680150668e-09	-5.00224132338e-07
2.70669847631e-09	1.69899777802e-07
2.72659544595e-09	7.01535782355e-07
2.74649241558e-09	9.75088823907e-07
2.76638938522e-09	9.63960701483e-07
2.78628635485e-09	7.31323950731e-07
2.80618332448e-09	3.93961613554e-07
2.82608029412e-09	7.2523533845e-08
2.84597726375e-09	-1.47994356325e-07
2.86587423339e-09	-2.34994530501e-07
2.88577120302e-09	-2.02408898531e-07
2.90566817265e-09	-9.19405636068e-08
2.92556514229e-09	4.70685570519e-08
2.94546211192e-09	1.71096544932e-07
2.96535908156e-09	2.48387607371e-07
2.98525605119e-09	2.60735191659e-07
3.00515302083e-09	2.04318865826e-07
3.02504999046e-09	9.05895802816e-08
3.04494696009e-09	-5.43384395257e-08
3.06484392973e-09	-1.93903517243e-07
3.08474089936e-09	-2.89751056926e-07
3.104637869e-09	-3.13300489552e-07
3.12453483863e-09	-2.57346329136e-07
3.14443180827e-09	-1.4162651496e-07
3.1643287779e-09	-8.66650662346e-09
3.18422574753e-09	9.06024411051e-08
3.20412271717e-09	1.16894469215e-07
3.2240196868e-09	6.01075527129e-08
3.24391665644e-09	-5.43292593136e-08
3.26381362607e-09	-1.75016907633e-07
3.28371059571e-09	-2.46924372505e-07
3.30360756534e-09	-2.36340966353e-07
3.32350453497e-09	-1.45686868791e-07
3.34340150461e-09	-1.05357695901e-08
3.36329847424e-09	1.18334419597e-07
3.38319544388e-09	1.99056103156e-07
3.40309241351e-09	2.15184272179e-07
3.42298938314e-09	1.7795790086e-07
3.44288635278e-09	1.15269592982e-07
3.46278332241e-09	5.55230670329e-08
3.48268029205e-09	1.52228292194e-08
3.50257726168e-09	-4.72937022877e-09
3.52247423132e-09	-1.46735743556e-08
3.54237120095e-09	-2.77636473811e-08
3.56226817058e-09	-5.17417504398e-08
3.58216514022e-09	-8.38001597003e-08
3.60206210985e-09	-1.10075596638e-07
3.62195907949e-09	-1.1014638801e-07
3.64185604912e-09	-6.62380301719e-08
3.66175301876e-09	2.58911896367e-08
3.68164998839e-09	1.48896234009e-07
3.70154695802e-09	2.64438142494e-07
3.72144392766e-09	3.24631287185e-07
3.74134089729e-09	2.91682056286e-07
3.76123786693e-09	1.57273774448e-07
3.78113483656e-09	-4.81001301011e-08
3.80103180619e-09	-2.626771618e-07
3.82092877583e-09	-4.16292778027e-07
3.84082574546e-09	-4.59138561837e-07
3.8607227151e-09	-3.82806803145e-07
3.88061968473e-09	-2.23054854587e-07
3.90051665437e-09	-4.28524593588e-08
3.920413624e-09	9.58865626899e-08
3.94031059363e-09	1.57827017233e-07
3.96020756327e-09	1.44975416561e-07
3.9801045329e-09	8.88372326813e-08
4.00000150254e-09	3.03748528552e-08
4.01989847217e-09	-3.99759170211e-10
4.03979544181e-09	4.68947014554e-09
4.05969241144e-09	3.40827206458e-08
4.07958938107e-09	6.71712996336e-08
4.09948635071e-09	8.63855476041e-08
4.11938332034e-09	8.47795291747e-08
4.13928028998e-09	6.72272619795e-08
4.15917725961e-09	4.62172273785e-08
4.17907422925e-09	3.53167912692e-08
4.19897119888e-09	4.24855279846e-08
4.21886816851e-09	6.56073098071e-08
4.23876513815e-09	9.16836455644e-08
4.25866210778e-09	1.00884761878e-07
4.27855907742e-09	7.46804502683e-08
4.29845604705e-09	5.41670708287e-09
4.31835301668e-09	-9.74797984554e-08
4.33824998632e-09	-2.08170334304e-07
4.35814695595e-09	-2.92836347171e-07
4.37804392559e-09	-3.2260078342e-07
4.39794089522e-09	-2.85733221972e-07
4.41783786486e-09	-1.92870913907e-07
4.43773483449e-09	-7.31572455948e-08
4.45763180412e-09	3.75763171689e-08
4.47752877376e-09	1.10922378838e-07
4.49742574339e-09	1.35774428145e-07
4.51732271303e-09	1.20083939237e-07
4.53721968266e-09	8.39744203063e-08
4.5571166523e-09	4.88816418454e-08
4.57701362193e-09	2.78361795836e-08
4.59691059156e-09	2.19760618592e-08
4.6168075612e-09	2.35119212988e-08
4.63670453083e-09	2.29160725951e-08
4.65660150047e-09	1.52400527753e-08
4.6764984701e-09	3.06339154044e-09
4.69639543973e-09	-5.78376502247e-09
4.71629240937e-09	-2.81810641489e-09
4.736189379e-09	1.58714108522e-08
4.75608634864e-09	4.70753569459e-08
4.77598331827e-09	8.07490820876e-08
4.79588028791e-09	1.03524328665e-07
4.81577725754e-09	1.03472643787e-07
4.83567422717e-09	7.48312061205e-08
4.85557119681e-09	2.0450364957e-08
4.87546816644e-09	-4.86525948418e-08
4.89536513608e-09	-1.16733041011e-07
4.91526210571e-09	-1.68425827951e-07
4.93515907535e-09	-1.93390178538e-07
4.95505604498e-09	-1.89047327126e-07
4.97495301461e-09	-1.60435348562e-07
4.99484998425e-09	-1.17791131515e-07
5.01474695388e-09	-7.2737499579e-08
5.03464392352e-09	-3.46661295225e-08
5.05454089315e-09	-8.30772162175e-09
5.07443786279e-09	6.74412214963e-09
5.09433483242e-09	1.46986618432e-08
5.11423180205e-09	2.093544893e-08
5.13412877169e-09	2.94418711633e-08
5.15402574132e-09	4.12660732252e-08
5.17392271096e-09	5.49327268118e-08
5.19381968059e-09	6.76980960179e-08
5.21371665022e-09	7.7463127468e-08
5.23361361986e-09	8.36478051269e-08
5.25351058949e-09	8.69607745813e-08
5.27340755913e-09	8.78760531009e-08
5.29330452876e-09	8.55399306943e-08
5.3132014984e-09	7.72860744291e-08
5.33309846803e-09	5.99158198611e-08
5.35299543766e-09	3.14804289303e-08
5.3728924073e-09	-6.80335876524e-09
5.39278937693e-09	-5.02459691631e-08
5.41268634657e-09	-9.16694133934e-08
5.4325833162e-09	-1.23692217358e-07
5.45248028584e-09	-1.40977732599e-07
5.47237725547e-09	-1.41577203294e-07
5.4922742251e-09	-1.27120543425e-07
5.51217119474e-09	-1.01745442294e-07
5.53206816437e-09	-7.10240257717e-08
5.55196513401e-09	-4.05383637769e-08
5.57186210364e-09	-1.52034189682e-08
5.59175907327e-09	1.90895277363e-09
5.61165604291e-09	9.89142634467e-09
5.63155301254e-09	1.04603392614e-08
5.65144998218e-09	7.183868167e-09
5.67134695181e-09	4.28700985822e-09
5.69124392145e-09	4.96275198714e-09
5.71114089108e-09	1.02681623204e-08
5.73103786071e-09	1.90517788212e-08
5.75093483035e-09	2.8868699431e-08
5.77083179998e-09	3.74030015848e-08
5.79072876962e-09	4.35164686508e-08
5.81062573925e-09	4.74056065514e-08
5.83052270889e-09	4.99594747794e-08
5.85041967852e-09	5.17409048939e-08
5.87031664815e-09	5.21592262714e-08
5.89021361779e-09	4.94726748457e-08
5.91011058742e-09	4.15295815515e-08
5.93000755706e-09	2.69011302123e-08
5.94990452669e-09	5.73581804275e-09
5.96980149633e-09	-2.00742711343e-08
5.98969846596e-09	-4.75093884234e-08
6.00959543559e-09	-7.3189255545e-08
6.02949240523e-09	-9.409772872e-08
6.04938937486e-09	-1.07898358692e-07
6.0692863445e-09	-1.13189116746e-07
6.08918331413e-09	-1.09572198426e-07
6.10908028376e-09	-9.78858523126e-08
6.1289772534e-09	-8.0054753937e-08
6.14887422303e-09	-5.87412216646e-08
6.16877119267e-09	-3.64347378934e-08
6.1886681623e-09	-1.49496059976e-08
6.20856513194e-09	4.84085749264e-09
6.22846210157e-09	2.26189573738e-08
6.2483590712e-09	3.81068829824e-08
6.26825604084e-09	5.07052604348e-08
6.28815301047e-09	5.96878422243e-08
6.30804998011e-09	6.46666791226e-08
6.32794694974e-09	6.59168790662e-08
6.34784391938e-09	6.43357083163e-08
6.36774088901e-09	6.08904286992e-08
6.38763785864e-09	5.60974946495e-08
6.40753482828e-09	4.94777658844e-08
6.42743179791e-09	3.96846857598e-08
6.44732876755e-09	2.516830655e-08
6.46722573718e-09	5.08673547728e-09
6.48712270681e-09	-1.97754168596e-08
6.50701967645e-09	-4.68008032328e-08
6.52691664608e-09	-7.19499269053e-08
6.54681361572e-09	-9.09625441636e-08
6.56671058535e-09	-1.00701214478e-07
6.58660755499e-09	-9.99789335765e-08
6.60650452462e-09	-8.9760078481e-08
6.62640149425e-09	-7.25427327097e-08
6.64629846389e-09	-5.16919484994e-08
6.66619543352e-09	-3.04946290441e-08
6.68609240316e-09	-1.18665193227e-08
6.70598937279e-09	2.20000817563e-09
6.72588634243e-09	1.0616358459e-08
6.74578331206e-09	1.3394267917e-08
6.76568028169e-09	1.13715170613e-08
6.78557725133e-09	5.95475935228e-09
6.80547422096e-09	-1.04891917374e-09
6.8253711906e-09	-7.5452710746e-09
6.84526816023e-09	-1.12557483334e-08
6.86516512987e-09	-9.90201520779e-09
6.8850620995e-09	-1.89185023203e-09
6.90495906913e-09	1.29672850235e-08
6.92485603877e-09	3.27747287088e-08
6.9447530084e-09	5.36231929971e-08
6.96464997804e-09	7.04304596866e-08
6.98454694767e-09	7.82713982517e-08
7.0044439173e-09	7.3942814538e-08
7.02434088694e-09	5.69713627385e-08
7.04423785657e-09	2.98945650457e-08
7.06413482621e-09	-2.4910096208e-09
7.08403179584e-09	-3.44361623661e-08
7.10392876548e-09	-6.0967224158e-08
7.12382573511e-09	-7.90410723539e-08
7.14372270474e-09	-8.80777548673e-08
7.16361967438e-09	-8.94258320727e-08
7.18351664401e-09	-8.54403978678e-08
7.20341361365e-09	-7.83059803666e-08
7.22331058328e-09	-6.93980055644e-08
7.24320755292e-09	-5.91532156591e-08
7.26310452255e-09	-4.75107349018e-08
7.28300149218e-09	-3.44872930214e-08
7.30289846182e-09	-2.05831991451e-08
7.32279543145e-09	-6.88959556072e-09
7.34269240109e-09	5.22563992078e-09
7.36258937072e-09	1.46775969156e-08
7.38248634035e-09	2.12131450184e-08
7.40238330999e-09	2.5636564871e-08
7.42228027962e-09	2.94464204131e-08
7.44217724926e-09	3.41664510017e-08
7.46207421889e-09	4.04701943069e-08
7.48197118853e-09	4.76051447151e-08
7.50186815816e-09	5.3441290504e-08
7.52176512779e-09	5.51732028953e-08
7.54166209743e-09	5.03368120519e-08
7.56155906706e-09	3.7913110873e-08
7.5814560367e-09	1.88859292649e-08
7.60135300633e-09	-3.86944121189e-09
7.62124997597e-09	-2.64305928255e-08
7.6411469456e-09	-4.50727100088e-08
7.66104391523e-09	-5.74182266178e-08
7.68094088487e-09	-6.29411331943e-08
7.7008378545e-09	-6.2777807841e-08
7.72073482414e-09	-5.88838062754e-08
7.74063179377e-09	-5.31018429228e-08
7.76052876341e-09	-4.65610909828e-08
7.78042573304e-09	-3.96098975841e-08
7.80032270267e-09	-3.21983755214e-08
7.82021967231e-09	-2.44404496641e-08
7.84011664194e-09	-1.69817404583e-08
7.86001361158e-09	-1.10143734133e-08
7.87991058121e-09	-7.92460053134e-09
7.89980755084e-09	-8.56285975459e-09
7.91970452048e-09	-1.25991928002e-08
7.93960149011e-09	-1.81770847263e-08
7.95949845975e-09	-2.22157456875e-08
7.97939542938e-09	-2.13480859657e-08
7.99929239902e-09	-1.31091955069e-08
8.01918936865e-09	2.89493429229e-09
8.03908633828e-09	2.46206255383e-08
8.05898330792e-09	4.78602046883e-08
8.07888027755e-09	6.73996751743e-08
8.09877724719e-09	7.84316682712e-08
8.11867421682e-09	7.79472770773e-08
8.13857118646e-09	6.54968985714e-08
8.15846815609e-09	4.32694875485e-08
8.17836512572e-09	1.52603263359e-08
8.19826209536e-09	-1.39413538491e-08
8.21815906499e-09	-4.0437409865e-08
8.23805603463e-09	-6.17033890649e-08
8.25795300426e-09	-7.66842660482e-08
8.27784997389e-09	-8.5350151835e-08
8.29774694353e-09	-8.80649224655e-08
8.31764391316e-09	-8.5233118341e-08
8.3375408828e-09	-7.71698296376e-08
8.35743785243e-09	-6.43799538125e-08
8.37733482207e-09	-4.78024411166e-08
8.3972317917e-09	-2.90170376616e-08
8.41712876133e-09	-1.01950154985e-08
8.43702573097e-09	6.24544638228e-09
8.4569227006e-09	1.82533508308e-08
8.47681967024e-09	2.47267610831e-08
8.49671663987e-09	2.60261590057e-08
8.51661360951e-09	2.38323494273e-08
8.53651057914e-09	2.06075636555e-08
8.55640754877e-09	1.87069808533e-08
8.57630451841e-09	1.95581542073e-08
8.59620148804e-09	2.31970993525e-08
8.61609845768e-09	2.82808372276e-08
8.63599542731e-09	3.25693996217e-08
8.65589239695e-09	3.36763221753e-08
8.67578936658e-09	2.97669835447e-08
8.69568633621e-09	2.02908747582e-08
8.71558330585e-09	6.10595884964e-09
8.73548027548e-09	-1.07753272971e-08
8.75537724512e-09	-2.78438498924e-08
8.77527421475e-09	-4.27885247234e-08
8.79517118438e-09	-5.4030962815e-08
8.81506815402e-09	-6.07781700523e-08
8.83496512365e-09	-6.28516332313e-08
8.85486209329e-09	-6.0426266657e-08
8.87475906292e-09	-5.39826032764e-08
8.89465603256e-09	-4.4315871861e-08
8.91455300219e-09	-3.26269145035e-08
8.93444997182e-09	-2.04478407539e-08
8.95434694146e-09	-9.46473299734e-09
8.97424391109e-09	-1.2496081947e-09
8.99414088073e-09	3.11833781019e-09
9.01403785036e-09	3.30796878778e-09
9.03393482e-09	3.56626048137e-11
9.05383178963e-09	-4.98461272258e-09
9.07372875926e-09	-9.32622512551e-09
9.0936257289e-09	-1.05308739506e-08
9.11352269853e-09	-6.83768686116e-09
9.13341966817e-09	2.11542006134e-09
9.1533166378e-09	1.51515511249e-08
9.17321360744e-09	2.97139379768e-08
9.19311057707e-09	4.25740331877e-08
9.2130075467e-09	5.06279107526e-08
9.23290451634e-09	5.17338420991e-08
9.25280148597e-09	4.51778170429e-08
9.27269845561e-09	3.17961230678e-08
9.29259542524e-09	1.35216424724e-08
9.31249239487e-09	-7.14591896767e-09
9.33238936451e-09	-2.78876761683e-08
9.35228633414e-09	-4.67980605379e-08
9.37218330378e-09	-6.24241707214e-08
9.39208027341e-09	-7.36091791964e-08
9.41197724305e-09	-7.93562406898e-08
9.43187421268e-09	-7.89477567764e-08
9.45177118231e-09	-7.21693496075e-08
9.47166815195e-09	-5.95491300714e-08
9.49156512158e-09	-4.25412949312e-08
9.51146209122e-09	-2.33757493362e-08
9.53135906085e-09	-4.74377159776e-09
9.55125603049e-09	1.0654221505e-08
9.57115300012e-09	2.08487378472e-08
9.59104996975e-09	2.49973783895e-08
9.61094693939e-09	2.3720735598e-08
9.63084390902e-09	1.87471034252e-08
9.65074087866e-09	1.24509424992e-08
9.67063784829e-09	7.03452851525e-09
9.69053481792e-09	4.03287536699e-09
9.71043178756e-09	3.93352861394e-09
9.73032875719e-09	6.30066931961e-09
9.75022572683e-09	9.93854687437e-09
9.77012269646e-09	1.34047892786e-08
9.7900196661e-09	1.53481600762e-08
9.80991663573e-09	1.49904959557e-08
9.82981360536e-09	1.21429035715e-08
9.849710575e-09	7.04119695882e-09
9.86960754463e-09	1.0159891678e-10
9.88950451427e-09	-8.32948465757e-09
9.9094014839e-09	-1.78579551147e-08
9.92929845354e-09	-2.78047700419e-08
9.94919542317e-09	-3.70563313368e-08
9.9690923928e-09	-4.41328467105e-08
9.98898936244e-09	-4.76677008976e-08
1.00088863321e-08	-4.68902570105e-08
1.00287833017e-08	-4.19902832505e-08
1.00486802713e-08	-3.41058203901e-08
1.0068577241e-08	-2.50488909614e-08
1.00884742106e-08	-1.67766671666e-08
1.01083711802e-08	-1.08874154137e-08
1.01282681499e-08	-8.12769140879e-09
1.01481651195e-08	-8.17059664371e-09
1.01680620891e-08	-9.80611858381e-09
1.01879590588e-08	-1.13263416424e-08
1.02078560284e-08	-1.12526770124e-08
1.0227752998e-08	-8.68955929434e-09
1.02476499677e-08	-3.59209617606e-09
1.02675469373e-08	3.48984130483e-09
1.0287443907e-08	1.15941691803e-08
1.03073408766e-08	1.96863858548e-08
1.03272378462e-08	2.66519428749e-08
1.03471348159e-08	3.1540587031e-08
1.03670317855e-08	3.35117285033e-08
1.03869287551e-08	3.19941193538e-08
1.04068257248e-08	2.65762540863e-08
1.04267226944e-08	1.71199836529e-08
1.0446619664e-08	3.79372089299e-09
1.04665166337e-08	-1.26327162064e-08
1.04864136033e-08	-3.0579329291e-08
1.05063105729e-08	-4.76046864151e-08
1.05262075426e-08	-6.0920569922e-08
1.05461045122e-08	-6.81051659512e-08
1.05660014818e-08	-6.78389184827e-08
1.05858984515e-08	-6.02803282845e-08
1.06057954211e-08	-4.70460577162e-08
1.06256923907e-08	-3.0728028122e-08
1.06455893604e-08	-1.42793572522e-08
1.066548633e-08	-3.39033856545e-10
1.06853832996e-08	9.30162968871e-09
1.07052802693e-08	1.40150024919e-08
1.07251772389e-08	1.43544109932e-08
1.07450742085e-08	1.1636515751e-08
1.07649711782e-08	7.47314565785e-09
1.07848681478e-08	3.23799964619e-09
1.08047651174e-08	-1.12734916888e-11
1.08246620871e-08	-1.67692759678e-09
1.08445590567e-08	-1.43039224909e-09
1.08644560263e-08	6.28427199167e-10
1.0884352996e-08	4.06852596058e-09
1.09042499656e-08	7.97148835829e-09
1.09241469352e-08	1.13290967718e-08
1.09440439049e-08	1.31111184132e-08
1.09639408745e-08	1.26394974487e-08
1.09838378441e-08	9.41541511423e-09
1.10037348138e-08	3.35128547135e-09
1.10236317834e-08	-5.36804067863e-09
1.10435287531e-08	-1.59745017214e-08
1.10634257227e-08	-2.72517564071e-08
1.10833226923e-08	-3.75241420159e-08
1.1103219662e-08	-4.52598456491e-08
1.11231166316e-08	-4.93227076959e-08
1.11430136012e-08	-4.9322693485e-08
1.11629105709e-08	-4.55451072412e-08
1.11828075405e-08	-3.87831420312e-08
1.12027045101e-08	-3.01484917031e-08
1.12226014798e-08	-2.08479029595e-08
1.12424984494e-08	-1.19224230488e-08
1.1262395419e-08	-4.18208756514e-09
1.12822923887e-08	2.02116146042e-09
1.13021893583e-08	6.66864119481e-09
1.13220863279e-08	9.96376936513e-09
1.13419832976e-08	1.21281384935e-08
1.13618802672e-08	1.33767130706e-08
1.13817772368e-08	1.39892586404e-08
1.14016742065e-08	1.42744536191e-08
1.14215711761e-08	1.4542330895e-08
1.14414681457e-08	1.48986707416e-08
1.14613651154e-08	1.51796957226e-08
1.1481262085e-08	1.48950904943e-08
1.15011590546e-08	1.34278366204e-08
1.15210560243e-08	1.01525801099e-08
1.15409529939e-08	4.59282523124e-09
1.15608499635e-08	-3.48584450194e-09
1.15807469332e-08	-1.39196920657e-08
1.16006439028e-08	-2.59571866223e-08
1.16205408724e-08	-3.82364611085e-08
1.16404378421e-08	-4.89278200178e-08
1.16603348117e-08	-5.61700694846e-08
1.16802317813e-08	-5.85432999856e-08
1.1700128751e-08	-5.54796812935e-08
1.17200257206e-08	-4.73860382044e-08
1.17399226902e-08	-3.55968658994e-08
1.17598196599e-08	-2.19593658812e-08
1.17797166295e-08	-8.50464942914e-09
1.17996135992e-08	3.04617708835e-09
1.18195105688e-08	1.15477947205e-08
1.18394075384e-08	1.65490909865e-08
1.18593045081e-08	1.81944699307e-08
1.18792014777e-08	1.6975651107e-08
1.18990984473e-08	1.3597032833e-08
1.1918995417e-08	8.8626999073e-09
1.19388923866e-08	3.6682761273e-09
1.19587893562e-08	-1.0477222423e-09
1.19786863259e-08	-4.41342740132e-09
1.19985832955e-08	-5.83423576117e-09
1.20184802651e-08	-5.13117193179e-09
1.20383772348e-08	-2.59239185674e-09
1.20582742044e-08	1.03177788535e-09
1.2078171174e-08	4.6403139109e-09
1.20980681437e-08	6.94912305477e-09
1.21179651133e-08	6.76599576366e-09
1.21378620829e-08	3.36938921208e-09
1.21577590526e-08	-3.27106586262e-09
1.21776560222e-08	-1.2320442444e-08
1.21975529918e-08	-2.23945733069e-08
1.22174499615e-08	-3.17955297646e-08
1.22373469311e-08	-3.90927183958e-08
1.22572439007e-08	-4.32301199282e-08
1.22771408704e-08	-4.38070628661e-08
1.229703784e-08	-4.09273859248e-08
1.23169348096e-08	-3.52118760816e-08
1.23368317793e-08	-2.75062568278e-08
1.23567287489e-08	-1.88262916367e-08
1.23766257185e-08	-1.00868060571e-08
1.23965226882e-08	-2.13283035677e-09
1.24164196578e-08	4.35682112609e-09
1.24363166274e-08	8.79767014794e-09
1.24562135971e-08	1.08795035203e-08
1.24761105667e-08	1.06345456885e-08
1.24960075364e-08	8.59256932273e-09
1.2515904506e-08	5.64837154826e-09
1.25358014756e-08	2.83433054804e-09
1.25556984453e-08	9.54887724447e-10
1.25755954149e-08	3.81243175918e-10
1.25954923845e-08	9.30728549786e-10
1.26153893542e-08	2.0078376739e-09
1.26352863238e-08	2.71607847324e-09
1.26551832934e-08	2.19549223246e-09
1.26750802631e-08	-1.55256280054e-10
1.26949772327e-08	-4.45399406246e-09
1.27148742023e-08	-1.02520232304e-08
1.2734771172e-08	-1.66872720087e-08
1.27546681416e-08	-2.27540546405e-08
1.27745651112e-08	-2.76399632071e-08
1.27944620809e-08	-3.07802316968e-08
1.28143590505e-08	-3.19619388733e-08
1.28342560201e-08	-3.11375565332e-08
1.28541529898e-08	-2.84954779772e-08
1.28740499594e-08	-2.42844269138e-08
1.2893946929e-08	-1.89434032905e-08
1.29138438987e-08	-1.30021513556e-08
1.29337408683e-08	-7.03063207652e-09
1.29536378379e-08	-1.66963765036e-09
1.29735348076e-08	2.44279352302e-09
1.29934317772e-08	4.68484806504e-09
1.30133287468e-08	4.68954786115e-09
1.30332257165e-08	2.54377940934e-09
1.30531226861e-08	-1.10271813902e-09
1.30730196557e-08	-5.19708587277e-09
1.30929166254e-08	-8.53462456263e-09
1.3112813595e-08	-1.02220081288e-08
1.31327105646e-08	-9.79153202962e-09
1.31526075343e-08	-7.34048155593e-09
1.31725045039e-08	-3.38899797114e-09
1.31924014735e-08	1.14631315551e-09
1.32122984432e-08	5.21120480101e-09
1.32321954128e-08	7.67803687296e-09
1.32520923825e-08	7.74670727566e-09
1.32719893521e-08	5.01576424838e-09
1.32918863217e-08	-3.51348505845e-10
1.33117832914e-08	-7.75078046189e-09
1.3331680261e-08	-1.63146847143e-08
1.33515772306e-08	-2.49931257912e-08
1.33714742003e-08	-3.26692557451e-08
1.33913711699e-08	-3.82894924655e-08
1.34112681395e-08	-4.09627531894e-08
1.34311651092e-08	-4.02558022472e-08
1.34510620788e-08	-3.61795251536e-08
1.34709590484e-08	-2.92920923073e-08
1.34908560181e-08	-2.0463058803e-08
1.35107529877e-08	-1.07858948439e-08
1.35306499573e-08	-1.41940348364e-09
1.3550546927e-08	6.55961107654e-09
1.35704438966e-08	1.22829746374e-08
1.35903408662e-08	1.53033372641e-08
1.36102378359e-08	1.56647441685e-08
1.36301348055e-08	1.38816975692e-08
1.36500317751e-08	1.06892334983e-08
1.36699287448e-08	6.89345647231e-09
1.36898257144e-08	3.1393994071e-09
1.3709722684e-08	-1.07216242828e-10
1.37296196537e-08	-2.65631938667e-09
1.37495166233e-08	-4.52796022898e-09
1.37694135929e-08	-6.00185989796e-09
1.37893105626e-08	-7.47283390723e-09
1.38092075322e-08	-9.33326216312e-09
1.38291045018e-08	-1.182492948e-08
1.38490014715e-08	-1.49758143664e-08
1.38688984411e-08	-1.86579605099e-08
1.38887954107e-08	-2.25653042918e-08
1.39086923804e-08	-2.63245869547e-08
1.392858935e-08	-2.94376825138e-08
1.39484863196e-08	-3.13998498314e-08
1.39683832893e-08	-3.17539274874e-08
1.39882802589e-08	-3.02437221933e-08
1.40081772286e-08	-2.68401461057e-08
1.40280741982e-08	-2.17280717862e-08
1.40479711678e-08	-1.53403796332e-08
1.40678681375e-08	-8.27257462532e-09
1.40877651071e-08	-1.37600597583e-09
1.41076620767e-08	4.47109060886e-09
1.41275590464e-08	8.44550651635e-09
1.4147456016e-08	1.01335926317e-08
1.41673529856e-08	9.61883905859e-09
1.41872499553e-08	7.42811012699e-09
1.42071469249e-08	4.36588987185e-09
1.42270438945e-08	1.27260380012e-09
1.42469408642e-08	-1.17371246056e-09
1.42668378338e-08	-2.55274668071e-09
1.42867348034e-08	-2.79911649415e-09
1.43066317731e-08	-2.21647611376e-09
1.43265287427e-08	-1.3750953709e-09
1.43464257123e-08	-9.77202208041e-10
1.4366322682e-08	-1.5859835667e-09
1.43862196516e-08	-3.49112316833e-09
1.44061166212e-08	-6.73165745368e-09
1.44260135909e-08	-1.11029514471e-08
1.44459105605e-08	-1.63017741528e-08
1.44658075301e-08	-2.18861533341e-08
1.44857044998e-08	-2.72729110407e-08
1.45056014694e-08	-3.17734674127e-08
1.4525498439e-08	-3.47129542888e-08
1.45453954087e-08	-3.55285649789e-08
1.45652923783e-08	-3.39088011003e-08
1.45851893479e-08	-2.98031572754e-08
1.46050863176e-08	-2.34479369254e-08
1.46249832872e-08	-1.54275667796e-08
1.46448802568e-08	-6.67930422082e-09
1.46647772265e-08	1.66002533941e-09
1.46846741961e-08	8.47777048563e-09
1.47045711657e-08	1.29927038017e-08
1.47244681354e-08	1.48636960517e-08
1.4744365105e-08	1.4211799737e-08
1.47642620747e-08	1.14414948627e-08
1.47841590443e-08	7.1545400715e-09
1.48040560139e-08	2.0308545956e-09
1.48239529836e-08	-3.17872839162e-09
1.48438499532e-08	-7.81514497561e-09
1.48637469228e-08	-1.13675149294e-08
1.48836438925e-08	-1.36183420096e-08
1.49035408621e-08	-1.4549444316e-08
1.49234378317e-08	-1.43658303031e-08
1.49433348014e-08	-1.33713671246e-08
1.4963231771e-08	-1.2010072048e-08
1.49831287406e-08	-1.08473967586e-08
1.50030257103e-08	-1.04383506283e-08
1.50229226799e-08	-1.11262172808e-08
1.50428196495e-08	-1.2866019361e-08
1.50627166192e-08	-1.52541161924e-08
1.50826135888e-08	-1.76417618292e-08
1.51025105584e-08	-1.93974525331e-08
1.51224075281e-08	-2.00460679167e-08
1.51423044977e-08	-1.93209430677e-08
1.51622014673e-08	-1.71815397465e-08
1.5182098437e-08	-1.38733229349e-08
1.52019954066e-08	-9.92302329195e-09
1.52218923762e-08	-6.0465752405e-09
1.52417893459e-08	-2.88546453397e-09
1.52616863155e-08	-8.52659109984e-10
1.52815832851e-08	-5.44215974368e-12
1.53014802548e-08	-1.67722447042e-10
1.53213772244e-08	-1.09892805966e-09
1.5341274194e-08	-2.58504329054e-09
1.53611711637e-08	-4.37031433265e-09
1.53810681333e-08	-6.1510809779e-09
1.54009651029e-08	-7.55321138968e-09
1.54208620726e-08	-8.30891799808e-09
1.54407590422e-08	-8.33976088188e-09
1.54606560118e-08	-7.77853248479e-09
1.54805529815e-08	-6.87931178689e-09
1.55004499511e-08	-5.94897686668e-09
1.55203469208e-08	-5.31311172836e-09
1.55402438904e-08	-5.37465760786e-09
1.556014086e-08	-6.48927667157e-09
1.55800378297e-08	-8.82502693145e-09
1.55999347993e-08	-1.22222392207e-08
1.56198317689e-08	-1.61566813262e-08
1.56397287386e-08	-1.99388665578e-08
1.56596257082e-08	-2.28768826105e-08
1.56795226778e-08	-2.44505073965e-08
1.56994196475e-08	-2.43340547712e-08
1.57193166171e-08	-2.23881428951e-08
1.57392135867e-08	-1.86938500235e-08
1.57591105564e-08	-1.36525297734e-08
1.5779007526e-08	-7.93228505103e-09
1.57989044956e-08	-2.34780483943e-09
1.58188014653e-08	2.35397212833e-09
1.58386984349e-08	5.64035840256e-09
1.58585954045e-08	7.22537851772e-09
1.58784923742e-08	7.03949609715e-09
