% time-domain voltage integration by openEMS v0.0.36 @Thu Jan 22 09:00:41 2026
% start-coordinates: (-0.0241935,0.0115,0.0015) m -> [45,65,9]
% stop-coordinates: (-0.0241935,0.0115,0) m -> [45,65,7]
% t/s	voltage
0	0
1.98969696342e-11	0
3.97939392684e-11	-3.08751347174e-27
5.96909089027e-11	-2.35272673993e-14
7.95878785369e-11	-5.37485028707e-10
9.94848481711e-11	-1.90201996375e-08
1.19381817805e-10	-1.76240973815e-07
1.3927878744e-10	-4.46074551519e-07
1.59175757074e-10	-3.21422419347e-07
1.79072726708e-10	3.73384551722e-07
1.98969696342e-10	2.31283286212e-06
2.18866665976e-10	6.56739348415e-06
2.38763635611e-10	1.41726195579e-05
2.58660605245e-10	2.53059470197e-05
2.78557574879e-10	3.79792672902e-05
2.98454544513e-10	4.61811960122e-05
3.18351514148e-10	3.89879351133e-05
3.38248483782e-10	1.23904260363e-06
3.58145453416e-10	-8.23231748655e-05
3.7804242305e-10	-0.000219265544729
3.97939392684e-10	-0.000399725235184
4.17836362319e-10	-0.000588888506172
4.37733331953e-10	-0.000727167673176
4.57630301587e-10	-0.000742425414501
4.77527271221e-10	-0.000573666126002
4.97424240856e-10	-0.0001995205821
5.1732121049e-10	0.000340651735314
5.37218180124e-10	0.000945243169554
5.57115149758e-10	0.00147407653276
5.77012119392e-10	0.00179160374682
5.96909089027e-10	0.00181375682587
6.16806058661e-10	0.00153870857321
6.36703028295e-10	0.00104803487193
6.56599997929e-10	0.000477327979752
6.76496967564e-10	-3.12302672683e-05
6.96393937198e-10	-0.000374682495021
7.16290906832e-10	-0.000516185042216
7.36187876466e-10	-0.000485447570099
7.560848461e-10	-0.000356610384188
7.75981815735e-10	-0.00021553755505
7.95878785369e-10	-0.000129835010739
8.15775755003e-10	-0.000131117718411
8.35672724637e-10	-0.000212552884477
8.55569694272e-10	-0.000339024933055
8.75466663906e-10	-0.000463790624053
8.9536363354e-10	-0.000545142916963
9.15260603174e-10	-0.000558113708394
9.35157572808e-10	-0.000498808600241
9.55054542443e-10	-0.000381853984436
9.74951512077e-10	-0.000233322978602
9.94848481711e-10	-8.22258443804e-05
1.01474545135e-09	4.67298686999e-05
1.03464242098e-09	0.000137593786349
1.05453939061e-09	0.000184542011993
1.07443636025e-09	0.000190743034182
1.09433332988e-09	0.000165681965882
1.11423029952e-09	0.000122276807815
1.13412726915e-09	7.34861350793e-05
1.15402423878e-09	3.07502859869e-05
1.17392120842e-09	2.99392490888e-06
1.19381817805e-09	-3.46261208506e-06
1.21371514769e-09	1.50683563334e-05
1.23361211732e-09	5.90336385358e-05
1.25350908696e-09	0.000124043745018
1.27340605659e-09	0.00019889309624
1.29330302622e-09	0.000264352391241
1.31319999586e-09	0.000294554265565
1.33309696549e-09	0.000262163492152
1.35299393513e-09	0.00014738428581
1.37289090476e-09	-5.17814805789e-05
1.3927878744e-09	-0.00031192987808
1.41268484403e-09	-0.000584114342928
1.43258181366e-09	-0.000803811301012
1.4524787833e-09	-0.000909331341973
1.47237575293e-09	-0.000863060500706
1.49227272257e-09	-0.000666968058795
1.5121696922e-09	-0.000365048123058
1.53206666184e-09	-3.05108651446e-05
1.55196363147e-09	0.000257890453213
1.5718606011e-09	0.000440962787252
1.59175757074e-09	0.000495682295877
1.61165454037e-09	0.000437423179392
1.63155151001e-09	0.000308394664899
1.65144847964e-09	0.000158926799486
1.67134544927e-09	3.00362862617e-05
1.69124241891e-09	-5.61261804251e-05
1.71113938854e-09	-9.64300961641e-05
1.73103635818e-09	-0.000100143348391
1.75093332781e-09	-8.05152885732e-05
1.77083029745e-09	-4.87123306812e-05
1.79072726708e-09	-1.19481646834e-05
1.81062423671e-09	2.49722870649e-05
1.83052120635e-09	5.70198171772e-05
1.85041817598e-09	7.72164894443e-05
1.87031514562e-09	7.71314771555e-05
1.89021211525e-09	4.95688364026e-05
1.91010908489e-09	-7.34711238692e-06
1.93000605452e-09	-8.65878864715e-05
1.94990302415e-09	-0.000171019302798
1.96979999379e-09	-0.000236249652517
1.98969696342e-09	-0.000257575942669
2.00959393306e-09	-0.000219319466851
2.02949090269e-09	-0.000122781439131
2.04938787232e-09	1.11361946438e-05
2.06928484196e-09	0.000147059115989
2.08918181159e-09	0.000246831390541
2.10907878123e-09	0.000283364672214
2.12897575086e-09	0.000250489072641
2.1488727205e-09	0.00016441999469
2.16876969013e-09	5.62586155866e-05
2.18866665976e-09	-4.0758473915e-05
2.2085636294e-09	-0.000103227062937
2.22846059903e-09	-0.000123772806546
2.24835756867e-09	-0.000109729160613
2.2682545383e-09	-7.65048935136e-05
2.28815150794e-09	-3.96521627408e-05
2.30804847757e-09	-9.50590083448e-06
2.3279454472e-09	1.01617970358e-05
2.34784241684e-09	2.02524315682e-05
2.36773938647e-09	2.33050777751e-05
2.38763635611e-09	2.13362509385e-05
2.40753332574e-09	1.52147313202e-05
2.42743029538e-09	5.36208267476e-06
2.44732726501e-09	-7.14606471774e-06
2.46722423464e-09	-1.99364567379e-05
2.48712120428e-09	-2.94648898489e-05
2.50701817391e-09	-3.18825059367e-05
2.52691514355e-09	-2.43870808845e-05
2.54681211318e-09	-6.52574021842e-06
2.56670908281e-09	1.90135597222e-05
2.58660605245e-09	4.65380944661e-05
2.60650302208e-09	6.8700810516e-05
2.62639999172e-09	7.87502358435e-05
2.64629696135e-09	7.2979782999e-05
2.66619393099e-09	5.22630853084e-05
2.68609090062e-09	2.20334377445e-05
2.70598787025e-09	-9.54830284172e-06
2.72588483989e-09	-3.4427994251e-05
2.74578180952e-09	-4.73254131066e-05
2.76567877916e-09	-4.72035862913e-05
2.78557574879e-09	-3.69501431123e-05
2.80547271843e-09	-2.16621656364e-05
2.82536968806e-09	-6.49733328828e-06
2.84526665769e-09	4.92236722494e-06
2.86516362733e-09	1.11146296149e-05
2.88506059696e-09	1.2362281268e-05
2.9049575666e-09	9.91931847238e-06
2.92485453623e-09	5.29996373189e-06
2.94475150586e-09	-5.49822090079e-08
2.9646484755e-09	-4.81617189507e-06
2.98454544513e-09	-7.78956109571e-06
3.00444241477e-09	-8.08360437077e-06
3.0243393844e-09	-5.42767406841e-06
3.04423635404e-09	-4.48834740041e-07
3.06413332367e-09	5.34547666575e-06
3.0840302933e-09	9.96805647446e-06
3.10392726294e-09	1.16370729302e-05
3.12382423257e-09	9.55196310315e-06
3.14372120221e-09	4.36303253082e-06
3.16361817184e-09	-1.96110761408e-06
3.18351514148e-09	-6.82376912664e-06
3.20341211111e-09	-8.08646063888e-06
3.22330908074e-09	-5.06468677486e-06
3.24320605038e-09	1.0711967775e-06
3.26310302001e-09	7.7387771853e-06
3.28299998965e-09	1.2090074506e-05
3.30289695928e-09	1.23154827634e-05
3.32279392892e-09	8.41888413561e-06
3.34269089855e-09	2.08249275602e-06
3.36258786818e-09	-4.23612573286e-06
3.38248483782e-09	-8.48736317494e-06
3.40238180745e-09	-9.82908386504e-06
3.42227877709e-09	-8.71443216965e-06
3.44217574672e-09	-6.34927323517e-06
3.46207271635e-09	-3.93920208808e-06
3.48196968599e-09	-2.14124258946e-06
3.50186665562e-09	-9.46507100252e-07
3.52176362526e-09	1.02485405051e-07
3.54166059489e-09	1.47195311229e-06
3.56155756453e-09	3.28737348809e-06
3.58145453416e-09	5.15021997671e-06
3.60135150379e-09	6.21317371952e-06
3.62124847343e-09	5.49812489226e-06
3.64114544306e-09	2.37052176999e-06
3.6610424127e-09	-2.99533905945e-06
3.68093938233e-09	-9.39480923989e-06
3.70083635197e-09	-1.4788522094e-05
3.7207333216e-09	-1.69401773746e-05
3.74063029123e-09	-1.43292277244e-05
3.76052726087e-09	-6.93745960234e-06
3.7804242305e-09	3.45021271642e-06
3.80032120014e-09	1.37357010317e-05
3.82021816977e-09	2.06051581699e-05
3.8401151394e-09	2.18792383748e-05
3.86001210904e-09	1.74149045051e-05
3.87990907867e-09	9.14248812478e-06
3.89980604831e-09	1.68451208538e-07
3.91970301794e-09	-6.57203304399e-06
3.93959998758e-09	-9.51838228502e-06
3.95949695721e-09	-8.88071372174e-06
3.97939392684e-09	-6.18252465756e-06
3.99929089648e-09	-3.28182295561e-06
4.01918786611e-09	-1.45747230818e-06
4.03908483575e-09	-9.76178796464e-07
4.05898180538e-09	-1.30454674263e-06
4.07887877502e-09	-1.63084757787e-06
4.09877574465e-09	-1.41621842431e-06
4.11867271428e-09	-6.57864006826e-07
4.13856968392e-09	1.58251495463e-07
4.15846665355e-09	3.56330986051e-07
4.17836362319e-09	-5.71114753711e-07
4.19826059282e-09	-2.65184689852e-06
4.21815756246e-09	-5.34014066034e-06
4.23805453209e-09	-7.61748219702e-06
4.25795150172e-09	-8.34605816635e-06
4.27784847136e-09	-6.6996649366e-06
4.29774544099e-09	-2.58321040292e-06
4.31764241063e-09	3.21821232774e-06
4.33753938026e-09	9.21032687984e-06
4.35743634989e-09	1.36759958878e-05
4.37733331953e-09	1.52865341079e-05
4.39723028916e-09	1.36238600135e-05
4.4171272588e-09	9.32422562983e-06
4.43702422843e-09	3.81657355319e-06
4.45692119807e-09	-1.2577677353e-06
4.4768181677e-09	-4.68463758807e-06
4.49671513733e-09	-6.08287064097e-06
4.51661210697e-09	-5.87051385992e-06
4.5365090766e-09	-4.89567514705e-06
4.55640604624e-09	-3.94953440264e-06
4.57630301587e-09	-3.38629649832e-06
4.59619998551e-09	-3.08635890178e-06
4.61609695514e-09	-2.66567178642e-06
4.63599392477e-09	-1.81187448334e-06
4.65589089441e-09	-5.41045409364e-07
4.67578786404e-09	7.67796535683e-07
4.69568483368e-09	1.56634030191e-06
4.71558180331e-09	1.38626319313e-06
4.73547877294e-09	1.08616927008e-07
4.75537574258e-09	-1.94264441689e-06
4.77527271221e-09	-4.07976062888e-06
4.79516968185e-09	-5.50405275135e-06
4.81506665148e-09	-5.5836806041e-06
4.83496362112e-09	-4.10830807596e-06
4.85486059075e-09	-1.34747443781e-06
4.87475756038e-09	2.02902242563e-06
4.89465453002e-09	5.19289596923e-06
4.91455149965e-09	7.42193810765e-06
4.93444846929e-09	8.30413091535e-06
4.95434543892e-09	7.82493816587e-06
4.97424240856e-09	6.31369766779e-06
4.99413937819e-09	4.29300257565e-06
5.01403634782e-09	2.28361716381e-06
5.03393331746e-09	6.5085737333e-07
5.05383028709e-09	-4.78296755091e-07
5.07372725673e-09	-1.1905904671e-06
5.09362422636e-09	-1.68194992511e-06
5.113521196e-09	-2.12235875097e-06
5.13341816563e-09	-2.58142381426e-06
5.15331513526e-09	-3.00399813113e-06
5.1732121049e-09	-3.26263534589e-06
5.19310907453e-09	-3.25086637076e-06
5.21300604417e-09	-2.97097255952e-06
5.2329030138e-09	-2.55228087553e-06
5.25279998343e-09	-2.20273102514e-06
5.27269695307e-09	-2.10478197005e-06
5.2925939227e-09	-2.29992599543e-06
5.31249089234e-09	-2.63161905423e-06
5.33238786197e-09	-2.81230404653e-06
5.35228483161e-09	-2.52599727446e-06
5.37218180124e-09	-1.60039940056e-06
5.39207877087e-09	-8.0812320391e-08
5.41197574051e-09	1.76700729071e-06
5.43187271014e-09	3.57784733751e-06
5.45176967978e-09	4.98407212035e-06
5.47166664941e-09	5.74333239456e-06
5.49156361905e-09	5.76238653593e-06
5.51146058868e-09	5.11719917995e-06
5.53135755831e-09	3.98873021368e-06
5.55125452795e-09	2.62351829861e-06
5.57115149758e-09	1.27549918716e-06
5.59104846722e-09	1.35538201107e-07
5.61094543685e-09	-7.08279998207e-07
5.63084240649e-09	-1.2691478446e-06
5.65073937612e-09	-1.62909879009e-06
5.67063634575e-09	-1.89313414012e-06
5.69053331539e-09	-2.12005863887e-06
5.71043028502e-09	-2.31030867326e-06
5.73032725466e-09	-2.40444853716e-06
5.75022422429e-09	-2.33800062688e-06
5.77012119392e-09	-2.08338940411e-06
5.79001816356e-09	-1.69570154185e-06
5.80991513319e-09	-1.30455055114e-06
5.82981210283e-09	-1.05451766785e-06
5.84970907246e-09	-1.03739040469e-06
5.8696060421e-09	-1.231720546e-06
5.88950301173e-09	-1.48661996491e-06
5.90939998136e-09	-1.60216126233e-06
5.929296951e-09	-1.40270077509e-06
5.94919392063e-09	-8.26130047926e-07
5.96909089027e-09	6.8171974732e-08
5.9889878599e-09	1.12355024839e-06
6.00888482954e-09	2.16052285396e-06
6.02878179917e-09	3.02268347241e-06
6.0486787688e-09	3.59934608696e-06
6.06857573844e-09	3.83738972687e-06
6.08847270807e-09	3.74021738025e-06
6.10836967771e-09	3.34726951223e-06
6.12826664734e-09	2.72900092568e-06
6.14816361697e-09	1.96606470126e-06
6.16806058661e-09	1.12802979402e-06
6.18795755624e-09	2.74088634455e-07
6.20785452588e-09	-5.5397654819e-07
6.22775149551e-09	-1.30062085191e-06
6.24764846515e-09	-1.92017654399e-06
6.26754543478e-09	-2.36613698235e-06
6.28744240441e-09	-2.61741115537e-06
6.30733937405e-09	-2.68317091923e-06
6.32723634368e-09	-2.61239642896e-06
6.34713331332e-09	-2.47137757015e-06
6.36703028295e-09	-2.32594322824e-06
6.38692725259e-09	-2.21043558213e-06
6.40682422222e-09	-2.09799986806e-06
6.42672119185e-09	-1.91170232711e-06
6.44661816149e-09	-1.54396860808e-06
6.46651513112e-09	-9.252752875e-07
6.48641210076e-09	-5.66497462273e-08
6.50630907039e-09	9.56148284104e-07
6.52620604003e-09	1.94638607809e-06
6.54610300966e-09	2.73897217085e-06
6.56599997929e-09	3.20666947573e-06
6.58589694893e-09	3.31423882471e-06
6.60579391856e-09	3.10142297621e-06
6.6256908882e-09	2.66368863322e-06
6.64558785783e-09	2.10184634852e-06
6.66548482746e-09	1.50726009451e-06
6.6853817971e-09	9.43374175222e-07
6.70527876673e-09	4.37572097667e-07
6.72517573637e-09	3.09738368287e-09
6.745072706e-09	-3.53349506099e-07
6.76496967564e-09	-6.2313065996e-07
6.78486664527e-09	-7.91916448861e-07
6.8047636149e-09	-8.59671331455e-07
6.82466058454e-09	-8.57487009398e-07
6.84455755417e-09	-8.43625969082e-07
6.86445452381e-09	-8.98548847772e-07
6.88435149344e-09	-1.08807159904e-06
6.90424846308e-09	-1.42891042287e-06
6.92414543271e-09	-1.87469555613e-06
6.94404240234e-09	-2.32351669638e-06
6.96393937198e-09	-2.63165259184e-06
6.98383634161e-09	-2.66759570877e-06
7.00373331125e-09	-2.34992387504e-06
7.02363028088e-09	-1.68770270648e-06
7.04352725051e-09	-7.80398096367e-07
7.06342422015e-09	2.04648728186e-07
7.08332118978e-09	1.08930612441e-06
7.10321815942e-09	1.74127217178e-06
7.12311512905e-09	2.12656402709e-06
7.14301209869e-09	2.28916883316e-06
7.16290906832e-09	2.32695833802e-06
7.18280603795e-09	2.33703462982e-06
7.20270300759e-09	2.36716130075e-06
7.22259997722e-09	2.39301368765e-06
7.24249694686e-09	2.34145909417e-06
7.26239391649e-09	2.123694685e-06
7.28229088613e-09	1.68590958083e-06
7.30218785576e-09	1.04575281057e-06
7.32208482539e-09	2.95604948519e-07
7.34198179503e-09	-4.31760511788e-07
7.36187876466e-09	-1.01754886828e-06
7.3817757343e-09	-1.40235403023e-06
7.40167270393e-09	-1.60915982406e-06
7.42156967357e-09	-1.72847342128e-06
7.4414666432e-09	-1.86163924809e-06
7.46136361283e-09	-2.07973562283e-06
7.48126058247e-09	-2.37557469518e-06
7.5011575521e-09	-2.66261031356e-06
7.52105452174e-09	-2.80116364593e-06
7.54095149137e-09	-2.65381299869e-06
7.560848461e-09	-2.14359204165e-06
7.58074543064e-09	-1.30148720245e-06
7.60064240027e-09	-2.60366846305e-07
7.62053936991e-09	7.8377431123e-07
7.64043633954e-09	1.63834994282e-06
7.66033330918e-09	2.18479726755e-06
7.68023027881e-09	2.40057920564e-06
7.70012724844e-09	2.3549459911e-06
7.72002421808e-09	2.16218040805e-06
7.73992118771e-09	1.93085548972e-06
7.75981815735e-09	1.72084156702e-06
7.77971512698e-09	1.53325453311e-06
7.79961209662e-09	1.32252347385e-06
7.81950906625e-09	1.0401844861e-06
7.83940603588e-09	6.66122872417e-07
7.85930300552e-09	2.45059453619e-07
7.87919997515e-09	-1.33138769343e-07
7.89909694479e-09	-3.69263091216e-07
7.91899391442e-09	-4.13630758089e-07
7.93889088405e-09	-3.06048249854e-07
7.95878785369e-09	-1.62749181243e-07
7.97868482332e-09	-1.42740923081e-07
7.99858179296e-09	-3.72330561049e-07
8.01847876259e-09	-8.88523317144e-07
8.03837573223e-09	-1.61672625154e-06
8.05827270186e-09	-2.38407494635e-06
8.07816967149e-09	-2.97131066418e-06
8.09806664113e-09	-3.18734612392e-06
8.11796361076e-09	-2.93306970889e-06
8.1378605804e-09	-2.23260212806e-06
8.15775755003e-09	-1.22411051962e-06
8.17765451967e-09	-1.11784572709e-07
8.1975514893e-09	9.06462872763e-07
8.21744845893e-09	1.69641822367e-06
8.23734542857e-09	2.20618323965e-06
8.2572423982e-09	2.45931619247e-06
8.27713936784e-09	2.51962353559e-06
8.29703633747e-09	2.4517297561e-06
8.31693330711e-09	2.29462170864e-06
8.33683027674e-09	2.05548349186e-06
8.35672724637e-09	1.72166738821e-06
8.37662421601e-09	1.28620200712e-06
8.39652118564e-09	7.66128124496e-07
8.41641815528e-09	2.17118291346e-07
8.43631512491e-09	-2.81410606817e-07
8.45621209454e-09	-6.57043926822e-07
8.47610906418e-09	-8.77977299751e-07
8.49600603381e-09	-9.71949333461e-07
8.51590300345e-09	-1.0043991665e-06
8.53579997308e-09	-1.06004051759e-06
8.55569694272e-09	-1.19773415008e-06
8.57559391235e-09	-1.42935067515e-06
8.59549088198e-09	-1.70868776195e-06
8.61538785162e-09	-1.95152483684e-06
8.63528482125e-09	-2.05212006676e-06
8.65518179089e-09	-1.93123304371e-06
8.67507876052e-09	-1.55212262598e-06
8.69497573016e-09	-9.53557957928e-07
8.71487269979e-09	-2.26137146342e-07
8.73476966942e-09	5.13615987074e-07
8.75466663906e-09	1.15862070516e-06
8.77456360869e-09	1.63887904137e-06
8.79446057833e-09	1.92985015701e-06
8.81435754796e-09	2.03668878385e-06
8.83425451759e-09	1.98065504264e-06
8.85415148723e-09	1.79379577503e-06
8.87404845686e-09	1.5093617094e-06
8.8939454265e-09	1.15665858402e-06
8.91384239613e-09	7.69753029317e-07
8.93373936577e-09	3.81612565548e-07
8.9536363354e-09	2.81838747895e-08
8.97353330503e-09	-2.49419969123e-07
8.99343027467e-09	-4.10188178535e-07
9.0133272443e-09	-4.35593420889e-07
9.03322421394e-09	-3.423684376e-07
9.05312118357e-09	-1.87324211254e-07
9.07301815321e-09	-5.49991678866e-08
9.09291512284e-09	-3.49444650993e-08
9.11281209247e-09	-1.82103818247e-07
9.13270906211e-09	-5.11417340476e-07
9.15260603174e-09	-9.81018615676e-07
9.17250300138e-09	-1.49670211158e-06
9.19239997101e-09	-1.94013330201e-06
9.21229694065e-09	-2.19920218569e-06
9.23219391028e-09	-2.19473292873e-06
9.25209087991e-09	-1.90580436765e-06
9.27198784955e-09	-1.37389628208e-06
9.29188481918e-09	-6.79813297211e-07
9.31178178882e-09	7.76204345243e-08
9.33167875845e-09	8.13183049786e-07
9.35157572808e-09	1.45571726762e-06
9.37147269772e-09	1.95641723622e-06
9.39136966735e-09	2.28166788929e-06
9.41126663699e-09	2.41795055445e-06
9.43116360662e-09	2.35344691646e-06
9.45106057626e-09	2.09463155443e-06
9.47095754589e-09	1.66359211562e-06
9.49085451552e-09	1.10993551061e-06
9.51075148516e-09	5.02633355381e-07
9.53064845479e-09	-6.15567508078e-08
9.55054542443e-09	-4.9502574484e-07
9.57044239406e-09	-7.40139881827e-07
9.5903393637e-09	-7.97714278633e-07
9.61023633333e-09	-7.17930760175e-07
9.63013330296e-09	-5.8884796772e-07
9.6500302726e-09	-4.97460291626e-07
9.66992724223e-09	-5.11638290845e-07
9.68982421187e-09	-6.52680824942e-07
9.7097211815e-09	-8.93518347311e-07
9.72961815113e-09	-1.17180172765e-06
9.74951512077e-09	-1.39995779591e-06
9.7694120904e-09	-1.50124844822e-06
9.78930906004e-09	-1.43632576055e-06
9.80920602967e-09	-1.21497208738e-06
9.82910299931e-09	-8.8177591806e-07
9.84899996894e-09	-4.89407455007e-07
9.86889693857e-09	-7.82991342874e-08
9.88879390821e-09	3.35059070267e-07
9.90869087784e-09	7.40661306509e-07
9.92858784748e-09	1.1194193803e-06
9.94848481711e-09	1.43436591316e-06
9.96838178675e-09	1.63592824265e-06
9.98827875638e-09	1.68019670355e-06
1.0008175726e-08	1.54830098609e-06
1.00280726956e-08	1.24970387105e-06
1.00479696653e-08	8.40935456381e-07
1.00678666349e-08	4.14894898881e-07
1.00877636046e-08	6.67412827227e-08
1.01076605742e-08	-1.19775915408e-07
1.01275575438e-08	-1.24631618803e-07
1.01474545135e-08	9.29313292986e-09
1.01673514831e-08	1.83547513188e-07
1.01872484527e-08	2.95468097988e-07
1.02071454224e-08	2.63755211449e-07
1.0227042392e-08	6.40624264747e-08
1.02469393616e-08	-2.80568556832e-07
1.02668363313e-08	-7.08096393964e-07
1.02867333009e-08	-1.14295198728e-06
1.03066302705e-08	-1.50642159724e-06
1.03265272402e-08	-1.74202972403e-06
1.03464242098e-08	-1.82420285455e-06
1.03663211794e-08	-1.75622528786e-06
1.03862181491e-08	-1.55391654744e-06
1.04061151187e-08	-1.23039069422e-06
1.04260120883e-08	-7.90717621157e-07
1.0445909058e-08	-2.33909844383e-07
1.04658060276e-08	4.13397771126e-07
1.04857029972e-08	1.08888872319e-06
1.05055999669e-08	1.69660950178e-06
1.05254969365e-08	2.13509656533e-06
1.05453939061e-08	2.32813408729e-06
1.05652908758e-08	2.24271389015e-06
1.05851878454e-08	1.89932580952e-06
1.0605084815e-08	1.36782648497e-06
1.06249817847e-08	7.5306647318e-07
1.06448787543e-08	1.68603662587e-07
1.06647757239e-08	-2.92969957627e-07
1.06846726936e-08	-5.80706085884e-07
1.07045696632e-08	-7.05470966977e-07
1.07244666328e-08	-7.14041874517e-07
1.07443636025e-08	-6.71666697372e-07
1.07642605721e-08	-6.18972251232e-07
1.07841575417e-08	-5.85179833479e-07
1.08040545114e-08	-5.84194481235e-07
1.0823951481e-08	-6.13837414676e-07
1.08438484507e-08	-6.75507578762e-07
1.08637454203e-08	-7.61492856327e-07
1.08836423899e-08	-8.4493726149e-07
1.09035393596e-08	-8.99112166053e-07
1.09234363292e-08	-9.03513068806e-07
1.09433332988e-08	-8.39918300244e-07
1.09632302685e-08	-6.91263380759e-07
1.09831272381e-08	-4.48925419505e-07
1.10030242077e-08	-1.07311272757e-07
1.10229211774e-08	3.14177327709e-07
1.1042818147e-08	7.64461020708e-07
1.10627151166e-08	1.17809599942e-06
1.10826120863e-08	1.47818582263e-06
1.11025090559e-08	1.6236766669e-06
1.11224060255e-08	1.59305369607e-06
1.11423029952e-08	1.40154679684e-06
1.11621999648e-08	1.08291379775e-06
1.11820969344e-08	6.93340524549e-07
1.12019939041e-08	2.9439455318e-07
1.12218908737e-08	-5.17652338772e-08
1.12417878433e-08	-3.00665305986e-07
1.1261684813e-08	-4.45925294912e-07
1.12815817826e-08	-5.0378670835e-07
1.13014787522e-08	-5.09012096472e-07
1.13213757219e-08	-5.01408976561e-07
1.13412726915e-08	-5.01516723261e-07
1.13611696611e-08	-5.25150682051e-07
1.13810666308e-08	-5.86360840771e-07
1.14009636004e-08	-6.83182804551e-07
1.142086057e-08	-8.03093655577e-07
1.14407575397e-08	-9.23442144085e-07
1.14606545093e-08	-1.01174799738e-06
1.14805514789e-08	-1.0348168189e-06
1.15004484486e-08	-9.76141222964e-07
1.15203454182e-08	-8.23864439781e-07
1.15402423878e-08	-5.67316448041e-07
1.15601393575e-08	-2.07523392248e-07
1.15800363271e-08	2.36024533251e-07
1.15999332968e-08	7.33008050702e-07
1.16198302664e-08	1.21313928503e-06
1.1639727236e-08	1.60661488735e-06
1.16596242057e-08	1.84345782372e-06
1.16795211753e-08	1.88059613038e-06
1.16994181449e-08	1.70335164285e-06
1.17193151146e-08	1.3438826727e-06
1.17392120842e-08	8.58548958149e-07
1.17591090538e-08	3.31412110199e-07
1.17790060235e-08	-1.5463453451e-07
1.17989029931e-08	-5.33756747245e-07
1.18187999627e-08	-7.7559593592e-07
1.18386969324e-08	-8.83577826016e-07
1.1858593902e-08	-8.76122300042e-07
1.18784908716e-08	-7.92357212731e-07
1.18983878413e-08	-6.66101186653e-07
1.19182848109e-08	-5.27938510686e-07
1.19381817805e-08	-4.05675805837e-07
1.19580787502e-08	-3.20236708262e-07
1.19779757198e-08	-2.87837565338e-07
1.19978726894e-08	-3.07529774091e-07
1.20177696591e-08	-3.76180665285e-07
1.20376666287e-08	-4.79982119828e-07
1.20575635983e-08	-5.90806706668e-07
1.2077460568e-08	-6.62520591277e-07
1.20973575376e-08	-6.56497292084e-07
1.21172545072e-08	-5.34120630391e-07
1.21371514769e-08	-2.86609989075e-07
1.21570484465e-08	5.6010904359e-08
1.21769454161e-08	4.40676714675e-07
1.21968423858e-08	8.01609360224e-07
1.22167393554e-08	1.07956032025e-06
1.2236636325e-08	1.2331344692e-06
1.22565332947e-08	1.25175381527e-06
1.22764302643e-08	1.14553017738e-06
1.22963272339e-08	9.45553949805e-07
1.23162242036e-08	6.97889618095e-07
1.23361211732e-08	4.38342681264e-07
1.23560181429e-08	1.95164489014e-07
1.23759151125e-08	-2.2248722864e-08
1.23958120821e-08	-2.0902437825e-07
1.24157090518e-08	-3.60168769475e-07
1.24356060214e-08	-4.63473853074e-07
1.2455502991e-08	-5.11235782596e-07
1.24753999607e-08	-5.03833547327e-07
1.24952969303e-08	-4.58569203943e-07
1.25151938999e-08	-4.06013938914e-07
1.25350908696e-08	-3.79313632948e-07
1.25549878392e-08	-4.0278602853e-07
1.25748848088e-08	-4.82706184357e-07
1.25947817785e-08	-6.04714415431e-07
1.26146787481e-08	-7.29265963173e-07
1.26345757177e-08	-8.03690710427e-07
1.26544726874e-08	-7.77105896077e-07
1.2674369657e-08	-6.26035728146e-07
1.26942666266e-08	-3.54813124659e-07
1.27141635963e-08	-4.2356838037e-09
1.27340605659e-08	3.68866722056e-07
1.27539575355e-08	7.08308789399e-07
1.27738545052e-08	9.72479313077e-07
1.27937514748e-08	1.13424465553e-06
1.28136484444e-08	1.17979755032e-06
1.28335454141e-08	1.1121217085e-06
1.28534423837e-08	9.52906304974e-07
1.28733393533e-08	7.21823568028e-07
1.2893236323e-08	4.51409107427e-07
1.29131332926e-08	1.66298669058e-07
1.29330302622e-08	-1.07272583705e-07
1.29529272319e-08	-3.48836806552e-07
1.29728242015e-08	-5.2298756259e-07
1.29927211711e-08	-6.06738240094e-07
1.30126181408e-08	-5.88953497527e-07
1.30325151104e-08	-4.91038463224e-07
1.30524120801e-08	-3.48892484681e-07
1.30723090497e-08	-2.1313242371e-07
1.30922060193e-08	-1.24831380788e-07
1.3112102989e-08	-1.12346871362e-07
1.31319999586e-08	-1.72874202065e-07
1.31518969282e-08	-2.96966376823e-07
1.31717938979e-08	-4.52309521393e-07
1.31916908675e-08	-5.88653392697e-07
1.32115878371e-08	-6.62419040509e-07
1.32314848068e-08	-6.39053041596e-07
1.32513817764e-08	-5.08787564968e-07
1.3271278746e-08	-2.84812642803e-07
1.32911757157e-08	4.90688378818e-10
1.33110726853e-08	3.16855917504e-07
1.33309696549e-08	6.27227763061e-07
1.33508666246e-08	8.99649336361e-07
1.33707635942e-08	1.10035563239e-06
1.33906605638e-08	1.19734897908e-06
1.34105575335e-08	1.17623960705e-06
1.34304545031e-08	1.04078196728e-06
1.34503514727e-08	8.06444489854e-07
1.34702484424e-08	5.03811548924e-07
1.3490145412e-08	1.64306825923e-07
1.35100423816e-08	-1.71665838877e-07
1.35299393513e-08	-4.6992300895e-07
1.35498363209e-08	-6.91041833534e-07
1.35697332905e-08	-8.18848093331e-07
1.35896302602e-08	-8.47676318472e-07
1.36095272298e-08	-8.02222785978e-07
1.36294241994e-08	-7.07319799176e-07
1.36493211691e-08	-5.9415495457e-07
1.36692181387e-08	-4.87014375494e-07
1.36891151083e-08	-4.05220703215e-07
1.3709012078e-08	-3.5299586898e-07
1.37289090476e-08	-3.2771922065e-07
1.37488060172e-08	-3.09744706328e-07
1.37687029869e-08	-2.74006296763e-07
1.37885999565e-08	-1.97617360698e-07
1.38084969262e-08	-6.84509622317e-08
1.38283938958e-08	1.0600079392e-07
1.38482908654e-08	3.12718825057e-07
1.38681878351e-08	5.29224905677e-07
1.38880848047e-08	7.30907032676e-07
1.39079817743e-08	8.89986097263e-07
1.3927878744e-08	9.8516881053e-07
1.39477757136e-08	9.98987502498e-07
1.39676726832e-08	9.26582174543e-07
1.39875696529e-08	7.78899362786e-07
1.40074666225e-08	5.65935380337e-07
1.40273635921e-08	3.10946020932e-07
1.40472605618e-08	2.71827733656e-08
1.40671575314e-08	-2.5464244402e-07
1.4087054501e-08	-4.99976749779e-07
1.41069514707e-08	-6.80582019186e-07
1.41268484403e-08	-7.71482149275e-07
1.41467454099e-08	-7.68747810298e-07
1.41666423796e-08	-6.87610878458e-07
1.41865393492e-08	-5.56956109676e-07
1.42064363188e-08	-4.05143197213e-07
1.42263332885e-08	-2.68307417173e-07
1.42462302581e-08	-1.73676319548e-07
1.42661272277e-08	-1.39496371787e-07
1.42860241974e-08	-1.61848419111e-07
1.4305921167e-08	-2.16739053371e-07
1.43258181366e-08	-2.75747723322e-07
1.43457151063e-08	-3.02315783074e-07
1.43656120759e-08	-2.78633493167e-07
1.43855090455e-08	-1.99593884531e-07
1.44054060152e-08	-6.78001867982e-08
1.44253029848e-08	1.0950218865e-07
1.44451999544e-08	3.16665463629e-07
1.44650969241e-08	5.32536176934e-07
1.44849938937e-08	7.28996639054e-07
1.45048908633e-08	8.77024262991e-07
1.4524787833e-08	9.55992305762e-07
1.45446848026e-08	9.49534808115e-07
1.45645817723e-08	8.50930319984e-07
1.45844787419e-08	6.62063939671e-07
1.46043757115e-08	3.96668866642e-07
1.46242726812e-08	8.56532338389e-08
1.46441696508e-08	-2.24494705492e-07
1.46640666204e-08	-4.86165077973e-07
1.46839635901e-08	-6.65807959876e-07
1.47038605597e-08	-7.48700472286e-07
1.47237575293e-08	-7.43055579733e-07
1.4743654499e-08	-6.64892695568e-07
1.47635514686e-08	-5.42262995396e-07
1.47834484382e-08	-4.00379661869e-07
1.48033454079e-08	-2.6564697464e-07
1.48232423775e-08	-1.59462807403e-07
1.48431393471e-08	-9.09988351339e-08
1.48630363168e-08	-5.33651611789e-08
1.48829332864e-08	-3.65898387145e-08
1.4902830256e-08	-3.2713051823e-08
1.49227272257e-08	-3.3274265121e-08
1.49426241953e-08	-3.50965461138e-08
1.49625211649e-08	-2.52156215907e-08
1.49824181346e-08	8.86962769897e-09
1.50023151042e-08	7.94543417726e-08
1.50222120738e-08	1.85124740426e-07
1.50421090435e-08	3.08449230602e-07
1.50620060131e-08	4.26405932785e-07
1.50819029827e-08	5.17040376735e-07
1.51017999524e-08	5.61265920851e-07
1.5121696922e-08	5.44823024029e-07
1.51415938916e-08	4.61545226926e-07
1.51614908613e-08	3.17042278652e-07
1.51813878309e-08	1.34494506199e-07
1.52012848005e-08	-5.0617842362e-08
1.52211817702e-08	-2.03843576685e-07
1.52410787398e-08	-3.0368806847e-07
1.52609757094e-08	-3.48797911442e-07
1.52808726791e-08	-3.48368288883e-07
1.53007696487e-08	-3.14781303246e-07
1.53206666184e-08	-2.58529283315e-07
1.5340563588e-08	-1.91154462925e-07
1.53604605576e-08	-1.29485265177e-07
1.53803575273e-08	-8.9411496873e-08
1.54002544969e-08	-8.13674567723e-08
1.54201514665e-08	-1.02507687672e-07
1.54400484362e-08	-1.41129476106e-07
1.54599454058e-08	-1.87041059974e-07
1.54798423754e-08	-2.29009721409e-07
1.54997393451e-08	-2.58002273767e-07
1.55196363147e-08	-2.58865171077e-07
1.55395332843e-08	-2.10572473236e-07
1.5559430254e-08	-1.04185168937e-07
1.55793272236e-08	5.83441828184e-08
1.55992241932e-08	2.52187007277e-07
1.56191211629e-08	4.44399148591e-07
1.56390181325e-08	6.0418966541e-07
1.56589151021e-08	7.08193880428e-07
1.56788120718e-08	7.40149005196e-07
1.56987090414e-08	6.90935792136e-07
1.5718606011e-08	5.6000928339e-07
1.57385029807e-08	3.60948405387e-07
1.57583999503e-08	1.23966415799e-07
1.57782969199e-08	-1.16781542658e-07
1.57981938896e-08	-3.31988616153e-07
1.58180908592e-08	-5.00425443306e-07
1.58379878288e-08	-6.10591968098e-07
1.58578847985e-08	-6.58751588389e-07
1.58777817681e-08	-6.41580299998e-07
