% time-domain voltage integration by openEMS v0.0.36 @Mon Jan 19 11:06:47 2026
% start-coordinates: (0.03,0.011,0.000542468) m -> [32,25,30]
% stop-coordinates: (0.03,0.011,0.00456047) m -> [32,25,56]
% t/s	voltage
0	-0
4.16371096714e-11	-0
8.32742193429e-11	2.7492988391e-21
1.24911329014e-10	1.32317253777e-13
1.66548438686e-10	3.12774261612e-09
2.08185548357e-10	3.91104853392e-07
2.49822658029e-10	8.25405958693e-07
2.914597677e-10	1.51975907459e-06
3.33096877372e-10	1.58901489566e-06
3.74733987043e-10	-2.54532373845e-07
4.16371096714e-10	-3.7296360631e-06
4.58008206386e-10	-1.4096146117e-05
4.99645316057e-10	-3.39330765655e-05
5.41282425729e-10	-5.92180311827e-05
5.829195354e-10	-8.69494739391e-05
6.24556645072e-10	-9.95549880827e-05
6.66193754743e-10	-7.02001170794e-05
7.07830864415e-10	3.14184080707e-05
7.49467974086e-10	0.000239391443756
