% time-domain voltage integration by openEMS v0.0.36 @Thu Jan 22 08:34:31 2026
% start-coordinates: (-0.025,0.0115,0.0015) m -> [44,65,9]
% stop-coordinates: (-0.025,0.0115,0) m -> [44,65,7]
% t/s	voltage
0	0
1.98969696342e-11	0
3.97939392684e-11	-1.46590906879e-23
5.96909089027e-11	-1.57819239719e-13
7.95878785369e-11	-1.24731996953e-09
9.94848481711e-11	-3.23559756765e-08
1.19381817805e-10	-2.811251818e-07
1.3927878744e-10	-3.69574024717e-07
1.59175757074e-10	-2.7619761056e-07
1.79072726708e-10	6.19076104158e-07
1.98969696342e-10	3.03033834825e-06
2.18866665976e-10	8.03899411039e-06
2.38763635611e-10	1.65670007846e-05
2.58660605245e-10	2.84091456706e-05
2.78557574879e-10	4.07535299018e-05
2.98454544513e-10	4.64389322588e-05
3.18351514148e-10	3.3272044675e-05
3.38248483782e-10	-1.45043586599e-05
3.58145453416e-10	-0.000111097928311
3.7804242305e-10	-0.000260693443124
3.97939392684e-10	-0.000447746017016
4.17836362319e-10	-0.000630811584415
4.37733331953e-10	-0.000745470111724
4.57630301587e-10	-0.000719711824786
4.77527271221e-10	-0.00049973584828
4.97424240856e-10	-7.786059723e-05
5.1732121049e-10	0.000490220380016
5.37218180124e-10	0.00109004997648
5.57115149758e-10	0.00157786032651
5.77012119392e-10	0.00182644865708
5.96909089027e-10	0.00176976964576
6.16806058661e-10	0.00142747419886
6.36703028295e-10	0.000898297614185
6.56599997929e-10	0.000325077358866
6.76496967564e-10	-0.000153961016622
6.96393937198e-10	-0.000447857935796
7.16290906832e-10	-0.000534445949597
7.36187876466e-10	-0.000455978210084
7.560848461e-10	-0.000294571829727
7.75981815735e-10	-0.000139642957947
7.95878785369e-10	-5.91812022321e-05
8.15775755003e-10	-8.2924059825e-05
8.35672724637e-10	-0.000199681133381
8.55569694272e-10	-0.000366780630429
8.75466663906e-10	-0.000527033233084
8.9536363354e-10	-0.000627679139143
9.15260603174e-10	-0.000635893724393
9.35157572808e-10	-0.000546864408534
9.55054542443e-10	-0.000382690210245
9.74951512077e-10	-0.000183209704119
9.94848481711e-10	7.46602336221e-06
1.01474545135e-09	0.000153845925524
1.03464242098e-09	0.000237158710661
1.05453939061e-09	0.000256905914284
1.07443636025e-09	0.000226647549425
1.09433332988e-09	0.000166871766851
1.11423029952e-09	9.82322853815e-05
1.13412726915e-09	3.66210842913e-05
1.15402423878e-09	-7.85196516517e-06
1.17392120842e-09	-2.99005478155e-05
1.19381817805e-09	-2.71357203019e-05
1.21371514769e-09	1.12714940315e-06
1.23361211732e-09	5.34760474693e-05
1.25350908696e-09	0.000124499609228
1.27340605659e-09	0.000202299524972
1.29330302622e-09	0.000267213923507
1.31319999586e-09	0.000293340941425
1.33309696549e-09	0.000254352067714
1.35299393513e-09	0.000132889086672
1.37289090476e-09	-6.925150592e-05
1.3927878744e-09	-0.000324492779328
1.41268484403e-09	-0.000581220549066
1.43258181366e-09	-0.000775600521592
1.4524787833e-09	-0.000851160031743
1.47237575293e-09	-0.000779436901212
1.49227272257e-09	-0.000572655902943
1.5121696922e-09	-0.000282063425402
1.53206666184e-09	1.85587341548e-05
1.55196363147e-09	0.000257869702182
1.5718606011e-09	0.00039007315354
1.59175757074e-09	0.000406663515605
1.61165454037e-09	0.000333080039127
1.63155151001e-09	0.000213516461372
1.65144847964e-09	9.21010287129e-05
1.67134544927e-09	-1.12301086119e-06
1.69124241891e-09	-5.5005584727e-05
1.71113938854e-09	-7.35621797503e-05
1.73103635818e-09	-6.80062876199e-05
1.75093332781e-09	-4.94455489388e-05
1.77083029745e-09	-2.51407273026e-05
1.79072726708e-09	1.46502537746e-06
1.81062423671e-09	2.86249742203e-05
1.83052120635e-09	5.39847151231e-05
1.85041817598e-09	7.34062814445e-05
1.87031514562e-09	8.11427235021e-05
1.89021211525e-09	7.11427055649e-05
1.91010908489e-09	3.90814439015e-05
1.93000605452e-09	-1.5298825474e-05
1.94990302415e-09	-8.62152883201e-05
1.96979999379e-09	-0.000161101655976
1.98969696342e-09	-0.000222138558456
2.00959393306e-09	-0.000250288358075
2.02949090269e-09	-0.000231451238506
2.04938787232e-09	-0.000162426847965
2.06928484196e-09	-5.43556761841e-05
2.08918181159e-09	6.87104620738e-05
2.10907878123e-09	0.000176252098754
2.12897575086e-09	0.000240938046772
2.1488727205e-09	0.00024774108897
2.16876969013e-09	0.000198854912014
2.18866665976e-09	0.000112355417514
2.2085636294e-09	1.52158163473e-05
2.22846059903e-09	-6.62193488097e-05
2.24835756867e-09	-0.000114507613034
2.2682545383e-09	-0.000125034697703
2.28815150794e-09	-0.000104855545942
2.30804847757e-09	-6.77499010635e-05
2.3279454472e-09	-2.81136017293e-05
2.34784241684e-09	3.68271344087e-06
2.36773938647e-09	2.31218464251e-05
2.38763635611e-09	3.07234158754e-05
2.40753332574e-09	2.97918486467e-05
2.42743029538e-09	2.40690487772e-05
2.44732726501e-09	1.63666072694e-05
2.46722423464e-09	8.28189922686e-06
2.48712120428e-09	6.01025732294e-07
2.50701817391e-09	-6.17887712906e-06
2.52691514355e-09	-1.15887432912e-05
2.54681211318e-09	-1.52410743794e-05
2.56670908281e-09	-1.70223547684e-05
2.58660605245e-09	-1.71331130332e-05
2.60650302208e-09	-1.58625753102e-05
2.62639999172e-09	-1.31531578518e-05
2.64629696135e-09	-8.23155187391e-06
2.66619393099e-09	2.72601511142e-07
2.68609090062e-09	1.35161299113e-05
2.70598787025e-09	3.12168995151e-05
2.72588483989e-09	5.0587052101e-05
2.74578180952e-09	6.63155697112e-05
2.76567877916e-09	7.20851785445e-05
2.78557574879e-09	6.32476039755e-05
2.80547271843e-09	3.94587150367e-05
2.82536968806e-09	5.73326587983e-06
2.84526665769e-09	-2.88755982183e-05
2.86516362733e-09	-5.469350981e-05
2.88506059696e-09	-6.52730523143e-05
2.9049575666e-09	-5.97539019509e-05
2.92485453623e-09	-4.26783044531e-05
2.94475150586e-09	-2.1434779228e-05
2.9646484755e-09	-2.9166543527e-06
2.98454544513e-09	8.99751012184e-06
3.00444241477e-09	1.40776669468e-05
3.0243393844e-09	1.46497536662e-05
3.04423635404e-09	1.37280667332e-05
3.06413332367e-09	1.34589336085e-05
3.0840302933e-09	1.44614091369e-05
3.10392726294e-09	1.60211056937e-05
3.12382423257e-09	1.66699810507e-05
3.14372120221e-09	1.47744735841e-05
3.16361817184e-09	8.9779391601e-06
3.18351514148e-09	-1.38341533784e-06
3.20341211111e-09	-1.57769818543e-05
3.22330908074e-09	-3.19606551784e-05
3.24320605038e-09	-4.58578542748e-05
3.26310302001e-09	-5.22732116224e-05
3.28299998965e-09	-4.64835993625e-05
3.30289695928e-09	-2.63894553427e-05
3.32279392892e-09	5.7226611716e-06
3.34269089855e-09	4.28075545642e-05
3.36258786818e-09	7.46922523831e-05
3.38248483782e-09	9.13563817448e-05
3.40238180745e-09	8.66816953931e-05
3.42227877709e-09	6.10639017395e-05
3.44217574672e-09	2.15992067751e-05
3.46207271635e-09	-2.03271893042e-05
3.48196968599e-09	-5.3147536164e-05
3.50186665562e-09	-6.90925553499e-05
3.52176362526e-09	-6.64925973979e-05
3.54166059489e-09	-4.9501133617e-05
3.56155756453e-09	-2.56857611021e-05
3.58145453416e-09	-2.7967951155e-06
3.60135150379e-09	1.38931368383e-05
3.62124847343e-09	2.26105521506e-05
3.64114544306e-09	2.45192541115e-05
3.6610424127e-09	2.22047574425e-05
3.68093938233e-09	1.81629939107e-05
3.70083635197e-09	1.38640443765e-05
3.7207333216e-09	9.59667795541e-06
3.74063029123e-09	4.8130086725e-06
3.76052726087e-09	-1.33762102905e-06
3.7804242305e-09	-9.48537990553e-06
3.80032120014e-09	-1.95940792764e-05
3.82021816977e-09	-3.05796975226e-05
3.8401151394e-09	-4.02139430662e-05
3.86001210904e-09	-4.53712746094e-05
3.87990907867e-09	-4.28118655691e-05
3.89980604831e-09	-3.03148062812e-05
3.91970301794e-09	-7.91729644334e-06
3.93959998758e-09	2.13064304262e-05
3.95949695721e-09	5.13851482538e-05
3.97939392684e-09	7.47105150367e-05
3.99929089648e-09	8.4272804088e-05
4.01918786611e-09	7.61303053878e-05
4.03908483575e-09	5.11770667799e-05
4.05898180538e-09	1.53739711095e-05
4.07887877502e-09	-2.1910801479e-05
4.09877574465e-09	-5.09465535288e-05
4.11867271428e-09	-6.49066423648e-05
4.13856968392e-09	-6.20376176812e-05
4.15846665355e-09	-4.58235826954e-05
4.17836362319e-09	-2.31628519032e-05
4.19826059282e-09	-1.48387891841e-06
4.21815756246e-09	1.39218341246e-05
4.23805453209e-09	2.12192917388e-05
4.25795150172e-09	2.17145397983e-05
4.27784847136e-09	1.83530801223e-05
4.29774544099e-09	1.39558583214e-05
4.31764241063e-09	1.00561119325e-05
4.33753938026e-09	6.67529707243e-06
4.35743634989e-09	2.88455623831e-06
4.37733331953e-09	-2.34240951613e-06
4.39723028916e-09	-9.46061982177e-06
4.4171272588e-09	-1.8028784325e-05
4.43702422843e-09	-2.6739160603e-05
4.45692119807e-09	-3.36273642461e-05
4.4768181677e-09	-3.64172210539e-05
4.49671513733e-09	-3.29874692397e-05
4.51661210697e-09	-2.20340543819e-05
4.5365090766e-09	-3.81636141356e-06
4.55640604624e-09	1.93366395251e-05
4.57630301587e-09	4.30293548561e-05
4.59619998551e-09	6.16111428826e-05
4.61609695514e-09	6.97188843333e-05
4.63599392477e-09	6.40939142613e-05
4.65589089441e-09	4.5018050514e-05
4.67578786404e-09	1.66573709066e-05
4.69568483368e-09	-1.39812268571e-05
4.71558180331e-09	-3.91956327803e-05
4.73547877294e-09	-5.31324621988e-05
4.75537574258e-09	-5.36219831702e-05
4.77527271221e-09	-4.26030092058e-05
4.79516968185e-09	-2.49937547778e-05
4.81506665148e-09	-6.62280444885e-06
4.83496362112e-09	7.88663919593e-06
4.85486059075e-09	1.63297945619e-05
4.87475756038e-09	1.89568163478e-05
4.89465453002e-09	1.75228406079e-05
4.91455149965e-09	1.406429692e-05
4.93444846929e-09	9.99370831778e-06
4.95434543892e-09	5.80819414608e-06
4.97424240856e-09	1.32635386763e-06
4.99413937819e-09	-3.83426061035e-06
5.01403634782e-09	-9.84531425274e-06
5.03393331746e-09	-1.64365974342e-05
5.05383028709e-09	-2.28290691666e-05
5.07372725673e-09	-2.77494355032e-05
5.09362422636e-09	-2.95689169434e-05
5.113521196e-09	-2.66140068561e-05
5.13341816563e-09	-1.76759522219e-05
5.15331513526e-09	-2.67828966116e-06
5.1732121049e-09	1.6740036699e-05
5.19310907453e-09	3.71019723389e-05
5.21300604417e-09	5.3642615967e-05
5.2329030138e-09	6.15549815848e-05
5.25279998343e-09	5.76088841626e-05
5.27269695307e-09	4.15399317717e-05
5.2925939227e-09	1.65666979228e-05
5.31249089234e-09	-1.13220730782e-05
5.33238786197e-09	-3.51248418156e-05
5.35228483161e-09	-4.90981328767e-05
5.37218180124e-09	-5.05804437125e-05
5.39207877087e-09	-4.07320821978e-05
5.41197574051e-09	-2.38301545323e-05
5.43187271014e-09	-5.53970653527e-06
5.45176967978e-09	9.17646048038e-06
5.47166664941e-09	1.75424038389e-05
5.49156361905e-09	1.94342237592e-05
5.51146058868e-09	1.66923700817e-05
5.53135755831e-09	1.1865975921e-05
5.55125452795e-09	6.98064536664e-06
5.57115149758e-09	2.88394369363e-06
5.59104846722e-09	-6.87953757961e-07
5.61094543685e-09	-4.55228132523e-06
5.63084240649e-09	-9.39409119383e-06
5.65073937612e-09	-1.52601082846e-05
5.67063634575e-09	-2.13639095819e-05
5.69053331539e-09	-2.6219467145e-05
5.71043028502e-09	-2.79421792584e-05
5.73032725466e-09	-2.47765956374e-05
5.75022422429e-09	-1.56844653247e-05
5.77012119392e-09	-9.22897072542e-07
5.79001816356e-09	1.75875529749e-05
5.80991513319e-09	3.63736071449e-05
5.82981210283e-09	5.10489553562e-05
5.84970907246e-09	5.7496559748e-05
5.8696060421e-09	5.31761397724e-05
5.88950301173e-09	3.81606296287e-05
5.90939998136e-09	1.54632189151e-05
5.929296951e-09	-9.65240633377e-06
5.94919392063e-09	-3.11538951792e-05
5.96909089027e-09	-4.41008378402e-05
5.9889878599e-09	-4.61642048322e-05
6.00888482954e-09	-3.82422967959e-05
6.02878179917e-09	-2.39042483372e-05
6.0486787688e-09	-7.92637956692e-06
6.06857573844e-09	5.43221131011e-06
6.08847270807e-09	1.37055326377e-05
6.10836967771e-09	1.66042300407e-05
6.12826664734e-09	1.54837357513e-05
6.14816361697e-09	1.22747042042e-05
6.16806058661e-09	8.49680918691e-06
6.18795755624e-09	4.73118006994e-06
6.20785452588e-09	7.3823287039e-07
6.22775149551e-09	-4.03421813644e-06
6.24764846515e-09	-9.82277060757e-06
6.26754543478e-09	-1.61998150361e-05
6.28744240441e-09	-2.20460160563e-05
6.30733937405e-09	-2.58382078755e-05
6.32723634368e-09	-2.60556180365e-05
6.34713331332e-09	-2.16121661651e-05
6.36703028295e-09	-1.21752991618e-05
6.38692725259e-09	1.57660736022e-06
6.40682422222e-09	1.78330301424e-05
6.42672119185e-09	3.37884066539e-05
6.44661816149e-09	4.60519240733e-05
6.46651513112e-09	5.14407129231e-05
6.48641210076e-09	4.79101709061e-05
6.50630907039e-09	3.53763134626e-05
6.52620604003e-09	1.60532763402e-05
6.54610300966e-09	-5.93943423155e-06
6.56599997929e-09	-2.56270277532e-05
6.58589694893e-09	-3.86287683796e-05
6.60579391856e-09	-4.24467962148e-05
6.6256908882e-09	-3.71712667402e-05
6.64558785783e-09	-2.52901218118e-05
6.66548482746e-09	-1.071528186e-05
6.6853817971e-09	2.58570878486e-06
6.70527876673e-09	1.18234279398e-05
6.72517573637e-09	1.59844912559e-05
6.745072706e-09	1.57073282026e-05
6.76496967564e-09	1.25616061268e-05
6.78486664527e-09	8.16743249743e-06
6.8047636149e-09	3.56943826318e-06
6.82466058454e-09	-9.19665581023e-07
6.84455755417e-09	-5.47391937289e-06
6.86445452381e-09	-1.02927015178e-05
6.88435149344e-09	-1.52246502694e-05
6.90424846308e-09	-1.96117607629e-05
6.92414543271e-09	-2.23752304009e-05
6.94404240234e-09	-2.22792286877e-05
6.96393937198e-09	-1.82928870345e-05
6.98383634161e-09	-9.96080279947e-06
7.00373331125e-09	2.26515624036e-06
7.02363028088e-09	1.68463839145e-05
7.04352725051e-09	3.12420852424e-05
7.06342422015e-09	4.2321622459e-05
7.08332118978e-09	4.71162202302e-05
7.10321815942e-09	4.37264770881e-05
7.12311512905e-09	3.2066473068e-05
7.14301209869e-09	1.41784807965e-05
7.16290906832e-09	-6.12829944657e-06
7.18280603795e-09	-2.42530286414e-05
7.20270300759e-09	-3.61301335943e-05
7.22259997722e-09	-3.94390372094e-05
7.24249694686e-09	-3.42588664353e-05
7.26239391649e-09	-2.29168372243e-05
7.28229088613e-09	-9.09643949853e-06
7.30218785576e-09	3.44318493717e-06
7.32208482539e-09	1.20208310364e-05
7.34198179503e-09	1.56547739607e-05
7.36187876466e-09	1.49624283949e-05
7.3817757343e-09	1.1498186268e-05
7.40167270393e-09	6.90589217811e-06
7.42156967357e-09	2.25974588375e-06
7.4414666432e-09	-2.13048656406e-06
7.46136361283e-09	-6.47589899927e-06
7.48126058247e-09	-1.10181026685e-05
7.5011575521e-09	-1.56036376211e-05
7.52105452174e-09	-1.95040556719e-05
7.54095149137e-09	-2.15667459997e-05
7.560848461e-09	-2.05809019462e-05
7.58074543064e-09	-1.57195136126e-05
7.60064240027e-09	-6.88898740009e-06
7.62053936991e-09	5.08903940499e-06
7.64043633954e-09	1.84887730938e-05
7.66033330918e-09	3.09188044412e-05
7.68023027881e-09	3.97592157242e-05
7.70012724844e-09	4.27565082646e-05
7.72002421808e-09	3.86506453651e-05
7.73992118771e-09	2.76721266346e-05
7.75981815735e-09	1.16943274406e-05
7.77971512698e-09	-6.08274217484e-06
7.79961209662e-09	-2.18938203034e-05
7.81950906625e-09	-3.24006341543e-05
7.83940603588e-09	-3.56328200724e-05
7.85930300552e-09	-3.15238594339e-05
7.87919997515e-09	-2.18428403969e-05
7.89909694479e-09	-9.56660687734e-06
7.91899391442e-09	2.09127153994e-06
7.93889088405e-09	1.062898491e-05
7.95878785369e-09	1.48445888044e-05
7.97868482332e-09	1.4894821561e-05
7.99858179296e-09	1.18803250189e-05
8.01847876259e-09	7.20436651136e-06
8.03837573223e-09	2.00831152597e-06
8.05827270186e-09	-3.08225094159e-06
8.07816967149e-09	-7.8818552538e-06
8.09806664113e-09	-1.23308109323e-05
8.11796361076e-09	-1.61846446645e-05
8.1378605804e-09	-1.88800249816e-05
8.15775755003e-09	-1.96150413103e-05
8.17765451967e-09	-1.7608048438e-05
8.1975514893e-09	-1.23986105791e-05
8.21744845893e-09	-4.08509436056e-06
8.23734542857e-09	6.55854023535e-06
8.2572423982e-09	1.81063169293e-05
8.27713936784e-09	2.86403919745e-05
8.29703633747e-09	3.60550147889e-05
8.31693330711e-09	3.85039184039e-05
8.33683027674e-09	3.48952471541e-05
8.35672724637e-09	2.53271082329e-05
8.37662421601e-09	1.12719244498e-05
8.39652118564e-09	-4.61598529e-06
8.41641815528e-09	-1.90777045646e-05
8.43631512491e-09	-2.90952675641e-05
8.45621209454e-09	-3.27257239405e-05
8.47610906418e-09	-2.96523794532e-05
8.49600603381e-09	-2.12496388485e-05
8.51590300345e-09	-1.01074169834e-05
8.53579997308e-09	8.00319099881e-07
8.55569694272e-09	9.00516215552e-06
8.57559391235e-09	1.3179261714e-05
8.59549088198e-09	1.33007929435e-05
8.61538785162e-09	1.03586326077e-05
8.63528482125e-09	5.76665433982e-06
8.65518179089e-09	7.89519987165e-07
8.67507876052e-09	-3.80584742743e-06
8.69497573016e-09	-7.77102786742e-06
8.71487269979e-09	-1.11380563794e-05
8.73476966942e-09	-1.38995742418e-05
8.75466663906e-09	-1.57755466716e-05
8.77456360869e-09	-1.61817297339e-05
8.79446057833e-09	-1.4420576008e-05
8.81435754796e-09	-9.96564040179e-06
8.83425451759e-09	-2.76443313396e-06
8.85415148723e-09	6.57568170936e-06
8.87404845686e-09	1.67748594322e-05
8.8939454265e-09	2.60616761807e-05
8.91384239613e-09	3.25024338963e-05
8.93373936577e-09	3.44456220773e-05
8.9536363354e-09	3.09716697302e-05
8.97353330503e-09	2.22473436224e-05
8.99343027467e-09	9.64884975474e-06
9.0133272443e-09	-4.43602561973e-06
9.03322421394e-09	-1.71431074705e-05
9.05312118357e-09	-2.58656264123e-05
9.07301815321e-09	-2.89651134153e-05
9.09291512284e-09	-2.62268404185e-05
9.11281209247e-09	-1.88839221664e-05
9.13270906211e-09	-9.18188607102e-06
9.15260603174e-09	3.19249181757e-07
9.17250300138e-09	7.49639366404e-06
9.19239997101e-09	1.11796030069e-05
9.21229694065e-09	1.13131532089e-05
9.23219391028e-09	8.71363363331e-06
9.25209087991e-09	4.59970533484e-06
9.27198784955e-09	8.74400143402e-08
9.29188481918e-09	-4.11900668951e-06
9.31178178882e-09	-7.75756871008e-06
9.33167875845e-09	-1.08110803012e-05
9.35157572808e-09	-1.32132868202e-05
9.37147269772e-09	-1.46596880768e-05
9.39136966735e-09	-1.46065799527e-05
9.41126663699e-09	-1.24717262224e-05
9.43116360662e-09	-7.89171508586e-06
9.45106057626e-09	-9.71454767296e-07
9.47095754589e-09	7.61562660045e-06
9.49085451552e-09	1.66601103047e-05
9.51075148516e-09	2.46157997026e-05
9.53064845479e-09	2.98789536828e-05
9.55054542443e-09	3.11465646519e-05
9.57044239406e-09	2.77558301605e-05
9.5903393637e-09	1.9927514586e-05
9.61023633333e-09	8.83576467459e-06
9.63013330296e-09	-3.55440249677e-06
9.6500302726e-09	-1.48866624841e-05
9.66992724223e-09	-2.29553306781e-05
9.68982421187e-09	-2.62701896645e-05
9.7097211815e-09	-2.44616257987e-05
9.72961815113e-09	-1.83718184417e-05
9.74951512077e-09	-9.809436051e-06
9.7694120904e-09	-1.00300735539e-06
9.78930906004e-09	6.04185584052e-06
9.80920602967e-09	1.00594847936e-05
9.82910299931e-09	1.07392042992e-05
9.84899996894e-09	8.61927037477e-06
9.86889693857e-09	4.72672581964e-06
9.88879390821e-09	1.57611268037e-07
9.90869087784e-09	-4.24160202783e-06
9.92858784748e-09	-7.99587542133e-06
9.94848481711e-09	-1.09223287836e-05
9.96838178675e-09	-1.29370960167e-05
9.98827875638e-09	-1.38770469675e-05
1.0008175726e-08	-1.34190568133e-05
1.00280726956e-08	-1.11549611574e-05
1.00479696653e-08	-6.79849176777e-06
1.00678666349e-08	-4.10555685448e-07
1.00877636046e-08	7.45838269722e-06
1.01076605742e-08	1.57567646966e-05
1.01275575438e-08	2.31008007177e-05
1.01474545135e-08	2.80331205431e-05
1.01673514831e-08	2.93511202472e-05
1.01872484527e-08	2.6403562515e-05
1.02071454224e-08	1.93286923604e-05
1.0227042392e-08	9.13704707273e-06
1.02469393616e-08	-2.40459519318e-06
1.02668363313e-08	-1.31255519591e-05
1.02867333009e-08	-2.09503414226e-05
1.03066302705e-08	-2.44577422563e-05
1.03265272402e-08	-2.32403763221e-05
1.03464242098e-08	-1.80084052772e-05
1.03663211794e-08	-1.03560187199e-05
1.03862181491e-08	-2.2822370056e-06
1.04061151187e-08	4.36591199104e-06
1.04260120883e-08	8.36268236526e-06
1.0445909058e-08	9.32423427003e-06
1.04658060276e-08	7.6627359249e-06
1.04857029972e-08	4.2891447265e-06
1.05055999669e-08	2.21226684971e-07
1.05254969365e-08	-3.73983232294e-06
1.05453939061e-08	-7.14453653927e-06
1.05652908758e-08	-9.81983112069e-06
1.05851878454e-08	-1.16775549941e-05
1.0605084815e-08	-1.2538023384e-05
1.06249817847e-08	-1.20743743537e-05
1.06448787543e-08	-9.90102398646e-06
1.06647757239e-08	-5.77443211114e-06
1.06846726936e-08	2.11070229739e-07
1.07045696632e-08	7.50803360461e-06
1.07244666328e-08	1.51192157318e-05
1.07443636025e-08	2.17473161683e-05
1.07642605721e-08	2.60460665231e-05
1.07841575417e-08	2.69462198048e-05
1.08040545114e-08	2.39421060542e-05
1.0823951481e-08	1.72671589098e-05
1.08438484507e-08	7.9263581938e-06
1.08637454203e-08	-2.47066736847e-06
1.08836423899e-08	-1.20398540275e-05
1.09035393596e-08	-1.90200989891e-05
1.09234363292e-08	-2.2199871637e-05
1.09433332988e-08	-2.12094882954e-05
1.09632302685e-08	-1.66265499502e-05
1.09831272381e-08	-9.79879678198e-06
1.10030242077e-08	-2.47684045007e-06
1.10229211774e-08	3.68251346572e-06
1.1042818147e-08	7.53035737944e-06
1.10627151166e-08	8.63592822498e-06
1.10826120863e-08	7.26789198779e-06
1.11025090559e-08	4.15071713178e-06
1.11224060255e-08	1.81750209549e-07
1.11423029952e-08	-3.84552743071e-06
1.11621999648e-08	-7.36732954465e-06
1.11820969344e-08	-1.00580095932e-05
1.12019939041e-08	-1.1725901004e-05
1.12218908737e-08	-1.21961638797e-05
1.12417878433e-08	-1.12557245302e-05
1.1261684813e-08	-8.67824610395e-06
1.12815817826e-08	-4.37363610217e-06
1.13014787522e-08	1.46920939414e-06
1.13213757219e-08	8.27690610095e-06
1.13412726915e-08	1.51116660163e-05
1.13611696611e-08	2.08294732147e-05
1.13810666308e-08	2.43145959757e-05
1.14009636004e-08	2.47139132625e-05
1.142086057e-08	2.16646521949e-05
1.14407575397e-08	1.54214585564e-05
1.14606545093e-08	6.87324654791e-06
1.14805514789e-08	-2.58211809978e-06
1.15004484486e-08	-1.12776770038e-05
1.15203454182e-08	-1.76461626324e-05
1.15402423878e-08	-2.05898668355e-05
1.15601393575e-08	-1.97523040697e-05
1.15800363271e-08	-1.56009027705e-05
1.15999332968e-08	-9.31711701924e-06
1.16198302664e-08	-2.45382568664e-06
1.1639727236e-08	3.43669535141e-06
1.16596242057e-08	7.20508865015e-06
1.16795211753e-08	8.3348922999e-06
1.16994181449e-08	6.9901225288e-06
1.17193151146e-08	3.83870815313e-06
1.17392120842e-08	-2.02520539005e-07
1.17591090538e-08	-4.26710926149e-06
1.17790060235e-08	-7.72001249061e-06
1.17989029931e-08	-1.01957780316e-05
1.18187999627e-08	-1.15145217023e-05
1.18386969324e-08	-1.15676130008e-05
1.1858593902e-08	-1.02531485027e-05
1.18784908716e-08	-7.46788009565e-06
1.18983878413e-08	-3.20792742059e-06
1.19182848109e-08	2.31689364227e-06
1.19381817805e-08	8.59614283399e-06
1.19580787502e-08	1.48121198436e-05
1.19779757198e-08	1.99482265089e-05
1.19978726894e-08	2.29797769862e-05
1.20177696591e-08	2.31321992032e-05
1.20376666287e-08	2.0090857106e-05
1.20575635983e-08	1.41342402458e-05
1.2077460568e-08	6.12466214989e-06
1.20973575376e-08	-2.62062019374e-06
1.21172545072e-08	-1.05951876321e-05
1.21371514769e-08	-1.64106149896e-05
1.21570484465e-08	-1.90967275557e-05
1.21769454161e-08	-1.83539441423e-05
1.21968423858e-08	-1.46188067447e-05
1.22167393554e-08	-8.95551374924e-06
1.2236636325e-08	-2.77439960428e-06
1.22565332947e-08	2.53510017956e-06
1.22764302643e-08	5.95214464738e-06
1.22963272339e-08	7.02065653968e-06
1.23162242036e-08	5.87445879319e-06
1.23361211732e-08	3.09968322654e-06
1.23560181429e-08	-5.06800716948e-07
1.23759151125e-08	-4.15875842918e-06
1.23958120821e-08	-7.25195150153e-06
1.24157090518e-08	-9.40854260989e-06
1.24356060214e-08	-1.04414680209e-05
1.2455502991e-08	-1.02542207969e-05
1.24753999607e-08	-8.78029777596e-06
1.24952969303e-08	-5.97377743361e-06
1.25151938999e-08	-1.88495619113e-06
1.25350908696e-08	3.24472114244e-06
1.25549878392e-08	8.90978753887e-06
1.25748848088e-08	1.43561933328e-05
1.25947817785e-08	1.86943298104e-05
1.26146787481e-08	2.10708230952e-05
1.26345757177e-08	2.08705523619e-05
1.26544726874e-08	1.7881754502e-05
1.2674369657e-08	1.23948252622e-05
1.26942666266e-08	5.18317779097e-06
1.27141635963e-08	-2.60437798261e-06
1.27340605659e-08	-9.66451443674e-06
1.27539575355e-08	-1.48097115016e-05
1.27738545052e-08	-1.72281288542e-05
1.27937514748e-08	-1.66624813573e-05
1.28136484444e-08	-1.34721917675e-05
1.28335454141e-08	-8.54662812344e-06
1.28534423837e-08	-3.08625999423e-06
1.28733393533e-08	1.69731043798e-06
1.2893236323e-08	4.85583746013e-06
1.29131332926e-08	5.92081005379e-06
1.29330302622e-08	4.94958771924e-06
1.29529272319e-08	2.44441559971e-06
1.29728242015e-08	-8.63234703274e-07
1.29927211711e-08	-4.21845788878e-06
1.30126181408e-08	-7.01751423549e-06
1.30325151104e-08	-8.86757607077e-06
1.30524120801e-08	-9.5816767498e-06
1.30723090497e-08	-9.09534901439e-06
1.30922060193e-08	-7.41330745768e-06
1.3112102989e-08	-4.5807778406e-06
1.31319999586e-08	-7.2275202001e-07
1.31518969282e-08	3.91710887016e-06
1.31717938979e-08	8.90508454177e-06
1.31916908675e-08	1.36155367727e-05
1.32115878371e-08	1.73076596184e-05
1.32314848068e-08	1.92574125322e-05
1.32513817764e-08	1.89329830391e-05
1.3271278746e-08	1.61532652783e-05
1.32911757157e-08	1.11766280497e-05
1.33110726853e-08	4.68359235128e-06
1.33309696549e-08	-2.31423666719e-06
1.33508666246e-08	-8.67834251039e-06
1.33707635942e-08	-1.33575877044e-05
1.33906605638e-08	-1.56138767125e-05
1.34105575335e-08	-1.52016777974e-05
1.34304545031e-08	-1.24222988234e-05
1.34503514727e-08	-8.05348781796e-06
1.34702484424e-08	-3.16963667046e-06
1.3490145412e-08	1.13592238904e-06
1.35100423816e-08	3.9984720388e-06
1.35299393513e-08	4.9784505336e-06
1.35498363209e-08	4.10333632317e-06
1.35697332905e-08	1.80921722404e-06
1.35896302602e-08	-1.2377649341e-06
1.36095272298e-08	-4.32606179857e-06
1.36294241994e-08	-6.8728968472e-06
1.36493211691e-08	-8.49702882988e-06
1.36692181387e-08	-9.01904013517e-06
1.36891151083e-08	-8.39717722556e-06
1.3709012078e-08	-6.66412188366e-06
1.37289090476e-08	-3.88898934034e-06
1.37488060172e-08	-1.99976881277e-07
1.37687029869e-08	4.16267653236e-06
1.37885999565e-08	8.79636263562e-06
1.38084969262e-08	1.31305255309e-05
1.38283938958e-08	1.64967013916e-05
1.38482908654e-08	1.82385119842e-05
1.38681878351e-08	1.78807713382e-05
1.38880848047e-08	1.52622419591e-05
1.39079817743e-08	1.06223751573e-05
1.3927878744e-08	4.58975864603e-06
1.39477757136e-08	-1.91083535128e-06
1.39676726832e-08	-7.8367261267e-06
1.39875696529e-08	-1.22394731079e-05
1.40074666225e-08	-1.44578875734e-05
1.40273635921e-08	-1.42715066431e-05
1.40472605618e-08	-1.1929399534e-05
1.40671575314e-08	-8.11179234006e-06
1.4087054501e-08	-3.75097954475e-06
1.41069514707e-08	1.87485895253e-07
1.41268484403e-08	2.92025413273e-06
1.41467454099e-08	4.01608667744e-06
1.41666423796e-08	3.45512273725e-06
1.41865393492e-08	1.57463864525e-06
1.42064363188e-08	-1.06210711692e-06
1.42263332885e-08	-3.82913015073e-06
1.42462302581e-08	-6.17787804913e-06
1.42661272277e-08	-7.71889608586e-06
1.42860241974e-08	-8.23772870717e-06
1.4305921167e-08	-7.65912591305e-06
1.43258181366e-08	-5.99507870902e-06
1.43457151063e-08	-3.33055368174e-06
1.43656120759e-08	1.80708028097e-07
1.43855090455e-08	4.27753434451e-06
1.44054060152e-08	8.56177666719e-06
1.44253029848e-08	1.25026226669e-05
1.44451999544e-08	1.55027769324e-05
1.44650969241e-08	1.69939157786e-05
1.44849938937e-08	1.65744067999e-05
1.45048908633e-08	1.41184573295e-05
1.4524787833e-08	9.84790403891e-06
1.45446848026e-08	4.32519095739e-06
1.45645817723e-08	-1.62901312706e-06
1.45844787419e-08	-7.08739275979e-06
1.46043757115e-08	-1.11974213723e-05
1.46242726812e-08	-1.33587650453e-05
1.46441696508e-08	-1.33479657052e-05
1.46640666204e-08	-1.13648188744e-05
1.46839635901e-08	-7.98159953774e-06
1.47038605597e-08	-4.01729312216e-06
1.47237575293e-08	-3.49631719132e-07
1.4743654499e-08	2.28249427892e-06
1.47635514686e-08	3.44005979969e-06
1.47834484382e-08	3.05436992676e-06
1.48033454079e-08	1.40107755442e-06
1.48232423775e-08	-1.00668569303e-06
1.48431393471e-08	-3.57523151706e-06
1.48630363168e-08	-5.76681100029e-06
1.48829332864e-08	-7.18740625416e-06
1.4902830256e-08	-7.60838543101e-06
1.49227272257e-08	-6.95716289556e-06
1.49426241953e-08	-5.26780695509e-06
1.49625211649e-08	-2.65913070052e-06
1.49824181346e-08	6.84798209249e-07
1.50023151042e-08	4.49440608463e-06
1.50222120738e-08	8.40152370074e-06
1.50421090435e-08	1.1937374893e-05
1.50620060131e-08	1.45729077303e-05
1.50819029827e-08	1.58032135005e-05
1.51017999524e-08	1.52745697051e-05
1.5121696922e-08	1.28865763145e-05
1.51415938916e-08	8.85837380338e-06
1.51614908613e-08	3.71961311885e-06
1.51813878309e-08	-1.77336784191e-06
1.52012848005e-08	-6.77600837662e-06
1.52211817702e-08	-1.05155490928e-05
1.52410787398e-08	-1.24502794279e-05
1.52609757094e-08	-1.23824106595e-05
1.52808726791e-08	-1.05048916339e-05
1.53007696487e-08	-7.35808180252e-06
1.53206666184e-08	-3.69961185243e-06
1.5340563588e-08	-3.33080762971e-07
1.53604605576e-08	2.07440007216e-06
1.53803575273e-08	3.12184374707e-06
1.54002544969e-08	2.7395909683e-06
1.54201514665e-08	1.16763942515e-06
1.54400484362e-08	-1.13083558517e-06
1.54599454058e-08	-3.59622436008e-06
1.54798423754e-08	-5.70007568967e-06
1.54997393451e-08	-7.04078297531e-06
1.55196363147e-08	-7.38574544812e-06
1.55395332843e-08	-6.662818123e-06
1.5559430254e-08	-4.91238256473e-06
1.55793272236e-08	-2.26777979151e-06
1.55992241932e-08	1.06402336542e-06
1.56191211629e-08	4.78829792883e-06
1.56390181325e-08	8.52080938785e-06
1.56589151021e-08	1.18011562336e-05
1.56788120718e-08	1.41446334965e-05
1.56987090414e-08	1.51186081894e-05
1.5718606011e-08	1.44388782246e-05
1.57385029807e-08	1.2048910321e-05
1.57583999503e-08	8.17066802483e-06
1.57782969199e-08	3.30526700054e-06
1.57981938896e-08	-1.84126361091e-06
1.58180908592e-08	-6.49112234896e-06
1.58379878288e-08	-9.94923993858e-06
1.58578847985e-08	-1.17407416838e-05
1.58777817681e-08	-1.17080971904e-05
1.58976787377e-08	-1.00332326838e-05
1.59175757074e-08	-7.19287390893e-06
1.5937472677e-08	-3.85895543786e-06
1.59573696466e-08	-7.55185084245e-07
1.59772666163e-08	1.49970401253e-06
1.59971635859e-08	2.52312952398e-06
1.60170605555e-08	2.23536005706e-06
1.60369575252e-08	8.48934519126e-07
1.60568544948e-08	-1.21378133144e-06
1.60767514645e-08	-3.43958583926e-06
1.60966484341e-08	-5.33646857548e-06
1.61165454037e-08	-6.51657319395e-06
1.61364423734e-08	-6.73995987199e-06
1.6156339343e-08	-5.92493370277e-06
1.61762363126e-08	-4.12623217017e-06
1.61961332823e-08	-1.5067155914e-06
1.62160302519e-08	1.69290944996e-06
1.62359272215e-08	5.16705790687e-06
1.62558241912e-08	8.55666667121e-06
1.62757211608e-08	1.14524277706e-05
1.62956181304e-08	1.34315569085e-05
1.63155151001e-08	1.41250925481e-05
1.63354120697e-08	1.33063354042e-05
1.63553090393e-08	1.09572565634e-05
1.6375206009e-08	7.30921101422e-06
1.63951029786e-08	2.82355233594e-06
1.64149999482e-08	-1.87804283769e-06
1.64348969179e-08	-6.11650261817e-06
1.64547938875e-08	-9.27671135287e-06
1.64746908571e-08	-1.09293464448e-05
1.64945878268e-08	-1.09272064037e-05
1.65144847964e-08	-9.4342385637e-06
1.6534381766e-08	-6.88825548423e-06
1.65542787357e-08	-3.90182572119e-06
1.65741757053e-08	-1.11776824951e-06
1.65940726749e-08	9.15751769526e-07
1.66139696446e-08	1.85774842976e-06
1.66338666142e-08	1.62779952007e-06
1.66537635838e-08	4.03340479238e-07
1.66736605535e-08	-1.43572992783e-06
1.66935575231e-08	-3.40410520039e-06
1.67134544927e-08	-5.03282058162e-06
1.67333514624e-08	-5.96424570176e-06
1.6753248432e-08	-5.99347981733e-06
1.67731454016e-08	-5.06930473421e-06
1.67930423713e-08	-3.26724966726e-06
1.68129393409e-08	-7.495403338e-07
1.68328363106e-08	2.25072380999e-06
1.68527332802e-08	5.43692567589e-06
1.68726302498e-08	8.4656371655e-06
1.68925272195e-08	1.09725992843e-05
1.69124241891e-08	1.26022860059e-05
1.69323211587e-08	1.30593502945e-05
1.69522181284e-08	1.21660928016e-05
1.6972115098e-08	9.91615843304e-06
1.69920120676e-08	6.51725827083e-06
1.70119090373e-08	2.38780273776e-06
1.70318060069e-08	-1.89847963838e-06
1.70517029765e-08	-5.72393355469e-06
1.70715999462e-08	-8.54781501403e-06
1.70914969158e-08	-1.00104603007e-05
1.71113938854e-08	-1.0003328498e-05
1.71312908551e-08	-8.68070401339e-06
1.71511878247e-08	-6.42426061859e-06
1.71710847943e-08	-3.77252581529e-06
1.7190981764e-08	-1.305057026e-06
1.72108787336e-08	4.84456677441e-07
1.72307757032e-08	1.29477416522e-06
1.72506726729e-08	1.06491728502e-06
1.72705696425e-08	-3.36895205066e-08
1.72904666121e-08	-1.65836627275e-06
1.73103635818e-08	-3.39122357218e-06
1.73302605514e-08	-4.82235122945e-06
1.7350157521e-08	-5.61636989005e-06
1.73700544907e-08	-5.56518148187e-06
1.73899514603e-08	-4.60678597847e-06
1.74098484299e-08	-2.81761492715e-06
1.74297453996e-08	-3.73599760906e-07
1.74496423692e-08	2.480886792e-06
1.74695393388e-08	5.46284513803e-06
1.74894363085e-08	8.26067389426e-06
1.75093332781e-08	1.05445401459e-05
1.75292302478e-08	1.19889546113e-05
1.75491272174e-08	1.2329112451e-05
1.7569024187e-08	1.14179665616e-05
1.75889211567e-08	9.28075178308e-06
1.76088181263e-08	6.12756889495e-06
1.76287150959e-08	2.33560717788e-06
1.76486120656e-08	-1.59986683457e-06
1.76685090352e-08	-5.13913983013e-06
1.76884060048e-08	-7.79689298724e-06
1.77083029745e-08	-9.23433526623e-06
1.77281999441e-08	-9.33710316531e-06
1.77480969137e-08	-8.23681193651e-06
1.77679938834e-08	-6.28337079434e-06
1.7787890853e-08	-3.9532790197e-06
1.78077878226e-08	-1.75068259978e-06
1.78276847923e-08	-1.06143218659e-07
1.78475817619e-08	6.96977082271e-07
1.78674787315e-08	5.80539506245e-07
1.78873757012e-08	-3.31055730385e-07
1.79072726708e-08	-1.74037103307e-06
1.79271696404e-08	-3.25576104387e-06
1.79470666101e-08	-4.48513651463e-06
1.79669635797e-08	-5.12407746101e-06
1.79868605493e-08	-4.99176849189e-06
1.8006757519e-08	-4.03715876018e-06
1.80266544886e-08	-2.3270292786e-06
1.80465514582e-08	-1.46151251101e-08
1.80664484279e-08	2.67219286343e-06
1.80863453975e-08	5.4533616094e-06
1.81062423671e-08	8.02385693532e-06
1.81261393368e-08	1.0077603747e-05
1.81460363064e-08	1.13368323582e-05
1.8165933276e-08	1.15853586067e-05
1.81858302457e-08	1.07002138066e-05
1.82057272153e-08	8.69325231179e-06
1.82256241849e-08	5.74567002332e-06
1.82455211546e-08	2.20401716433e-06
1.82654181242e-08	-1.47082084823e-06
1.82853150939e-08	-4.77639014207e-06
1.83052120635e-08	-7.27746783014e-06
1.83251090331e-08	-8.67339986144e-06
1.83450060028e-08	-8.86008501766e-06
1.83649029724e-08	-7.93778508523e-06
1.8384799942e-08	-6.20211176283e-06
1.84046969117e-08	-4.0749521304e-06
1.84245938813e-08	-2.02827698104e-06
1.84444908509e-08	-4.70132135888e-07
1.84643878206e-08	3.34781859124e-07
1.84842847902e-08	3.170138001e-07
1.85041817598e-08	-4.13927651266e-07
1.85240787295e-08	-1.59844097425e-06
1.85439756991e-08	-2.90522552859e-06
1.85638726687e-08	-3.98748238695e-06
1.85837696384e-08	-4.55215058537e-06
1.8603666608e-08	-4.40926282863e-06
1.86235635776e-08	-3.49826063939e-06
1.86434605473e-08	-1.88355380715e-06
1.86633575169e-08	2.76272743349e-07
1.86832544865e-08	2.7591951266e-06
1.87031514562e-08	5.31227374267e-06
1.87230484258e-08	7.6621477092e-06
1.87429453954e-08	9.52424579737e-06
1.87628423651e-08	1.06344973574e-05
1.87827393347e-08	1.07893915811e-05
1.88026363043e-08	9.88791180134e-06
1.8822533274e-08	7.9668093349e-06
1.88424302436e-08	5.20940579918e-06
1.88623272132e-08	1.92853752878e-06
1.88822241829e-08	-1.4633251908e-06
1.89021211525e-08	-4.52099970971e-06
1.89220181221e-08	-6.83872281115e-06
1.89419150918e-08	-8.13080396256e-06
1.89618120614e-08	-8.30177577882e-06
1.8981709031e-08	-7.45698616811e-06
1.90016060007e-08	-5.87350245951e-06
1.90215029703e-08	-3.93872755922e-06
1.904139994e-08	-2.06864274332e-06
1.90612969096e-08	-6.231130385e-07
1.90811938792e-08	1.5098984818e-07
1.91010908489e-08	1.67142140128e-07
1.91209878185e-08	-4.84619476993e-07
1.91408847881e-08	-1.56963034215e-06
1.91607817578e-08	-2.76694993318e-06
1.91806787274e-08	-3.74920136892e-06
1.9200575697e-08	-4.24231961915e-06
1.92204726667e-08	-4.07675452152e-06
1.92403696363e-08	-3.18828733725e-06
1.92602666059e-08	-1.62618289323e-06
1.92801635756e-08	4.65175077125e-07
1.93000605452e-08	2.86712611341e-06
1.93199575148e-08	5.31329214937e-06
1.93398544845e-08	7.5189780091e-06
1.93597514541e-08	9.21791706787e-06
1.93796484237e-08	1.01817277027e-05
1.93995453934e-08	1.023875393e-05
1.9419442363e-08	9.31133172344e-06
1.94393393326e-08	7.43612736187e-06
1.94592363023e-08	4.79287882627e-06
1.94791332719e-08	1.68165860259e-06
1.94990302415e-08	-1.50232682472e-06
1.95189272112e-08	-4.35033825852e-06
1.95388241808e-08	-6.50178208161e-06
1.95587211504e-08	-7.71660552346e-06
1.95786181201e-08	-7.90272997619e-06
1.95985150897e-08	-7.14732004781e-06
1.96184120593e-08	-5.69734356759e-06
1.9638309029e-08	-3.90604805034e-06
1.96582059986e-08	-2.16728176383e-06
1.96781029682e-08	-8.24926416954e-07
1.96979999379e-08	-1.01526847374e-07
1.97178969075e-08	-6.90836117201e-08
1.97377938771e-08	-6.40564053356e-07
1.97576908468e-08	-1.60882984801e-06
1.97775878164e-08	-2.67942766641e-06
1.97974847861e-08	-3.5531179492e-06
1.98173817557e-08	-3.95885967919e-06
1.98372787253e-08	-3.72493627765e-06
1.9857175695e-08	-2.79702987882e-06
1.98770726646e-08	-1.23697890331e-06
1.98969696342e-08	8.02486226803e-07
1.99168666039e-08	3.10491907385e-06
1.99367635735e-08	5.41719305147e-06
1.99566605431e-08	7.47577792026e-06
1.99765575128e-08	9.02582996787e-06
1.99964544824e-08	9.84646658253e-06
2.0016351452e-08	9.78995103651e-06
2.00362484217e-08	8.80429797689e-06
2.00561453913e-08	6.95073777024e-06
2.00760423609e-08	4.40515032096e-06
2.00959393306e-08	1.45060545265e-06
2.01158363002e-08	-1.55717521011e-06
2.01357332698e-08	-4.2418259909e-06
2.01556302395e-08	-6.26917585578e-06
2.01755272091e-08	-7.41105486668e-06
2.01954241787e-08	-7.59760109759e-06
2.02153211484e-08	-6.91984905643e-06
2.0235218118e-08	-5.60664625482e-06
2.02551150876e-08	-3.98048359784e-06
2.02750120573e-08	-2.38850736878e-06
2.02949090269e-08	-1.13700775728e-06
2.03148059965e-08	-4.33880714468e-07
2.03347029662e-08	-3.53919446638e-07
2.03545999358e-08	-8.15996514802e-07
2.03744969054e-08	-1.62755355859e-06
2.03943938751e-08	-2.52020095104e-06
2.04142908447e-08	-3.21915752011e-06
2.04341878143e-08	-3.48998923982e-06
2.0454084784e-08	-3.1836564176e-06
2.04739817536e-08	-2.24787720526e-06
2.04938787232e-08	-7.35741679136e-07
2.05137756929e-08	1.20368741818e-06
2.05336726625e-08	3.35949187047e-06
2.05535696322e-08	5.48275761503e-06
2.05734666018e-08	7.32420176064e-06
2.05933635714e-08	8.65772926772e-06
2.06132605411e-08	9.30019405132e-06
2.06331575107e-08	9.1281085588e-06
2.06530544803e-08	8.10767051007e-06
2.067295145e-08	6.30599720353e-06
2.06928484196e-08	3.89826868741e-06
2.07127453892e-08	1.15470925266e-06
2.07326423589e-08	-1.59975866154e-06
2.07525393285e-08	-4.03525473303e-06
2.07724362981e-08	-5.86448209106e-06
2.07923332678e-08	-6.896449122e-06
2.08122302374e-08	-7.06764330971e-06
2.0832127207e-08	-6.45981413072e-06
2.08520241767e-08	-5.28358941665e-06
2.08719211463e-08	-3.83229223644e-06
2.08918181159e-08	-2.42049213739e-06
2.09117150856e-08	-1.3202841842e-06
2.09316120552e-08	-7.08180039055e-07
2.09515090248e-08	-6.38753562043e-07
2.09714059945e-08	-1.04580112747e-06
2.09913029641e-08	-1.7544016373e-06
2.10111999337e-08	-2.52351969721e-06
2.10310969034e-08	-3.09812674004e-06
2.1050993873e-08	-3.26275664975e-06
2.10708908426e-08	-2.8812396522e-06
2.10907878123e-08	-1.91883879097e-06
2.11106847819e-08	-4.37037499523e-07
2.11305817515e-08	1.42153709248e-06
2.11504787212e-08	3.45934358847e-06
2.11703756908e-08	5.4431652643e-06
2.11902726604e-08	7.13908798389e-06
2.12101696301e-08	8.33060175864e-06
2.12300665997e-08	8.85638019099e-06
2.12499635693e-08	8.6189807007e-06
2.1269860539e-08	7.60513830755e-06
2.12897575086e-08	5.88858893025e-06
2.13096544783e-08	3.63142498827e-06
2.13295514479e-08	1.07762167545e-06
2.13494484175e-08	-1.480226274e-06
2.13693453872e-08	-3.73834689071e-06
2.13892423568e-08	-5.436950687e-06
2.14091393264e-08	-6.40999587631e-06
2.14290362961e-08	-6.60834234623e-06
2.14489332657e-08	-6.10607457929e-06
2.14688302353e-08	-5.08815196554e-06
2.1488727205e-08	-3.80811093237e-06
2.15086241746e-08	-2.5489454174e-06
2.15285211442e-08	-1.55536025659e-06
2.15484181139e-08	-9.93001606275e-07
2.15683150835e-08	-9.12557823085e-07
2.15882120531e-08	-1.24657407241e-06
2.16081090228e-08	-1.83378926977e-06
2.16280059924e-08	-2.46291551775e-06
2.1647902962e-08	-2.91048115741e-06
2.16677999317e-08	-2.98384645703e-06
2.16876969013e-08	-2.56099087892e-06
2.17075938709e-08	-1.60512871616e-06
2.17274908406e-08	-1.73014754523e-07
2.17473878102e-08	1.59297502478e-06
2.17672847798e-08	3.50384118519e-06
2.17871817495e-08	5.34124319529e-06
2.18070787191e-08	6.89585385771e-06
2.18269756887e-08	7.97466373115e-06
2.18468726584e-08	8.43018142405e-06
2.1866769628e-08	8.17043655843e-06
2.18866665976e-08	7.18505179975e-06
2.19065635673e-08	5.55021279069e-06
2.19264605369e-08	3.42336340964e-06
2.19463575065e-08	1.03302500065e-06
2.19662544762e-08	-1.35989563432e-06
2.19861514458e-08	-3.48414118889e-06
2.20060484155e-08	-5.10490031047e-06
2.20259453851e-08	-6.06360868005e-06
2.20458423547e-08	-6.30524823464e-06
2.20657393244e-08	-5.89731439504e-06
2.2085636294e-08	-5.00818282489e-06
2.21055332636e-08	-3.86869305657e-06
2.21254302333e-08	-2.72637021226e-06
2.21453272029e-08	-1.79802731282e-06
2.21652241725e-08	-1.23045902001e-06
2.21851211422e-08	-1.07784717329e-06
2.22050181118e-08	-1.29493139411e-06
2.22249150814e-08	-1.74447660584e-06
2.22448120511e-08	-2.23370830099e-06
2.22647090207e-08	-2.55862539689e-06
2.22846059903e-08	-2.55115219261e-06
2.230450296e-08	-2.10450957638e-06
2.23243999296e-08	-1.19068084814e-06
2.23442968992e-08	1.42278807402e-07
2.23641938689e-08	1.77322510808e-06
2.23840908385e-08	3.53182167601e-06
2.24039878081e-08	5.21260290043e-06
2.24238847778e-08	6.61113176648e-06
2.24437817474e-08	7.55033352107e-06
2.2463678717e-08	7.90298281572e-06
2.24835756867e-08	7.59999284128e-06
2.25034726563e-08	6.63559512759e-06
2.25233696259e-08	5.08019911649e-06
2.25432665956e-08	3.07635582431e-06
2.25631635652e-08	8.36174251617e-07
2.25830605348e-08	-1.39426731494e-06
2.26029575045e-08	-3.36118989708e-06
2.26228544741e-08	-4.85829923491e-06
2.26427514437e-08	-5.75051444685e-06
2.26626484134e-08	-5.99276677349e-06
2.2682545383e-08	-5.63660569242e-06
2.27024423526e-08	-4.82546533931e-06
2.27223393223e-08	-3.76755201614e-06
2.27422362919e-08	-2.69611962267e-06
2.27621332616e-08	-1.81662522891e-06
2.27820302312e-08	-1.26797056055e-06
2.28019272008e-08	-1.09553661787e-06
2.28218241705e-08	-1.25072659785e-06
2.28417211401e-08	-1.61533739629e-06
2.28616181097e-08	-2.02543367323e-06
2.28815150794e-08	-2.29659895012e-06
2.2901412049e-08	-2.26739405207e-06
2.29213090186e-08	-1.83022058309e-06
2.29412059883e-08	-9.52216112182e-07
2.29611029579e-08	3.13919400696e-07
2.29809999275e-08	1.84709818996e-06
2.30008968972e-08	3.48462117472e-06
2.30207938668e-08	5.04242211719e-06
2.30406908364e-08	6.33633521829e-06
2.30605878061e-08	7.20104549146e-06
2.30804847757e-08	7.50496519686e-06
2.31003817453e-08	7.17953889762e-06
2.3120278715e-08	6.22997640676e-06
2.31401756846e-08	4.73535169476e-06
2.31600726542e-08	2.83834265247e-06
2.31799696239e-08	7.31212310257e-07
2.31998665935e-08	-1.36518531235e-06
2.32197635631e-08	-3.22396226693e-06
2.32396605328e-08	-4.64636377728e-06
2.32595575024e-08	-5.49724450138e-06
2.3279454472e-08	-5.73392753722e-06
2.32993514417e-08	-5.41612666893e-06
2.33192484113e-08	-4.68335315418e-06
2.33391453809e-08	-3.7246585407e-06
2.33590423506e-08	-2.74120225185e-06
2.33789393202e-08	-1.91634774183e-06
2.33988362898e-08	-1.37988433835e-06
2.34187332595e-08	-1.1860576592e-06
2.34386302291e-08	-1.29851906649e-06
2.34585271987e-08	-1.60440760055e-06
2.34784241684e-08	-1.93883187194e-06
2.3498321138e-08	-2.13041596453e-06
2.35182181077e-08	-2.03878175853e-06
2.35381150773e-08	-1.57448528171e-06
2.35580120469e-08	-7.10170894536e-07
2.35779090166e-08	5.13787767886e-07
2.35978059862e-08	1.99215742214e-06
2.36177029558e-08	3.56408168045e-06
2.36375999255e-08	5.04256740896e-06
2.36574968951e-08	6.24509084446e-06
2.36773938647e-08	7.01645353729e-06
2.36972908344e-08	7.24905839888e-06
2.3717187804e-08	6.89128091835e-06
2.37370847736e-08	5.94490893491e-06
2.37569817433e-08	4.47861111752e-06
2.37768787129e-08	2.63093420472e-06
2.37967756825e-08	5.95807733816e-07
2.38166726522e-08	-1.40951300409e-06
2.38365696218e-08	-3.17171111419e-06
2.38564665914e-08	-4.5183101065e-06
2.38763635611e-08	-5.33753791387e-06
2.38962605307e-08	-5.5912564676e-06
2.39161575003e-08	-5.32220406058e-06
2.393605447e-08	-4.64913910037e-06
2.39559514396e-08	-3.7524750951e-06
2.39758484092e-08	-2.82918756511e-06
2.39957453789e-08	-2.05255867058e-06
2.40156423485e-08	-1.53352618781e-06
2.40355393181e-08	-1.31320973651e-06
2.40554362878e-08	-1.35412773261e-06
2.40753332574e-08	-1.56169755883e-06
2.4095230227e-08	-1.80012779083e-06
2.41151271967e-08	-1.91536315697e-06
2.41350241663e-08	-1.76694220499e-06
2.41549211359e-08	-1.26604953721e-06
2.41748181056e-08	-3.92982826725e-07
2.41947150752e-08	7.99989692268e-07
2.42146120448e-08	2.20245919991e-06
2.42345090145e-08	3.66732626844e-06
2.42544059841e-08	5.02955185766e-06
2.42743029538e-08	6.12261055721e-06
2.42941999234e-08	6.79909294377e-06
2.4314096893e-08	6.94908294463e-06
2.43339938627e-08	6.52814537716e-06
2.43538908323e-08	5.55828046345e-06
2.43737878019e-08	4.12364124713e-06
2.43936847716e-08	2.3601560315e-06
2.44135817412e-08	4.38539501602e-07
2.44334787108e-08	-1.44849178696e-06
2.44533756805e-08	-3.10447023821e-06
2.44732726501e-08	-4.36365121459e-06
2.44931696197e-08	-5.12046790391e-06
2.45130665894e-08	-5.34681998943e-06
2.4532963559e-08	-5.09886467626e-06
2.45528605286e-08	-4.49346498499e-06
2.45727574983e-08	-3.68502583115e-06
2.45926544679e-08	-2.8409352808e-06
2.46125514375e-08	-2.11489918911e-06
2.46324484072e-08	-1.61730116588e-06
2.46523453768e-08	-1.39170344937e-06
2.46722423464e-08	-1.40678969274e-06
2.46921393161e-08	-1.56390609618e-06
2.47120362857e-08	-1.72792641706e-06
2.47319332553e-08	-1.7620690187e-06
2.4751830225e-08	-1.55554187131e-06
2.47717271946e-08	-1.03431921161e-06
2.47916241642e-08	-1.80786322801e-07
2.48115211339e-08	9.63250784025e-07
2.48314181035e-08	2.29765817039e-06
2.48513150731e-08	3.67736311091e-06
2.48712120428e-08	4.93433913107e-06
2.48911090124e-08	5.91298726249e-06
2.4911005982e-08	6.49105004413e-06
2.49309029517e-08	6.58114731777e-06
2.49507999213e-08	6.14765735918e-06
2.49706968909e-08	5.20718435837e-06
2.49905938606e-08	3.83407223126e-06
2.50104908302e-08	2.16062517211e-06
2.50303877999e-08	3.57942781193e-07
2.50502847695e-08	-1.38888407264e-06
2.50701817391e-08	-2.91109688533e-06
2.50900787088e-08	-4.07210495723e-06
2.51099756784e-08	-4.78392803416e-06
2.5129872648e-08	-5.01795125274e-06
2.51497696177e-08	-4.81549864162e-06
2.51696665873e-08	-4.28005387221e-06
2.51895635569e-08	-3.56060922968e-06
2.52094605266e-08	-2.81833774807e-06
2.52293574962e-08	-2.18523757667e-06
2.52492544658e-08	-1.74732099367e-06
2.52691514355e-08	-1.53362236688e-06
2.52890484051e-08	-1.51608810484e-06
2.53089453747e-08	-1.61505943197e-06
2.53288423444e-08	-1.71975494823e-06
2.5348739314e-08	-1.69932417293e-06
2.53686362836e-08	-1.44273803926e-06
2.53885332533e-08	-8.85463066425e-07
2.54084302229e-08	-2.35036843321e-08
2.54283271925e-08	1.09201909027e-06
2.54482241622e-08	2.36148889599e-06
2.54681211318e-08	3.65595246876e-06
2.54880181014e-08	4.83223993797e-06
2.55079150711e-08	5.74394425712e-06
2.55278120407e-08	6.26370206191e-06
2.55477090103e-08	6.31029547549e-06
2.556760598e-08	5.85651423535e-06
2.55875029496e-08	4.93325569551e-06
2.56073999192e-08	3.62148716704e-06
2.56272968889e-08	2.0402806058e-06
2.56471938585e-08	3.35525797368e-07
2.56670908281e-08	-1.32339488346e-06
2.56869877978e-08	-2.77430979168e-06
2.57068847674e-08	-3.88307762478e-06
2.5726781737e-08	-4.56738507637e-06
2.57466787067e-08	-4.81071424474e-06
2.57665756763e-08	-4.65995572085e-06
2.5786472646e-08	-4.20488731834e-06
2.58063696156e-08	-3.56657983502e-06
2.58262665852e-08	-2.88136652671e-06
2.58461635549e-08	-2.27474436088e-06
2.58660605245e-08	-1.83419359701e-06
2.58859574941e-08	-1.59363719376e-06
2.59058544638e-08	-1.52493367978e-06
2.59257514334e-08	-1.54956512688e-06
2.5945648403e-08	-1.56266821705e-06
2.59655453727e-08	-1.46308309468e-06
2.59854423423e-08	-1.16331244726e-06
2.60053393119e-08	-6.07104055916e-07
2.60252362816e-08	2.18216143821e-07
2.60451332512e-08	1.26867769268e-06
2.60650302208e-08	2.45464775617e-06
2.60849271905e-08	3.64696791166e-06
2.61048241601e-08	4.70608665637e-06
2.61247211297e-08	5.50275944988e-06
2.61446180994e-08	5.93648542235e-06
2.6164515069e-08	5.93854610997e-06
2.61844120386e-08	5.47942454432e-06
2.62043090083e-08	4.58251975033e-06
2.62242059779e-08	3.3210546917e-06
2.62441029475e-08	1.81429044233e-06
2.62639999172e-08	2.10713594129e-07
2.62838968868e-08	-1.33691509063e-06
2.63037938564e-08	-2.69000838671e-06
2.63236908261e-08	-3.73237230633e-06
2.63435877957e-08	-4.38969982497e-06
2.63634847653e-08	-4.63667493023e-06
2.6383381735e-08	-4.50564562016e-06
2.64032787046e-08	-4.08280152442e-06
2.64231756742e-08	-3.49026720414e-06
2.64430726439e-08	-2.85276712475e-06
2.64629696135e-08	-2.27911471029e-06
2.64828665832e-08	-1.83973833146e-06
2.65027635528e-08	-1.56595928047e-06
2.65226605224e-08	-1.44194711993e-06
2.65425574921e-08	-1.40885038036e-06
2.65624544617e-08	-1.37485085361e-06
2.65823514313e-08	-1.24091275211e-06
2.6602248401e-08	-9.1892366072e-07
2.66221453706e-08	-3.63762453048e-07
2.66420423402e-08	4.25454473429e-07
2.66619393099e-08	1.40358315548e-06
2.66818362795e-08	2.4909467129e-06
2.67017332491e-08	3.57980127319e-06
2.67216302188e-08	4.54606538369e-06
2.67415271884e-08	5.26496114617e-06
2.6761424158e-08	5.63521143704e-06
2.67813211277e-08	5.59236900699e-06
2.68012180973e-08	5.12118276674e-06
2.68211150669e-08	4.25092844125e-06
2.68410120366e-08	3.05375647258e-06
2.68609090062e-08	1.63164139622e-06
2.68808059758e-08	1.15517533317e-07
2.69007029455e-08	-1.34922822781e-06
2.69205999151e-08	-2.62479807134e-06
2.69404968847e-08	-3.6011025486e-06
2.69603938544e-08	-4.21377762905e-06
2.6980290824e-08	-4.44990223514e-06
2.70001877936e-08	-4.34199614574e-06
2.70200847633e-08	-3.96372456635e-06
2.70399817329e-08	-3.41631891843e-06
2.70598787025e-08	-2.81440895833e-06
2.70797756722e-08	-2.2633411163e-06
2.70996726418e-08	-1.83791428299e-06
2.71195696114e-08	-1.56458366973e-06
2.71394665811e-08	-1.42129749747e-06
2.71593635507e-08	-1.34971901389e-06
2.71792605203e-08	-1.27128572558e-06
2.719915749e-08	-1.10140916831e-06
2.72190544596e-08	-7.67133940371e-07
2.72389514293e-08	-2.22176296916e-07
2.72588483989e-08	5.43273756648e-07
2.72787453685e-08	1.48819168544e-06
2.72986423382e-08	2.53013377005e-06
2.73185393078e-08	3.56067448593e-06
2.73384362774e-08	4.461641538e-06
2.73583332471e-08	5.12363112648e-06
2.73782302167e-08	5.45651982975e-06
2.73981271863e-08	5.39979737368e-06
2.7418024156e-08	4.93070069751e-06
2.74379211256e-08	4.07534957958e-06
2.74578180952e-08	2.90604202746e-06
2.74777150649e-08	1.52854119051e-06
2.74976120345e-08	7.29610860617e-08
2.75175090041e-08	-1.33141929837e-06
2.75374059738e-08	-2.56104567598e-06
2.75573029434e-08	-3.51483799932e-06
2.7577199913e-08	-4.12471263189e-06
2.75970968827e-08	-4.37301719103e-06
2.76169938523e-08	-4.28729777013e-06
2.76368908219e-08	-3.94390349356e-06
2.76567877916e-08	-3.44009572473e-06
2.76766847612e-08	-2.8776067893e-06
2.76965817308e-08	-2.34820413425e-06
2.77164787005e-08	-1.91575088593e-06
2.77363756701e-08	-1.61069237947e-06
2.77562726397e-08	-1.42299984418e-06
2.77761696094e-08	-1.30257672026e-06
2.7796066579e-08	-1.17327260796e-06
2.78159635486e-08	-9.53407464976e-07
2.78358605183e-08	-5.78420497277e-07
2.78557574879e-08	-1.18919203373e-08
2.78756544575e-08	7.4207440548e-07
2.78955514272e-08	1.64827520166e-06
2.79154483968e-08	2.63418144186e-06
2.79353453664e-08	3.60171850389e-06
2.79552423361e-08	4.43608746536e-06
2.79751393057e-08	5.03225578541e-06
2.79950362754e-08	5.29973272023e-06
2.8014933245e-08	5.192612889e-06
2.80348302146e-08	4.69897645416e-06
2.80547271843e-08	3.85007342629e-06
2.80746241539e-08	2.70803388958e-06
2.80945211235e-08	1.37413701395e-06
2.81144180932e-08	-3.06856229315e-08
2.81343150628e-08	-1.37709821502e-06
2.81542120324e-08	-2.54402766586e-06
2.81741090021e-08	-3.44183877132e-06
2.81940059717e-08	-4.01643455916e-06
2.82139029413e-08	-4.25562461714e-06
2.8233799911e-08	-4.18405898017e-06
2.82536968806e-08	-3.86486806292e-06
2.82735938502e-08	-3.38749646289e-06
2.82934908199e-08	-2.84978727905e-06
2.83133877895e-08	-2.34272124544e-06
2.83332847591e-08	-1.92394929854e-06
2.83531817288e-08	-1.61634892493e-06
2.83730786984e-08	-1.40522524816e-06
2.8392975668e-08	-1.24505913845e-06
2.84128726377e-08	-1.07734780386e-06
2.84327696073e-08	-8.28858759405e-07
2.84526665769e-08	-4.41657178385e-07
2.84725635466e-08	1.22763921695e-07
2.84924605162e-08	8.61488302917e-07
2.85123574858e-08	1.73411228843e-06
2.85322544555e-08	2.66542554073e-06
2.85521514251e-08	3.56182374617e-06
2.85720483947e-08	4.32326669397e-06
2.85919453644e-08	4.85508394377e-06
2.8611842334e-08	5.07922209181e-06
2.86317393036e-08	4.94552432428e-06
2.86516362733e-08	4.44383113063e-06
2.86715332429e-08	3.60849890058e-06
2.86914302125e-08	2.50915468314e-06
2.87113271822e-08	1.24198896856e-06
2.87312241518e-08	-7.93766687934e-08
2.87511211215e-08	-1.34280355724e-06
2.87710180911e-08	-2.44038358233e-06
2.87909150607e-08	-3.28476903633e-06
2.88108120304e-08	-3.8226748984e-06
2.8830709e-08	-4.04636853091e-06
2.88506059696e-08	-3.9852025111e-06
2.88705029393e-08	-3.70169220787e-06
2.88903999089e-08	-3.27662928612e-06
2.89102968785e-08	-2.79194762243e-06
2.89301938482e-08	-2.3246946057e-06
2.89500908178e-08	-1.92952865063e-06
2.89699877874e-08	-1.63194920333e-06
2.89898847571e-08	-1.41998970093e-06
2.90097817267e-08	-1.24694906845e-06
2.90296786963e-08	-1.05327075062e-06
2.9049575666e-08	-7.75815493625e-07
2.90694726356e-08	-3.6576130924e-07
2.90893696052e-08	2.00617265023e-07
2.91092665749e-08	9.20030402085e-07
2.91291635445e-08	1.75815699777e-06
2.91490605141e-08	2.64814627826e-06
2.91689574838e-08	3.49731408278e-06
2.91888544534e-08	4.20734954787e-06
2.9208751423e-08	4.68805546916e-06
2.92286483927e-08	4.87019610773e-06
2.92485453623e-08	4.71824591841e-06
2.92684423319e-08	4.22617222284e-06
2.92883393016e-08	3.42235989592e-06
2.93082362712e-08	2.36896528349e-06
2.93281332408e-08	1.158486441e-06
2.93480302105e-08	-9.82379617653e-08
2.93679271801e-08	-1.29272274307e-06
2.93878241497e-08	-2.32555657931e-06
2.94077211194e-08	-3.1261033655e-06
2.9427618089e-08	-3.64884169812e-06
2.94475150586e-08	-3.88259832107e-06
2.94674120283e-08	-3.84822919841e-06
2.94873089979e-08	-3.6001291619e-06
2.95072059676e-08	-3.21440950302e-06
2.95271029372e-08	-2.77173023733e-06
2.95469999068e-08	-2.3405355023e-06
2.95668968765e-08	-1.96267058072e-06
2.95867938461e-08	-1.6577737938e-06
2.96066908157e-08	-1.41552158084e-06
2.96265877854e-08	-1.2027513776e-06
2.9646484755e-08	-9.71380075043e-07
2.96663817246e-08	-6.64027425046e-07
2.96862786943e-08	-2.33446982634e-07
2.97061756639e-08	3.42575134482e-07
2.97260726335e-08	1.05279724494e-06
2.97459696032e-08	1.85519849083e-06
2.97658665728e-08	2.68490134658e-06
2.97857635424e-08	3.4651363876e-06
2.98056605121e-08	4.10786651628e-06
2.98255574817e-08	4.5312540351e-06
2.98454544513e-08	4.67068707621e-06
2.9865351421e-08	4.48587843493e-06
2.98852483906e-08	3.97871053792e-06
2.99051453602e-08	3.1853286373e-06
2.99250423299e-08	2.17062790853e-06
2.99449392995e-08	1.01609384728e-06
2.99648362691e-08	-1.80183000964e-07
2.99847332388e-08	-1.31915692236e-06
3.00046302084e-08	-2.30488717534e-06
3.0024527178e-08	-3.06490164803e-06
3.00444241477e-08	-3.55652218786e-06
3.00643211173e-08	-3.77613969249e-06
3.00842180869e-08	-3.74984824703e-06
3.01041150566e-08	-3.52430959083e-06
3.01240120262e-08	-3.16209911944e-06
3.01439089958e-08	-2.73224566172e-06
3.01638059655e-08	-2.29898375892e-06
3.01837029351e-08	-1.91058450127e-06
3.02035999048e-08	-1.58888093438e-06
3.02234968744e-08	-1.32167286893e-06
3.0243393844e-08	-1.07551039719e-06
3.02632908137e-08	-8.05692224048e-07
3.02831877833e-08	-4.70328927804e-07
3.03030847529e-08	-3.64930006214e-08
3.03229817226e-08	5.17017525681e-07
3.03428786922e-08	1.1824774333e-06
3.03627756618e-08	1.92860835568e-06
3.03826726315e-08	2.69566123734e-06
3.04025696011e-08	3.40230099027e-06
3.04224665707e-08	3.96724112761e-06
3.04423635404e-08	4.32007709605e-06
3.046226051e-08	4.41018801212e-06
3.04821574796e-08	4.2061556087e-06
3.05020544493e-08	3.70761131308e-06
3.05219514189e-08	2.93962523301e-06
3.05418483885e-08	1.96314226741e-06
3.05617453582e-08	8.62849788064e-07
3.05816423278e-08	-2.66650872049e-07
3.06015392974e-08	-1.33179401018e-06
3.06214362671e-08	-2.2534945856e-06
3.06413332367e-08	-2.96933058053e-06
3.06612302063e-08	-3.44216857684e-06
3.0681127176e-08	-3.6553552718e-06
3.07010241456e-08	-3.63051276508e-06
3.07209211152e-08	-3.41593818121e-06
3.07408180849e-08	-3.07507184516e-06
3.07607150545e-08	-2.67206155513e-06
3.07806120241e-08	-2.26178258345e-06
3.08005089938e-08	-1.88098283616e-06
3.08204059634e-08	-1.54706589228e-06
3.0840302933e-08	-1.25842387888e-06
3.08601999027e-08	-9.94286665446e-07
3.08800968723e-08	-7.12900202871e-07
3.08999938419e-08	-3.68017623487e-07
3.09198908116e-08	7.28218552126e-08
3.09397877812e-08	6.22968485686e-07
3.09596847509e-08	1.2683099726e-06
3.09795817205e-08	1.97446547645e-06
3.09994786901e-08	2.68752796728e-06
3.10193756598e-08	3.34348237629e-06
3.10392726294e-08	3.86909255212e-06
3.1059169599e-08	4.19120647166e-06
3.10790665687e-08	4.25546272709e-06
3.10989635383e-08	4.03450053454e-06
3.11188605079e-08	3.53476218606e-06
3.11387574776e-08	2.78965001144e-06
3.11586544472e-08	1.85367895256e-06
3.11785514168e-08	7.9810877196e-07
3.11984483865e-08	-2.90736792863e-07
3.12183453561e-08	-1.3227989939e-06
3.12382423257e-08	-2.21576181048e-06
3.12581392954e-08	-2.90561547445e-06
3.1278036265e-08	-3.36019104452e-06
3.12979332346e-08	-3.57678788987e-06
3.13178302043e-08	-3.57450176125e-06
3.13377271739e-08	-3.38736697358e-06
3.13576241435e-08	-3.06840877329e-06
3.13775211132e-08	-2.67812356469e-06
3.13974180828e-08	-2.27216571602e-06
3.14173150524e-08	-1.8919523086e-06
3.14372120221e-08	-1.55419360226e-06
3.14571089917e-08	-1.25026809883e-06
3.14770059613e-08	-9.54394209884e-07
3.1496902931e-08	-6.37124884406e-07
3.15167999006e-08	-2.67618020189e-07
3.15366968702e-08	1.80846200237e-07
3.15565938399e-08	7.24783802752e-07
3.15764908095e-08	1.35578193294e-06
3.15963877791e-08	2.04276477689e-06
3.16162847488e-08	2.72852503258e-06
3.16361817184e-08	3.34342814767e-06
3.1656078688e-08	3.81961604035e-06
3.16759756577e-08	4.0993395487e-06
3.16958726273e-08	4.13751695305e-06
3.1715769597e-08	3.90805553252e-06
3.17356665666e-08	3.40911572039e-06
3.17555635362e-08	2.66832148554e-06
3.17754605059e-08	1.74426980948e-06
3.17953574755e-08	7.155971673e-07
3.18152544451e-08	-3.35636016757e-07
3.18351514148e-08	-1.3277304447e-06
3.18550483844e-08	-2.1899955982e-06
3.1874945354e-08	-2.86525016691e-06
3.18948423237e-08	-3.31670344167e-06
3.19147392933e-08	-3.52958147687e-06
3.19346362629e-08	-3.52464655862e-06
3.19545332326e-08	-3.3446233374e-06
3.19744302022e-08	-3.0426184594e-06
3.19943271718e-08	-2.66999040832e-06
3.20142241415e-08	-2.27186853863e-06
3.20341211111e-08	-1.88472995433e-06
3.20540180807e-08	-1.52615695015e-06
3.20739150504e-08	-1.19954540878e-06
3.209381202e-08	-8.86748267703e-07
3.21137089896e-08	-5.5679456068e-07
3.21336059593e-08	-1.71216683498e-07
3.21535029289e-08	2.90792542046e-07
3.21733998985e-08	8.32815373997e-07
3.21932968682e-08	1.44023709936e-06
3.22131938378e-08	2.08650112654e-06
3.22330908074e-08	2.72308739113e-06
3.22529877771e-08	3.29153374423e-06
3.22728847467e-08	3.72761348899e-06
3.22927817163e-08	3.96865561925e-06
3.2312678686e-08	3.96936206926e-06
3.23325756556e-08	3.71411488231e-06
3.23524726252e-08	3.21258914937e-06
3.23723695949e-08	2.49447543865e-06
3.23922665645e-08	1.60918170877e-06
3.24121635341e-08	6.23703755309e-07
3.24320605038e-08	-3.83134945992e-07
3.24519574734e-08	-1.32769883976e-06
3.24718544431e-08	-2.13966825413e-06
3.24917514127e-08	-2.76637854313e-06
3.25116483823e-08	-3.18375589359e-06
3.2531545352e-08	-3.38647305398e-06
3.25514423216e-08	-3.39001712746e-06
3.25713392912e-08	-3.2234676155e-06
3.25912362609e-08	-2.93510709071e-06
3.26111332305e-08	-2.57818214777e-06
3.26310302001e-08	-2.20047343191e-06
3.26509271698e-08	-1.83598541525e-06
3.26708241394e-08	-1.49548282025e-06
3.2690721109e-08	-1.17283184409e-06
3.27106180787e-08	-8.52376729199e-07
3.27305150483e-08	-5.13104396305e-07
3.27504120179e-08	-1.29578637598e-07
3.27703089876e-08	3.20813384747e-07
3.27902059572e-08	8.47598670362e-07
3.28101029268e-08	1.44072328112e-06
3.28299998965e-08	2.06606671327e-06
3.28498968661e-08	2.6726353326e-06
3.28697938357e-08	3.20133142395e-06
3.28896908054e-08	3.59653699888e-06
3.2909587775e-08	3.81006054795e-06
3.29294847446e-08	3.80222752483e-06
3.29493817143e-08	3.54999474439e-06
3.29692786839e-08	3.05833862058e-06
3.29891756535e-08	2.35839422658e-06
3.30090726232e-08	1.50497021423e-06
3.30289695928e-08	5.66610594888e-07
3.30488665624e-08	-3.83525929237e-07
3.30687635321e-08	-1.27783135895e-06
3.30886605017e-08	-2.05462254144e-06
3.31085574713e-08	-2.659681968e-06
3.3128454441e-08	-3.06221477331e-06
3.31483514106e-08	-3.25791461364e-06
3.31682483802e-08	-3.26419581143e-06
3.31881453499e-08	-3.11702774525e-06
3.32080423195e-08	-2.85998794425e-06
3.32279392892e-08	-2.5327728963e-06
3.32478362588e-08	-2.17315732698e-06
3.32677332284e-08	-1.81283189704e-06
3.32876301981e-08	-1.46998098671e-06
3.33075271677e-08	-1.14406805096e-06
3.33274241373e-08	-8.19332854007e-07
3.3347321107e-08	-4.68096317263e-07
3.33672180766e-08	-6.75076528012e-08
3.33871150462e-08	3.95622464566e-07
3.34070120159e-08	9.18793091387e-07
3.34269089855e-08	1.49095825464e-06
3.34468059551e-08	2.08321512218e-06
3.34667029248e-08	2.65479138761e-06
3.34865998944e-08	3.15007514473e-06
3.3506496864e-08	3.51153551037e-06
3.35263938337e-08	3.68626217551e-06
3.35462908033e-08	3.64388699836e-06
3.35661877729e-08	3.37382755333e-06
3.35860847426e-08	2.88615137833e-06
3.36059817122e-08	2.20621188873e-06
3.36258786818e-08	1.38161726682e-06
3.36457756515e-08	4.73939394396e-07
3.36656726211e-08	-4.43920484372e-07
3.36855695907e-08	-1.2992596794e-06
3.37054665604e-08	-2.03264414722e-06
3.372536353e-08	-2.603989401e-06
3.37452604996e-08	-2.98960833334e-06
3.37651574693e-08	-3.18394711485e-06
3.37850544389e-08	-3.19583284636e-06
3.38049514085e-08	-3.05335356643e-06
3.38248483782e-08	-2.79751861854e-06
3.38447453478e-08	-2.4745262408e-06
3.38646423174e-08	-2.12211580219e-06
3.38845392871e-08	-1.76446121714e-06
3.39044362567e-08	-1.41194254866e-06
3.39243332263e-08	-1.06453501303e-06
3.3944230196e-08	-7.13783464334e-07
3.39641271656e-08	-3.45658705214e-07
3.39840241353e-08	5.8139638881e-08
3.40039211049e-08	5.14735319257e-07
3.40238180745e-08	1.0274802662e-06
3.40437150442e-08	1.5786610561e-06
3.40636120138e-08	2.13649047964e-06
3.40835089834e-08	2.65674884758e-06
3.41034059531e-08	3.09354538786e-06
3.41233029227e-08	3.40038786817e-06
3.41431998923e-08	3.5360816355e-06
3.4163096862e-08	3.46863475897e-06
3.41829938316e-08	3.18103388963e-06
3.42028908012e-08	2.68509086254e-06
3.42227877709e-08	2.01369175556e-06
3.42426847405e-08	1.21694927202e-06
3.42625817101e-08	3.5343231275e-07
3.42824786798e-08	-5.15101163501e-07
3.43023756494e-08	-1.32819383225e-06
3.4322272619e-08	-2.0281486286e-06
3.43421695887e-08	-2.56904399976e-06
3.43620665583e-08	-2.92693675874e-06
3.43819635279e-08	-3.10017912852e-06
3.44018604976e-08	-3.10429618366e-06
3.44217574672e-08	-2.96887060358e-06
3.44416544368e-08	-2.72579529792e-06
3.44615514065e-08	-2.40848510202e-06
3.44814483761e-08	-2.05373999052e-06
3.45013453457e-08	-1.69052657384e-06
3.45212423154e-08	-1.3339428051e-06
3.4541139285e-08	-9.85235772077e-07
3.45610362546e-08	-6.31180625987e-07
3.45809332243e-08	-2.54490743146e-07
3.46008301939e-08	1.57281782265e-07
3.46207271635e-08	6.0878156205e-07
3.46406241332e-08	1.0995155435e-06
3.46605211028e-08	1.61752842587e-06
3.46804180725e-08	2.13929217807e-06
3.47003150421e-08	2.62555920472e-06
3.47202120117e-08	3.02944908981e-06
3.47401089814e-08	3.30054149345e-06
3.4760005951e-08	3.4026013509e-06
3.47799029206e-08	3.31310241108e-06
3.47997998903e-08	3.02416287923e-06
3.48196968599e-08	2.54464862337e-06
3.48395938295e-08	1.89866108258e-06
3.48594907992e-08	1.12861312118e-06
3.48793877688e-08	2.95102751124e-07
3.48992847384e-08	-5.39781865427e-07
3.49191817081e-08	-1.31379482582e-06
3.49390786777e-08	-1.97880581254e-06
3.49589756473e-08	-2.50054370099e-06
3.4978872617e-08	-2.85533917577e-06
3.49987695866e-08	-3.03418994463e-06
3.50186665562e-08	-3.04693389808e-06
3.50385635259e-08	-2.91874971481e-06
3.50584604955e-08	-2.68533369763e-06
3.50783574651e-08	-2.38499455918e-06
3.50982544348e-08	-2.04632965506e-06
3.51181514044e-08	-1.68862396777e-06
3.5138048374e-08	-1.32541026687e-06
3.51579453437e-08	-9.61020447221e-07
3.51778423133e-08	-5.92391444343e-07
3.51977392829e-08	-2.08638169852e-07
3.52176362526e-08	2.063916682e-07
3.52375332222e-08	6.61762527443e-07
3.52574301918e-08	1.15496169428e-06
3.52773271615e-08	1.6663739757e-06
3.52972241311e-08	2.16827402255e-06
3.53171211007e-08	2.62402750195e-06
3.53370180704e-08	2.9975299185e-06
3.535691504e-08	3.24689244735e-06
3.53768120096e-08	3.33436105393e-06
3.53967089793e-08	3.23267965996e-06
3.54166059489e-08	2.93342088753e-06
3.54365029186e-08	2.44930629378e-06
3.54563998882e-08	1.81261873422e-06
3.54762968578e-08	1.06542040612e-06
3.54961938275e-08	2.58230528516e-07
3.55160907971e-08	-5.54529265173e-07
3.55359877667e-08	-1.31383245616e-06
3.55558847364e-08	-1.9661473516e-06
3.5575781706e-08	-2.47352227234e-06
3.55956786756e-08	-2.81468544472e-06
3.56155756453e-08	-2.99002226711e-06
3.56354726149e-08	-3.0096844057e-06
3.56553695845e-08	-2.89395734399e-06
3.56752665542e-08	-2.66928657311e-06
3.56951635238e-08	-2.36771359141e-06
3.57150604934e-08	-2.02270678074e-06
3.57349574631e-08	-1.66090711673e-06
3.57548544327e-08	-1.29527393256e-06
3.57747514023e-08	-9.24602346686e-07
3.5794648372e-08	-5.43190935787e-07
3.58145453416e-08	-1.42979502016e-07
3.58344423112e-08	2.81432861016e-07
3.58543392809e-08	7.317986217e-07
3.58742362505e-08	1.20803036907e-06
3.58941332201e-08	1.6978306121e-06
3.59140301898e-08	2.17806962155e-06
3.59339271594e-08	2.61038348981e-06
3.5953824129e-08	2.95229358471e-06
3.59737210987e-08	3.16596799621e-06
3.59936180683e-08	3.22201663039e-06
3.60135150379e-08	3.10433597406e-06
3.60334120076e-08	2.80287781607e-06
3.60533089772e-08	2.328925234e-06
3.60732059468e-08	1.70296414126e-06
3.60931029165e-08	9.7258759979e-07
3.61129998861e-08	1.90108274012e-07
3.61328968557e-08	-5.85422355925e-07
3.61527938254e-08	-1.30541474164e-06
3.6172690795e-08	-1.92491165762e-06
3.61925877647e-08	-2.4124178708e-06
3.62124847343e-08	-2.74218939467e-06
3.62323817039e-08	-2.90687728466e-06
3.62522786736e-08	-2.91747028314e-06
3.62721756432e-08	-2.79836069694e-06
3.62920726128e-08	-2.58055570157e-06
3.63119695825e-08	-2.29390525419e-06
3.63318665521e-08	-1.96236646843e-06
3.63517635217e-08	-1.6040116293e-06
3.63716604914e-08	-1.23583373579e-06
3.6391557461e-08	-8.65756931034e-07
3.64114544306e-08	-4.91148711035e-07
3.64313514003e-08	-1.01822923426e-07
3.64512483699e-08	3.13771181482e-07
3.64711453395e-08	7.58205061402e-07
3.64910423092e-08	1.22358534327e-06
3.65109392788e-08	1.69155583762e-06
3.65308362484e-08	2.13900102608e-06
3.65507332181e-08	2.53718076237e-06
3.65706301877e-08	2.85288786017e-06
3.65905271573e-08	3.04936531847e-06
3.6610424127e-08	3.09213942273e-06
3.66303210966e-08	2.96102177799e-06
3.66502180662e-08	2.65450398729e-06
3.66701150359e-08	2.18933939777e-06
3.66900120055e-08	1.59087500151e-06
3.67099089751e-08	8.97132821365e-07
3.67298059448e-08	1.51838264628e-07
3.67497029144e-08	-5.91489623503e-07
3.6769599884e-08	-1.28080529294e-06
3.67894968537e-08	-1.86812911807e-06
3.68093938233e-08	-2.3219695322e-06
3.68292907929e-08	-2.63028402969e-06
3.68491877626e-08	-2.79035293715e-06
3.68690847322e-08	-2.80883477899e-06
3.68889817018e-08	-2.70093505605e-06
3.69088786715e-08	-2.49248898854e-06
3.69287756411e-08	-2.21361244712e-06
3.69486726108e-08	-1.89281030316e-06
3.69685695804e-08	-1.55289365011e-06
3.698846655e-08	-1.20084899891e-06
3.70083635197e-08	-8.35666469357e-07
3.70282604893e-08	-4.5787949432e-07
3.70481574589e-08	-6.50942979519e-08
3.70680544286e-08	3.46341764157e-07
3.70879513982e-08	7.7759992223e-07
3.71078483678e-08	1.22733746366e-06
3.71277453375e-08	1.68396621802e-06
3.71476423071e-08	2.11891870094e-06
3.71675392767e-08	2.49839501976e-06
3.71874362464e-08	2.78682364296e-06
3.7207333216e-08	2.95394875138e-06
3.72272301856e-08	2.97811834571e-06
3.72471271553e-08	2.84233340153e-06
3.72670241249e-08	2.53950588558e-06
3.72869210945e-08	2.07962546028e-06
3.73068180642e-08	1.48806492462e-06
3.73267150338e-08	8.09010344938e-07
3.73466120034e-08	9.10960942235e-08
3.73665089731e-08	-6.17961120497e-07
3.73864059427e-08	-1.27618000079e-06
3.74063029123e-08	-1.84326984254e-06
3.7426199882e-08	-2.28659439472e-06
3.74460968516e-08	-2.58527643382e-06
3.74659938212e-08	-2.73249327165e-06
3.74858907909e-08	-2.74286560398e-06
3.75057877605e-08	-2.63564663783e-06
3.75256847301e-08	-2.43688680257e-06
3.75455816998e-08	-2.16687419652e-06
3.75654786694e-08	-1.84682579629e-06
3.7585375639e-08	-1.49594518462e-06
3.76052726087e-08	-1.13262700552e-06
3.76251695783e-08	-7.62542043731e-07
3.76450665479e-08	-3.8406533065e-07
3.76649635176e-08	1.16291545282e-08
3.76848604872e-08	4.28439605571e-07
3.77047574569e-08	8.62684856884e-07
3.77246544265e-08	1.30272354681e-06
3.77445513961e-08	1.73164318085e-06
3.77644483658e-08	2.13206556055e-06
3.77843453354e-08	2.47802245212e-06
3.7804242305e-08	2.73778346127e-06
3.78241392747e-08	2.8775333476e-06
3.78440362443e-08	2.87130694687e-06
3.78639332139e-08	2.70600253316e-06
3.78838301836e-08	2.38623624682e-06
3.79037271532e-08	1.92855890191e-06
3.79236241228e-08	1.35455599093e-06
3.79435210925e-08	6.97617878131e-07
3.79634180621e-08	1.84508408552e-10
3.79833150317e-08	-6.8668148856e-07
3.80032120014e-08	-1.31509386847e-06
3.8023108971e-08	-1.84742259535e-06
3.80430059406e-08	-2.25765529649e-06
3.80629029103e-08	-2.53641189829e-06
3.80827998799e-08	-2.67743666882e-06
3.81026968495e-08	-2.68543692528e-06
3.81225938192e-08	-2.57200656506e-06
3.81424907888e-08	-2.36424568811e-06
3.81623877584e-08	-2.08981202832e-06
3.81822847281e-08	-1.77270567292e-06
3.82021816977e-08	-1.42941854619e-06
3.82220786673e-08	-1.06614186279e-06
3.8241975637e-08	-6.87664055476e-07
3.82618726066e-08	-2.98619610817e-07
3.82817695762e-08	9.70559561608e-08
3.83016665459e-08	5.0295355436e-07
3.83215635155e-08	9.19418511103e-07
3.83414604851e-08	1.34319634526e-06
3.83613574548e-08	1.75736965957e-06
3.83812544244e-08	2.1360305027e-06
3.8401151394e-08	2.44979776198e-06
3.84210483637e-08	2.67135908416e-06
3.84409453333e-08	2.78040465673e-06
3.8460842303e-08	2.75829791008e-06
3.84807392726e-08	2.58907437001e-06
3.85006362422e-08	2.26941915571e-06
3.85205332119e-08	1.81239425956e-06
3.85404301815e-08	1.24634340182e-06
3.85603271511e-08	6.11294353803e-07
3.85802241208e-08	-5.1528960654e-08
3.86001210904e-08	-7.03349428477e-07
3.862001806e-08	-1.30550910171e-06
3.86399150297e-08	-1.82193264209e-06
3.86598119993e-08	-2.22084531742e-06
3.86797089689e-08	-2.48445348916e-06
3.86996059386e-08	-2.61208663233e-06
3.87195029082e-08	-2.61663319634e-06
3.87393998778e-08	-2.51365042914e-06
3.87592968475e-08	-2.32032357417e-06
3.87791938171e-08	-2.05554817967e-06
3.87990907867e-08	-1.73864577846e-06
3.88189877564e-08	-1.39056385251e-06
3.8838884726e-08	-1.02753386955e-06
3.88587816956e-08	-6.57252712699e-07
3.88786786653e-08	-2.72600772178e-07
3.88985756349e-08	1.26584644988e-07
3.89184726045e-08	5.38979776366e-07
3.89383695742e-08	9.55894734034e-07
3.89582665438e-08	1.36784370852e-06
3.89781635134e-08	1.76062508217e-06
3.89980604831e-08	2.11846065667e-06
3.90179574527e-08	2.41989937422e-06
3.90378544223e-08	2.6326903253e-06
3.9057751392e-08	2.72807426427e-06
3.90776483616e-08	2.68727694674e-06
3.90975453312e-08	2.50573430094e-06
3.91174423009e-08	2.18806633256e-06
3.91373392705e-08	1.74545391474e-06
3.91572362402e-08	1.19934492204e-06
3.91771332098e-08	5.79503364406e-07
3.91970301794e-08	-7.32567819739e-08
3.92169271491e-08	-7.11393596475e-07
3.92368241187e-08	-1.29260092763e-06
3.92567210883e-08	-1.78736831913e-06
3.9276618058e-08	-2.17456101836e-06
3.92965150276e-08	-2.4404995429e-06
3.93164119972e-08	-2.57789793068e-06
3.93363089669e-08	-2.58746320014e-06
3.93562059365e-08	-2.48269770964e-06
3.93761029061e-08	-2.28940439229e-06
3.93959998758e-08	-2.02941737371e-06
3.94158968454e-08	-1.72195467485e-06
3.9435793815e-08	-1.38036608632e-06
3.94556907847e-08	-1.01199003666e-06
3.94755877543e-08	-6.25946938726e-07
3.94954847239e-08	-2.31409572393e-07
3.95153816936e-08	1.66039463068e-07
3.95352786632e-08	5.72109200903e-07
3.95551756328e-08	9.84103337487e-07
3.95750726025e-08	1.39245690889e-06
3.95949695721e-08	1.78054580147e-06
3.96148665417e-08	2.12303791614e-06
3.96347635114e-08	2.3965096716e-06
3.9654660481e-08	2.58086106442e-06
3.96745574506e-08	2.65930066234e-06
3.96944544203e-08	2.61157424575e-06
3.97143513899e-08	2.42625981173e-06
3.97342483595e-08	2.10169378079e-06
3.97541453292e-08	1.65496390991e-06
3.97740422988e-08	1.11484973786e-06
3.97939392684e-08	5.15628187259e-07
3.98138362381e-08	-1.08946561994e-07
3.98337332077e-08	-7.22497873085e-07
3.98536301773e-08	-1.28912620312e-06
3.9873527147e-08	-1.77120483613e-06
3.98934241166e-08	-2.14201543258e-06
3.99133210863e-08	-2.38738130065e-06
3.99332180559e-08	-2.50788332323e-06
3.99531150255e-08	-2.51446556376e-06
3.99730119952e-08	-2.41694135639e-06
3.99929089648e-08	-2.22832613872e-06
4.00128059344e-08	-1.96671317099e-06
4.00327029041e-08	-1.65397733554e-06
4.00525998737e-08	-1.3109464021e-06
4.00724968433e-08	-9.50346532136e-07
4.0092393813e-08	-5.7736792769e-07
4.01122907826e-08	-1.90642779785e-07
4.01321877522e-08	2.07692643528e-07
4.01520847219e-08	6.09902457427e-07
4.01719816915e-08	1.00679642401e-06
4.01918786611e-08	1.38990213827e-06
4.02117756308e-08	1.7508180008e-06
4.02316726004e-08	2.07172740829e-06
4.025156957e-08	2.33141031458e-06
4.02714665397e-08	2.50007178693e-06
4.02913635093e-08	2.55733959875e-06
4.03112604789e-08	2.48987453233e-06
4.03311574486e-08	2.29746399327e-06
4.03510544182e-08	1.98258032924e-06
4.03709513878e-08	1.55634597832e-06
4.03908483575e-08	1.03643122884e-06
4.04107453271e-08	4.54202279343e-07
4.04306422967e-08	-1.49318843512e-07
4.04505392664e-08	-7.33004469566e-07
4.0470436236e-08	-1.26378324694e-06
4.04903332056e-08	-1.71471526755e-06
4.05102301753e-08	-2.0675261112e-06
4.05301271449e-08	-2.30680632285e-06
4.05500241145e-08	-2.42434020947e-06
4.05699210842e-08	-2.42298517605e-06
4.05898180538e-08	-2.31894318858e-06
4.06097150234e-08	-2.13396856452e-06
4.06296119931e-08	-1.88668803958e-06
4.06495089627e-08	-1.59056816074e-06
4.06694059324e-08	-1.25828074715e-06
4.0689302902e-08	-8.99535052667e-07
4.07091998716e-08	-5.27484871782e-07
4.07290968413e-08	-1.50389922737e-07
4.07489938109e-08	2.30822443825e-07
4.07688907805e-08	6.1739604007e-07
4.07887877502e-08	1.00575607576e-06
4.08086847198e-08	1.38348826795e-06
4.08285816894e-08	1.73230802147e-06
4.08484786591e-08	2.0319162104e-06
4.08683756287e-08	2.26545375881e-06
4.08882725983e-08	2.41584803007e-06
4.0908169568e-08	2.46627905653e-06
4.09280665376e-08	2.39796293044e-06
4.09479635072e-08	2.20183937927e-06
4.09678604769e-08	1.88240068155e-06
4.09877574465e-08	1.45813874042e-06
4.10076544161e-08	9.54142365117e-07
4.10275513858e-08	3.98334719875e-07
4.10474483554e-08	-1.78084285096e-07
4.1067345325e-08	-7.43197603015e-07
4.10872422947e-08	-1.26084074736e-06
4.11071392643e-08	-1.69662365579e-06
4.11270362339e-08	-2.02818796424e-06
4.11469332036e-08	-2.24883581268e-06
4.11668301732e-08	-2.35779100421e-06
4.11867271428e-08	-2.35981872265e-06
4.12066241125e-08	-2.26343900067e-06
4.12265210821e-08	-2.08067888252e-06
4.12464180517e-08	-1.82782383717e-06
4.12663150214e-08	-1.52809963083e-06
4.1286211991e-08	-1.19959582889e-06
4.13061089606e-08	-8.49488174026e-07
4.13260059303e-08	-4.81902858951e-07
4.13459028999e-08	-1.0108531967e-07
4.13657998695e-08	2.86720066356e-07
4.13856968392e-08	6.7248069513e-07
4.14055938088e-08	1.04798647271e-06
4.14254907785e-08	1.40664781156e-06
4.14453877481e-08	1.738366052e-06
4.14652847177e-08	2.02687647288e-06
4.14851816874e-08	2.246109716e-06
4.1505078657e-08	2.37489018673e-06
4.15249756266e-08	2.39719099682e-06
4.15448725963e-08	2.30706871207e-06
4.15647695659e-08	2.10142752621e-06
4.15846665355e-08	1.78457889888e-06
4.16045635052e-08	1.36475796353e-06
4.16244604748e-08	8.63689251673e-07
4.16443574444e-08	3.12383292567e-07
4.16642544141e-08	-2.50182253581e-07
4.16841513837e-08	-7.90310878074e-07
4.17040483533e-08	-1.27997793697e-06
4.1723945323e-08	-1.69585092635e-06
4.17438422926e-08	-2.01738191663e-06
4.17637392622e-08	-2.22965979901e-06
4.17836362319e-08	-2.3251990342e-06
4.18035332015e-08	-2.31206354329e-06
4.18234301711e-08	-2.20379183702e-06
4.18433271408e-08	-2.01918783205e-06
4.18632241104e-08	-1.77174410965e-06
4.188312108e-08	-1.4727627331e-06
4.19030180497e-08	-1.13576021477e-06
4.19229150193e-08	-7.76431392069e-07
4.19428119889e-08	-4.05794580161e-07
4.19627089586e-08	-3.07661416343e-08
4.19826059282e-08	3.46608103996e-07
4.20025028978e-08	7.24752851511e-07
4.20223998675e-08	1.09704677698e-06
4.20422968371e-08	1.44597083818e-06
4.20621938067e-08	1.75629736532e-06
4.20820907764e-08	2.01462012228e-06
4.2101987746e-08	2.20618221647e-06
4.21218847156e-08	2.31526905736e-06
4.21417816853e-08	2.32567742842e-06
4.21616786549e-08	2.22311734888e-06
4.21815756246e-08	2.00345357371e-06
4.22014725942e-08	1.67670788187e-06
4.22213695638e-08	1.26136990275e-06
4.22412665335e-08	7.77805354346e-07
4.22611635031e-08	2.50889883091e-07
4.22810604727e-08	-2.91352336035e-07
4.23009574424e-08	-8.16335244735e-07
4.2320854412e-08	-1.28923386455e-06
4.23407513816e-08	-1.68242337395e-06
4.23606483513e-08	-1.97998235762e-06
4.23805453209e-08	-2.17590013563e-06
4.24004422905e-08	-2.26793429192e-06
4.24203392602e-08	-2.25883195526e-06
4.24402362298e-08	-2.15358954847e-06
4.24601331994e-08	-1.96606220015e-06
4.24800301691e-08	-1.71553813288e-06
4.24999271387e-08	-1.42054568641e-06
4.25198241083e-08	-1.09504952661e-06
4.2539721078e-08	-7.45213355913e-07
4.25596180476e-08	-3.77410913188e-07
4.25795150172e-08	7.41065875332e-10
4.25994119869e-08	3.78612796226e-07
4.26193089565e-08	7.48399941131e-07
4.26392059261e-08	1.10398099196e-06
4.26591028958e-08	1.43971175248e-06
4.26789998654e-08	1.74324179625e-06
4.2698896835e-08	1.9948422505e-06
4.27187938047e-08	2.1750970518e-06
4.27386907743e-08	2.26709573781e-06
4.27585877439e-08	2.26097199629e-06
4.27784847136e-08	2.15223894884e-06
4.27983816832e-08	1.93899910528e-06
4.28182786528e-08	1.62150763572e-06
4.28381756225e-08	1.21255163776e-06
4.28580725921e-08	7.33900463956e-07
4.28779695617e-08	2.18076550595e-07
4.28978665314e-08	-3.05246985022e-07
4.2917763501e-08	-8.06689399724e-07
4.29376604707e-08	-1.26271584122e-06
4.29575574403e-08	-1.64952979276e-06
4.29774544099e-08	-1.9467867105e-06
4.29973513796e-08	-2.13956002426e-06
4.30172483492e-08	-2.22582457354e-06
4.30371453188e-08	-2.21190271077e-06
4.30570422885e-08	-2.11190888422e-06
4.30769392581e-08	-1.93622435063e-06
4.30968362277e-08	-1.69530886751e-06
4.31167331974e-08	-1.40153883876e-06
4.3136630167e-08	-1.07124679971e-06
4.31565271366e-08	-7.18857620541e-07
4.31764241063e-08	-3.54714160267e-07
4.31963210759e-08	1.57458748262e-08
4.32162180455e-08	3.90161787323e-07
4.32361150152e-08	7.62555799838e-07
4.32560119848e-08	1.12016186904e-06
4.32759089544e-08	1.44820495507e-06
4.32958059241e-08	1.73507203272e-06
4.33157028937e-08	1.96943017272e-06
4.33355998633e-08	2.13783755498e-06
4.3355496833e-08	2.22429605401e-06
4.33753938026e-08	2.21305026571e-06
4.33952907722e-08	2.09402844575e-06
4.34151877419e-08	1.86986778772e-06
4.34350847115e-08	1.55080789455e-06
4.34549816811e-08	1.15209167006e-06
4.34748786508e-08	6.90104769774e-07
4.34947756204e-08	1.89034786047e-07
4.351467259e-08	-3.25004506863e-07
4.35345695597e-08	-8.17070457515e-07
4.35544665293e-08	-1.25778143456e-06
4.35743634989e-08	-1.62449293839e-06
4.35942604686e-08	-1.90508399101e-06
4.36141574382e-08	-2.09130496387e-06
4.36340544079e-08	-2.17849355977e-06
4.36539513775e-08	-2.16645400997e-06
4.36738483471e-08	-2.06088668619e-06
4.36937453168e-08	-1.8788097691e-06
4.37136422864e-08	-1.63600111591e-06
4.3733539256e-08	-1.34951488917e-06
4.37534362257e-08	-1.02756126807e-06
4.37733331953e-08	-6.78558507161e-07
4.37932301649e-08	-3.12637965294e-07
4.38131271346e-08	5.88578874527e-08
4.38330241042e-08	4.25807613169e-07
4.38529210738e-08	7.81824269325e-07
4.38728180435e-08	1.1213563198e-06
4.38927150131e-08	1.43790646234e-06
4.39126119827e-08	1.7152836449e-06
4.39325089524e-08	1.93508259372e-06
4.3952405922e-08	2.08218511943e-06
4.39723028916e-08	2.14676219912e-06
4.39921998613e-08	2.12070403904e-06
4.40120968309e-08	1.99951011837e-06
4.40319938005e-08	1.7794978362e-06
4.40518907702e-08	1.46442260984e-06
4.40717877398e-08	1.06835642555e-06
4.40916847094e-08	6.15652623992e-07
4.41115816791e-08	1.33884846321e-07
4.41314786487e-08	-3.51493028461e-07
4.41513756183e-08	-8.16959669692e-07
4.4171272588e-08	-1.23865874002e-06
4.41911695576e-08	-1.59279954914e-06
4.42110665272e-08	-1.85861733826e-06
4.42309634969e-08	-2.02739727229e-06
4.42508604665e-08	-2.0980797899e-06
4.42707574361e-08	-2.07937580399e-06
4.42906544058e-08	-1.97785891487e-06
4.43105513754e-08	-1.80365623237e-06
4.4330448345e-08	-1.56442325761e-06
4.43503453147e-08	-1.27781476067e-06
4.43702422843e-08	-9.57901619358e-07
4.4390139254e-08	-6.19680349701e-07
4.44100362236e-08	-2.71182713618e-07
4.44299331932e-08	8.60076987408e-08
4.44498301629e-08	4.44145484835e-07
4.44697271325e-08	7.93405348531e-07
4.44896241021e-08	1.12164138955e-06
4.45095210718e-08	1.41715645441e-06
4.45294180414e-08	1.67202802004e-06
4.4549315011e-08	1.87607145108e-06
4.45692119807e-08	2.01544969514e-06
4.45891089503e-08	2.07359005344e-06
4.46090059199e-08	2.03954914468e-06
4.46289028896e-08	1.90728451344e-06
4.46487998592e-08	1.68345587781e-06
4.46686968288e-08	1.37693592706e-06
4.46885937985e-08	9.98759901449e-07
4.47084907681e-08	5.63562537081e-07
4.47283877377e-08	9.49351495194e-08
4.47482847074e-08	-3.78312307703e-07
4.4768181677e-08	-8.27158004313e-07
4.47880786466e-08	-1.22530309454e-06
4.48079756163e-08	-1.55708374905e-06
4.48278725859e-08	-1.81037029279e-06
4.48477695555e-08	-1.97617623598e-06
4.48676665252e-08	-2.04638786272e-06
4.48875634948e-08	-2.02322166842e-06
4.49074604644e-08	-1.91511094272e-06
4.49273574341e-08	-1.73780529167e-06
4.49472544037e-08	-1.50454775394e-06
4.49671513733e-08	-1.22857665019e-06
4.4987048343e-08	-9.15545683711e-07
4.50069453126e-08	-5.76243166961e-07
4.50268422822e-08	-2.23881102102e-07
4.50467392519e-08	1.28854559023e-07
4.50666362215e-08	4.7634829059e-07
4.50865331911e-08	8.13147750023e-07
4.51064301608e-08	1.13248029265e-06
4.51263271304e-08	1.42415660775e-06
4.51462241001e-08	1.67210845348e-06
4.51661210697e-08	1.86078551678e-06
4.51860180393e-08	1.97840813598e-06
4.5205915009e-08	2.01994726012e-06
4.52258119786e-08	1.97717452011e-06
4.52457089482e-08	1.84354900057e-06
4.52656059179e-08	1.61623262329e-06
4.52855028875e-08	1.30281318889e-06
4.53053998571e-08	9.20803103099e-07
4.53252968268e-08	4.91794139634e-07
4.53451937964e-08	3.89323471239e-08
4.5365090766e-08	-4.15876584725e-07
4.53849877357e-08	-8.51164827509e-07
4.54048847053e-08	-1.24169361015e-06
4.54247816749e-08	-1.56464108159e-06
4.54446786446e-08	-1.80212720124e-06
4.54645756142e-08	-1.94906147044e-06
4.54844725838e-08	-2.00773035886e-06
4.55043695535e-08	-1.98113832539e-06
4.55242665231e-08	-1.87447290045e-06
4.55441634927e-08	-1.69498713376e-06
4.55640604624e-08	-1.4541497535e-06
4.5583957432e-08	-1.16849781762e-06
4.56038544016e-08	-8.5450724896e-07
4.56237513713e-08	-5.21456797742e-07
4.56436483409e-08	-1.75993527307e-07
4.56635453105e-08	1.76921219008e-07
4.56834422802e-08	5.2559923347e-07
4.57033392498e-08	8.5962619778e-07
4.57232362194e-08	1.16603871447e-06
4.57431331891e-08	1.43815390174e-06
4.57630301587e-08	1.66735196672e-06
4.57829271283e-08	1.84492876087e-06
4.5802824098e-08	1.9533943032e-06
4.58227210676e-08	1.97924100576e-06
4.58426180372e-08	1.91817622408e-06
4.58625150069e-08	1.76733067292e-06
4.58824119765e-08	1.53460791807e-06
4.59023089462e-08	1.22697349525e-06
4.59222059158e-08	8.53938104228e-07
4.59421028854e-08	4.30606291957e-07
4.59619998551e-08	-1.67954272712e-08
4.59818968247e-08	-4.60762834109e-07
4.60017937943e-08	-8.76658759807e-07
4.6021690764e-08	-1.24327004869e-06
4.60415877336e-08	-1.54825437448e-06
4.60614847032e-08	-1.77734500539e-06
4.60813816729e-08	-1.92054187664e-06
4.61012786425e-08	-1.97155407022e-06
4.61211756121e-08	-1.93342924604e-06
4.61410725818e-08	-1.81828426093e-06
4.61609695514e-08	-1.63925727747e-06
4.6180866521e-08	-1.40620039701e-06
4.62007634907e-08	-1.12799335739e-06
4.62206604603e-08	-8.14470922705e-07
4.62405574299e-08	-4.78443141105e-07
4.62604543996e-08	-1.33950699421e-07
4.62803513692e-08	2.08610643426e-07
4.63002483388e-08	5.4338951827e-07
4.63201453085e-08	8.67208001409e-07
4.63400422781e-08	1.16901208003e-06
4.63599392477e-08	1.43687276477e-06
4.63798362174e-08	1.65527688978e-06
4.6399733187e-08	1.81361230034e-06
4.64196301566e-08	1.90575826764e-06
4.64395271263e-08	1.92427643242e-06
4.64594240959e-08	1.86320437479e-06
4.64793210655e-08	1.71337120491e-06
4.64992180352e-08	1.4790524574e-06
4.65191150048e-08	1.1685364143e-06
4.65390119744e-08	8.00368667342e-07
4.65589089441e-08	3.94034586293e-07
4.65788059137e-08	-3.30278897565e-08
4.65987028833e-08	-4.6120445063e-07
4.6618599853e-08	-8.67876366328e-07
4.66384968226e-08	-1.228395206e-06
4.66583937923e-08	-1.5219134184e-06
4.66782907619e-08	-1.73675488213e-06
4.66981877315e-08	-1.86965723969e-06
4.67180847012e-08	-1.9212405391e-06
4.67379816708e-08	-1.89113376337e-06
4.67578786404e-08	-1.78372778237e-06
4.67777756101e-08	-1.60530089488e-06
4.67976725797e-08	-1.37044747817e-06
4.68175695493e-08	-1.0952219327e-06
4.6837466519e-08	-7.91334372252e-07
4.68573634886e-08	-4.67191810571e-07
4.68772604582e-08	-1.27953796891e-07
4.68971574279e-08	2.1663785077e-07
4.69170543975e-08	5.53358091793e-07
4.69369513671e-08	8.70512820939e-07
4.69568483368e-08	1.16055167609e-06
4.69767453064e-08	1.41645938356e-06
4.6996642276e-08	1.62931723935e-06
4.70165392457e-08	1.7875494791e-06
4.70364362153e-08	1.87627273363e-06
4.70563331849e-08	1.88418869129e-06
4.70762301546e-08	1.8108702875e-06
4.70961271242e-08	1.65770404692e-06
4.71160240938e-08	1.42907470035e-06
4.71359210635e-08	1.12831565957e-06
4.71558180331e-08	7.67743642882e-07
4.71757150027e-08	3.64183506463e-07
4.71956119724e-08	-5.81614791884e-08
4.7215508942e-08	-4.7363850797e-07
4.72354059116e-08	-8.60951075765e-07
4.72553028813e-08	-1.20601680464e-06
4.72751998509e-08	-1.49279964035e-06
4.72950968205e-08	-1.70693226664e-06
4.73149937902e-08	-1.83724694125e-06
4.73348907598e-08	-1.88056088746e-06
4.73547877294e-08	-1.84186296792e-06
4.73746846991e-08	-1.73213447852e-06
4.73945816687e-08	-1.56002295171e-06
4.74144786384e-08	-1.33297385219e-06
4.7434375608e-08	-1.05981899878e-06
4.74542725776e-08	-7.5265231203e-07
4.74741695473e-08	-4.25610394927e-07
4.74940665169e-08	-9.24849246076e-08
4.75139634865e-08	2.38933090202e-07
4.75338604562e-08	5.64929024449e-07
4.75537574258e-08	8.77135676092e-07
4.75736543954e-08	1.16296024544e-06
4.75935513651e-08	1.40970399798e-06
4.76134483347e-08	1.60607288535e-06
4.76333453043e-08	1.74379522377e-06
4.7653242274e-08	1.81856751169e-06
4.76731392436e-08	1.82239773494e-06
4.76930362132e-08	1.74720207724e-06
4.77129331829e-08	1.58864696687e-06
4.77328301525e-08	1.35293038284e-06
4.77527271221e-08	1.05179015009e-06
4.77726240918e-08	7.00669289699e-07
4.77925210614e-08	3.15675592333e-07
4.7812418031e-08	-8.80992239161e-08
4.78323150007e-08	-4.90757742e-07
4.78522119703e-08	-8.68471772719e-07
4.78721089399e-08	-1.19823369005e-06
4.78920059096e-08	-1.46502026155e-06
4.79119028792e-08	-1.65872796742e-06
4.79317998488e-08	-1.77775945076e-06
4.79516968185e-08	-1.81849759429e-06
4.79715937881e-08	-1.7809713313e-06
4.79914907577e-08	-1.66746366403e-06
4.80113877274e-08	-1.48875119521e-06
4.8031284697e-08	-1.26017425828e-06
4.80511816666e-08	-9.93691742224e-07
4.80710786363e-08	-6.99010200833e-07
4.80909756059e-08	-3.83605041065e-07
4.81108725756e-08	-5.58161854514e-08
4.81307695452e-08	2.72811234936e-07
4.81506665148e-08	5.88228772358e-07
4.81705634845e-08	8.81623492432e-07
4.81904604541e-08	1.14826127628e-06
4.82103574237e-08	1.38089569646e-06
4.82302543934e-08	1.56799853812e-06
4.8250151363e-08	1.69865069211e-06
4.82700483326e-08	1.7607595737e-06
4.82899453023e-08	1.74833314759e-06
4.83098422719e-08	1.66301117588e-06
4.83297392415e-08	1.50648753561e-06
4.83496362112e-08	1.2785715171e-06
4.83695331808e-08	9.86415500392e-07
4.83894301504e-08	6.4120240495e-07
4.84093271201e-08	2.62216346414e-07
4.84292240897e-08	-1.27856779386e-07
4.84491210593e-08	-5.07984026399e-07
4.8469018029e-08	-8.64030312187e-07
4.84889149986e-08	-1.17845053182e-06
4.85088119682e-08	-1.43680921383e-06
4.85287089379e-08	-1.62401505577e-06
4.85486059075e-08	-1.73225276967e-06
4.85685028771e-08	-1.75996592588e-06
4.85883998468e-08	-1.71512260749e-06
4.86082968164e-08	-1.60458637311e-06
4.8628193786e-08	-1.43369953776e-06
4.86480907557e-08	-1.20937824022e-06
4.86679877253e-08	-9.43000117104e-07
