% time-domain voltage integration by openEMS v0.0.36 @Thu Jan 22 08:34:31 2026
% start-coordinates: (0.0241935,0.0115,0.0015) m -> [105,65,9]
% stop-coordinates: (0.0241935,0.0115,0) m -> [105,65,7]
% t/s	voltage
0	0
1.98969696342e-11	0
3.97939392684e-11	0
5.96909089027e-11	0
7.95878785369e-11	0
9.94848481711e-11	0
1.19381817805e-10	0
1.3927878744e-10	0
1.59175757074e-10	-1.81095070934e-33
1.79072726708e-10	-7.14886201065e-25
1.98969696342e-10	-1.3580006613e-18
2.18866665976e-10	-3.85655405316e-14
2.38763635611e-10	-2.62599768319e-11
2.58660605245e-10	-4.76730377397e-10
2.78557574879e-10	-1.32250987939e-10
2.98454544513e-10	-5.70246294629e-10
3.18351514148e-10	5.49736534072e-10
3.38248483782e-10	1.29554678097e-09
3.58145453416e-10	5.64479640808e-09
3.7804242305e-10	8.13886424922e-09
3.97939392684e-10	8.00943800172e-09
4.17836362319e-10	-1.51241152935e-08
4.37733331953e-10	-6.16213284843e-08
4.57630301587e-10	7.36486498454e-08
4.77527271221e-10	7.39843187603e-07
4.97424240856e-10	1.94917436147e-06
5.1732121049e-10	4.54719224763e-06
5.37218180124e-10	8.58247631186e-06
5.57115149758e-10	1.4086558167e-05
5.77012119392e-10	1.94202702914e-05
5.96909089027e-10	2.08967712751e-05
6.16806058661e-10	1.24388980112e-05
6.36703028295e-10	-1.37930069286e-05
6.56599997929e-10	-6.49675348541e-05
6.76496967564e-10	-0.000143233133713
6.96393937198e-10	-0.000240830195253
7.16290906832e-10	-0.00033656184678
7.36187876466e-10	-0.000396972871386
7.560848461e-10	-0.000383875594707
7.75981815735e-10	-0.000267623676336
7.95878785369e-10	-4.21286131314e-05
8.15775755003e-10	0.000265060123638
8.35672724637e-10	0.000593889883021
8.55569694272e-10	0.000866463233251
8.75466663906e-10	0.00101141288178
8.9536363354e-10	0.000988595973467
9.15260603174e-10	0.000803866685601
9.35157572808e-10	0.000506962707732
9.55054542443e-10	0.000173729029484
9.74951512077e-10	-0.000119889817142
9.94848481711e-10	-0.000320735518471
1.01474545135e-09	-0.000410014719819
1.03464242098e-09	-0.000401073863031
1.05453939061e-09	-0.000326928697177
1.07443636025e-09	-0.000224935858569
1.09433332988e-09	-0.000124892947497
1.11423029952e-09	-4.36009049736e-05
1.13412726915e-09	1.45987996802e-05
1.15402423878e-09	5.40315650142e-05
1.17392120842e-09	8.3250732132e-05
1.19381817805e-09	0.000111422479677
1.21371514769e-09	0.000145599748066
1.23361211732e-09	0.000188282894669
1.25350908696e-09	0.000235017316299
1.27340605659e-09	0.000273010620731
1.29330302622e-09	0.000282117325696
1.31319999586e-09	0.000239391069044
1.33309696549e-09	0.000127042549138
1.35299393513e-09	-5.82948632655e-05
1.37289090476e-09	-0.00029860434006
1.3927878744e-09	-0.000553785183001
1.41268484403e-09	-0.000769226258853
1.43258181366e-09	-0.000890501018148
1.4524787833e-09	-0.000880940118805
1.47237575293e-09	-0.000734867528081
1.49227272257e-09	-0.000481434879475
1.5121696922e-09	-0.000176870271389
1.53206666184e-09	0.000112420078949
1.55196363147e-09	0.000329633548972
1.5718606011e-09	0.000442696837126
1.59175757074e-09	0.000449869054137
1.61165454037e-09	0.000374998009647
1.63155151001e-09	0.000255580904195
1.65144847964e-09	0.000129317013489
1.67134544927e-09	2.39997907556e-05
1.69124241891e-09	-4.65562188765e-05
1.71113938854e-09	-8.09911143733e-05
1.73103635818e-09	-8.57475824887e-05
1.75093332781e-09	-7.01547396602e-05
1.77083029745e-09	-4.31646330981e-05
1.79072726708e-09	-1.22790738715e-05
1.81062423671e-09	1.61750140251e-05
1.83052120635e-09	3.65262621926e-05
1.85041817598e-09	4.39522464148e-05
1.87031514562e-09	3.54959265678e-05
1.89021211525e-09	1.156933331e-05
1.91010908489e-09	-2.30822624872e-05
1.93000605452e-09	-5.97486287006e-05
1.94990302415e-09	-8.79076360434e-05
1.96979999379e-09	-9.87808925856e-05
1.98969696342e-09	-8.89544025995e-05
2.00959393306e-09	-6.23015366727e-05
2.02949090269e-09	-2.89599911412e-05
2.04938787232e-09	-1.27339774281e-06
2.06928484196e-09	1.15649454528e-05
2.08918181159e-09	7.74670888859e-06
2.10907878123e-09	-6.48376453682e-06
2.12897575086e-09	-2.01058028324e-05
2.1488727205e-09	-2.31129797612e-05
2.16876969013e-09	-1.15330512926e-05
2.18866665976e-09	1.08083522719e-05
2.2085636294e-09	3.46658325725e-05
2.22846059903e-09	5.03186565766e-05
2.24835756867e-09	5.22854315932e-05
2.2682545383e-09	4.13197485614e-05
2.28815150794e-09	2.30852219829e-05
2.30804847757e-09	4.70713530376e-06
2.3279454472e-09	-8.61238368088e-06
2.34784241684e-09	-1.52815396177e-05
2.36773938647e-09	-1.6904587028e-05
2.38763635611e-09	-1.65177361851e-05
2.40753332574e-09	-1.67481657627e-05
2.42743029538e-09	-1.86684164873e-05
2.44732726501e-09	-2.15766003748e-05
2.46722423464e-09	-2.33930422837e-05
2.48712120428e-09	-2.1309211661e-05
2.50701817391e-09	-1.2602258721e-05
2.52691514355e-09	4.39529276264e-06
2.54681211318e-09	2.91437163469e-05
2.56670908281e-09	5.79810475756e-05
2.58660605245e-09	8.4048951976e-05
2.60650302208e-09	9.85819569905e-05
2.62639999172e-09	9.36480610108e-05
2.64629696135e-09	6.55103758618e-05
2.66619393099e-09	1.72571944859e-05
2.68609090062e-09	-4.07647257816e-05
2.70598787025e-09	-9.34240888455e-05
2.72588483989e-09	-0.00012565360521
2.74578180952e-09	-0.000127832783619
2.76567877916e-09	-9.95122427412e-05
2.78557574879e-09	-4.96907505294e-05
2.80547271843e-09	6.46271632831e-06
2.82536968806e-09	5.31371097168e-05
2.84526665769e-09	7.92701466708e-05
2.86516362733e-09	8.16370557004e-05
2.88506059696e-09	6.46625776426e-05
2.9049575666e-09	3.74585051759e-05
2.92485453623e-09	9.75603961706e-06
2.94475150586e-09	-1.14440235848e-05
2.9646484755e-09	-2.33336158999e-05
2.98454544513e-09	-2.67930445261e-05
3.00444241477e-09	-2.46812778641e-05
3.0243393844e-09	-2.00183503694e-05
3.04423635404e-09	-1.47832201947e-05
3.06413332367e-09	-9.60036322795e-06
3.0840302933e-09	-4.04765364692e-06
3.10392726294e-09	2.74646333764e-06
3.12382423257e-09	1.15093976092e-05
3.14372120221e-09	2.23036649913e-05
3.16361817184e-09	3.41822760674e-05
3.18351514148e-09	4.5037288146e-05
3.20341211111e-09	5.1773746236e-05
3.22330908074e-09	5.09515775775e-05
3.24320605038e-09	3.98437477998e-05
3.26310302001e-09	1.77199026439e-05
3.28299998965e-09	-1.31322876769e-05
3.30289695928e-09	-4.71468829346e-05
3.32279392892e-09	-7.64005271776e-05
3.34269089855e-09	-9.27288456296e-05
3.36258786818e-09	-9.04416410776e-05
3.38248483782e-09	-6.87046376697e-05
3.40238180745e-09	-3.24341453961e-05
3.42227877709e-09	8.89745615495e-06
3.44217574672e-09	4.4324897317e-05
3.46207271635e-09	6.51576592645e-05
3.48196968599e-09	6.78795258864e-05
3.50186665562e-09	5.49342767044e-05
3.52176362526e-09	3.31159099005e-05
3.54166059489e-09	1.04785954136e-05
3.56155756453e-09	-6.78841888657e-06
3.58145453416e-09	-1.61015786944e-05
3.60135150379e-09	-1.83910187843e-05
3.62124847343e-09	-1.65848741744e-05
3.64114544306e-09	-1.3699856936e-05
3.6610424127e-09	-1.14857984954e-05
3.68093938233e-09	-1.00777861007e-05
3.70083635197e-09	-8.44718397275e-06
3.7207333216e-09	-5.21984225088e-06
3.74063029123e-09	6.11621203461e-07
3.76052726087e-09	9.265445442e-06
3.7804242305e-09	1.99631458599e-05
3.80032120014e-09	3.09060642394e-05
3.82021816977e-09	3.9386915887e-05
3.8401151394e-09	4.22109715146e-05
3.86001210904e-09	3.65097039321e-05
3.87990907867e-09	2.08629753615e-05
3.89980604831e-09	-3.59300861419e-06
3.91970301794e-09	-3.26544741256e-05
3.93959998758e-09	-5.9611067627e-05
3.95949695721e-09	-7.69686412241e-05
3.97939392684e-09	-7.89354380686e-05
3.99929089648e-09	-6.3705156208e-05
4.01918786611e-09	-3.45347852999e-05
4.03908483575e-09	1.01190255464e-06
4.05898180538e-09	3.35253935191e-05
4.07887877502e-09	5.49387896172e-05
4.09877574465e-09	6.11472296441e-05
4.11867271428e-09	5.3021885833e-05
4.13856968392e-09	3.54462590622e-05
4.15846665355e-09	1.50061027853e-05
4.17836362319e-09	-2.56731175341e-06
4.19826059282e-09	-1.40888982969e-05
4.21815756246e-09	-1.92366396732e-05
4.23805453209e-09	-1.96669398065e-05
4.25795150172e-09	-1.76097355506e-05
4.27784847136e-09	-1.47092541738e-05
4.29774544099e-09	-1.15599273158e-05
4.31764241063e-09	-7.84872918302e-06
4.33753938026e-09	-2.88148805794e-06
4.35743634989e-09	3.89343108509e-06
4.37733331953e-09	1.25144110825e-05
4.39723028916e-09	2.22795824811e-05
4.4171272588e-09	3.16393925459e-05
4.43702422843e-09	3.82726811949e-05
4.45692119807e-09	3.94545259041e-05
4.4768181677e-09	3.27952475345e-05
4.49671513733e-09	1.72646250576e-05
4.51661210697e-09	-5.882043979e-06
4.5365090766e-09	-3.27344332618e-05
4.55640604624e-09	-5.72595945414e-05
4.57630301587e-09	-7.28317281755e-05
4.59619998551e-09	-7.43191158108e-05
4.61609695514e-09	-6.0050177126e-05
4.63599392477e-09	-3.27781071974e-05
4.65589089441e-09	8.14163513496e-07
4.67578786404e-09	3.21079623973e-05
4.69568483368e-09	5.33197962795e-05
4.71558180331e-09	6.00325547566e-05
4.73547877294e-09	5.2459176004e-05
4.75537574258e-09	3.4932856579e-05
4.77527271221e-09	1.39564281199e-05
4.79516968185e-09	-4.34082153333e-06
4.81506665148e-09	-1.61874595506e-05
4.83496362112e-09	-2.08835890589e-05
4.85486059075e-09	-2.01612883757e-05
4.87475756038e-09	-1.67207181221e-05
4.89465453002e-09	-1.27771622829e-05
4.91455149965e-09	-9.23246670936e-06
4.93444846929e-09	-5.70008592149e-06
4.95434543892e-09	-1.13201417662e-06
4.97424240856e-09	5.35177969141e-06
4.99413937819e-09	1.38340819831e-05
5.01403634782e-09	2.33197415582e-05
5.03393331746e-09	3.18626953231e-05
5.05383028709e-09	3.69591489289e-05
5.07372725673e-09	3.6171713873e-05
5.09362422636e-09	2.78534471363e-05
5.113521196e-09	1.18519901662e-05
5.13341816563e-09	-1.0006022876e-05
5.15331513526e-09	-3.38954778272e-05
5.1732121049e-09	-5.46184091945e-05
5.19310907453e-09	-6.68588290864e-05
5.21300604417e-09	-6.67615058774e-05
5.2329030138e-09	-5.33474485565e-05
5.25279998343e-09	-2.91755632134e-05
5.27269695307e-09	1.31565911943e-07
5.2925939227e-09	2.74687163255e-05
5.31249089234e-09	4.64268468932e-05
5.33238786197e-09	5.32808880962e-05
5.35228483161e-09	4.80041180708e-05
5.37218180124e-09	3.39225698553e-05
5.39207877087e-09	1.6215537471e-05
5.41197574051e-09	-5.11379312229e-08
5.43187271014e-09	-1.15484444905e-05
5.45176967978e-09	-1.73218550117e-05
5.47166664941e-09	-1.83681822818e-05
5.49156361905e-09	-1.65508381542e-05
5.51146058868e-09	-1.34727588375e-05
5.53135755831e-09	-9.8337518466e-06
5.55125452795e-09	-5.47376089344e-06
5.57115149758e-09	1.11960872573e-07
5.59104846722e-09	7.14684233571e-06
5.61094543685e-09	1.51798153638e-05
5.63084240649e-09	2.30566029131e-05
5.65073937612e-09	2.91367850878e-05
5.67063634575e-09	3.16744972224e-05
5.69053331539e-09	2.91887581625e-05
5.71043028502e-09	2.08404417208e-05
5.73032725466e-09	6.80783159623e-06
5.75022422429e-09	-1.14020608635e-05
5.77012119392e-09	-3.08929029416e-05
5.79001816356e-09	-4.77212652186e-05
5.80991513319e-09	-5.77392202104e-05
5.82981210283e-09	-5.77727860218e-05
5.84970907246e-09	-4.6777753596e-05
5.8696060421e-09	-2.6500466447e-05
5.88950301173e-09	-1.29204988752e-06
5.90939998136e-09	2.29987726925e-05
5.929296951e-09	4.07206462114e-05
5.94919392063e-09	4.81473580294e-05
5.96909089027e-09	4.45713267254e-05
5.9889878599e-09	3.23378299072e-05
6.00888482954e-09	1.58391439982e-05
6.02878179917e-09	-1.19655339859e-07
6.0486787688e-09	-1.18899952213e-05
6.06857573844e-09	-1.78804966708e-05
6.08847270807e-09	-1.85471408258e-05
6.10836967771e-09	-1.56080841407e-05
6.12826664734e-09	-1.1008229194e-05
6.14816361697e-09	-6.08542836744e-06
6.16806058661e-09	-1.28776406427e-06
6.18795755624e-09	3.59831608421e-06
6.20785452588e-09	8.94118193173e-06
6.22775149551e-09	1.47756318256e-05
6.24764846515e-09	2.05354172067e-05
6.26754543478e-09	2.50676166615e-05
6.28744240441e-09	2.68763405984e-05
6.30733937405e-09	2.45151613854e-05
6.32723634368e-09	1.70481498571e-05
6.34713331332e-09	4.5076671995e-06
6.36703028295e-09	-1.17882791528e-05
6.38692725259e-09	-2.91884280159e-05
6.40682422222e-09	-4.40858202637e-05
6.42672119185e-09	-5.27330685145e-05
6.44661816149e-09	-5.23149774381e-05
6.46651513112e-09	-4.19717471232e-05
6.48641210076e-09	-2.33579894484e-05
6.50630907039e-09	-4.36301604623e-07
6.52620604003e-09	2.15191621464e-05
6.54610300966e-09	3.74439514417e-05
6.56599997929e-09	4.40079875261e-05
6.58589694893e-09	4.05821738241e-05
6.60579391856e-09	2.92923205052e-05
6.6256908882e-09	1.41176724355e-05
6.64558785783e-09	-5.40705030971e-07
6.66548482746e-09	-1.13069322651e-05
6.6853817971e-09	-1.66788659044e-05
6.70527876673e-09	-1.70721605173e-05
6.72517573637e-09	-1.41218374665e-05
6.745072706e-09	-9.69159236774e-06
6.76496967564e-09	-5.04835816173e-06
6.78486664527e-09	-5.66109491729e-07
6.8047636149e-09	4.05328978559e-06
6.82466058454e-09	9.20836646401e-06
6.84455755417e-09	1.48745170918e-05
6.86445452381e-09	2.03404861168e-05
6.88435149344e-09	2.43204767685e-05
6.90424846308e-09	2.53256030192e-05
6.92414543271e-09	2.214133292e-05
6.94404240234e-09	1.42412027344e-05
6.96393937198e-09	2.07513164696e-06
6.98383634161e-09	-1.28471674543e-05
7.00373331125e-09	-2.808283989e-05
7.02363028088e-09	-4.06389390264e-05
7.04352725051e-09	-4.75920714962e-05
7.06342422015e-09	-4.68499911221e-05
7.08332118978e-09	-3.7855535993e-05
7.10321815942e-09	-2.19649973587e-05
7.12311512905e-09	-2.31750834701e-06
7.14301209869e-09	1.6880381736e-05
7.16290906832e-09	3.14665448968e-05
7.18280603795e-09	3.85044641007e-05
7.20270300759e-09	3.71106907551e-05
7.22259997722e-09	2.862004294e-05
7.24249694686e-09	1.60381159731e-05
7.26239391649e-09	2.975097118e-06
7.28229088613e-09	-7.49741570871e-06
7.30218785576e-09	-1.36575467877e-05
7.32208482539e-09	-1.53349687935e-05
7.34198179503e-09	-1.35263026095e-05
7.36187876466e-09	-9.68943095359e-06
7.3817757343e-09	-5.06690503244e-06
7.40167270393e-09	-3.25257531131e-07
7.42156967357e-09	4.40238841293e-06
7.4414666432e-09	9.19417016121e-06
7.46136361283e-09	1.395846175e-05
7.48126058247e-09	1.82001112989e-05
7.5011575521e-09	2.10282287298e-05
7.52105452174e-09	2.1376593395e-05
7.54095149137e-09	1.83330212167e-05
7.560848461e-09	1.14689614747e-05
7.58074543064e-09	1.07879617417e-06
7.60064240027e-09	-1.16884152703e-05
7.62053936991e-09	-2.48739488597e-05
7.64043633954e-09	-3.59719706466e-05
7.66033330918e-09	-4.24096506322e-05
7.68023027881e-09	-4.22144021286e-05
7.70012724844e-09	-3.46764627466e-05
7.72002421808e-09	-2.07804650927e-05
7.73992118771e-09	-3.16900639064e-06
7.75981815735e-09	1.44247728713e-05
7.77971512698e-09	2.81670891127e-05
7.79961209662e-09	3.5214539821e-05
7.81950906625e-09	3.45271273545e-05
7.83940603588e-09	2.71136950687e-05
7.85930300552e-09	1.56086180141e-05
7.87919997515e-09	3.36055825301e-06
7.89909694479e-09	-6.64192589284e-06
7.91899391442e-09	-1.25927981571e-05
7.93889088405e-09	-1.41746349982e-05
7.95878785369e-09	-1.22928076962e-05
7.97868482332e-09	-8.42750387164e-06
7.99858179296e-09	-3.9245719563e-06
8.01847876259e-09	4.54369200042e-07
8.03837573223e-09	4.57479927718e-06
8.05827270186e-09	8.62639035404e-06
8.07816967149e-09	1.26940267364e-05
8.09806664113e-09	1.64362081705e-05
8.11796361076e-09	1.90319360627e-05
8.1378605804e-09	1.93935929929e-05
8.15775755003e-09	1.65464862221e-05
8.17765451967e-09	1.00219976957e-05
8.1975514893e-09	1.44377708011e-07
8.21744845893e-09	-1.18746170301e-05
8.23734542857e-09	-2.40574199779e-05
8.2572423982e-09	-3.4001424865e-05
8.27713936784e-09	-3.93956215703e-05
8.29703633747e-09	-3.861958794e-05
8.31693330711e-09	-3.12510001095e-05
8.33683027674e-09	-1.83511856449e-05
8.35672724637e-09	-2.34984747749e-06
8.37662421601e-09	1.34746560434e-05
8.39652118564e-09	2.58147410932e-05
8.41641815528e-09	3.22255727951e-05
8.43631512491e-09	3.17912799801e-05
8.45621209454e-09	2.53362095464e-05
8.47610906418e-09	1.50893424689e-05
8.49600603381e-09	3.93390951103e-06
8.51590300345e-09	-5.48092089048e-06
8.53579997308e-09	-1.14525496429e-05
8.55569694272e-09	-1.35111745294e-05
8.57559391235e-09	-1.22435922094e-05
8.59549088198e-09	-8.80183824847e-06
8.61538785162e-09	-4.34139178651e-06
8.63528482125e-09	3.57592455202e-07
8.65518179089e-09	4.96206780554e-06
8.67507876052e-09	9.39435403779e-06
8.69497573016e-09	1.35213099384e-05
8.71487269979e-09	1.69128852576e-05
8.73476966942e-09	1.8815166186e-05
8.75466663906e-09	1.83318852578e-05
8.77456360869e-09	1.47609143824e-05
8.79446057833e-09	7.90888771007e-06
8.81435754796e-09	-1.70484111095e-06
8.83425451759e-09	-1.28402389237e-05
8.85415148723e-09	-2.37048325289e-05
8.87404845686e-09	-3.22672549373e-05
8.8939454265e-09	-3.66606273019e-05
8.91384239613e-09	-3.56146101694e-05
8.93373936577e-09	-2.88358369289e-05
8.9536363354e-09	-1.72200316229e-05
8.97353330503e-09	-2.80143001419e-06
8.99343027467e-09	1.16361461551e-05
9.0133272443e-09	2.32099655477e-05
9.03322421394e-09	2.9677222301e-05
9.05312118357e-09	3.00380570479e-05
9.07301815321e-09	2.47821908488e-05
9.09291512284e-09	1.5694286958e-05
9.11281209247e-09	5.28560622115e-06
9.13270906211e-09	-3.95349525206e-06
9.15260603174e-09	-1.02136509668e-05
9.17250300138e-09	-1.27477596834e-05
9.19239997101e-09	-1.18445864246e-05
9.21229694065e-09	-8.48726358527e-06
9.23219391028e-09	-3.8627226786e-06
9.25209087991e-09	1.05618050839e-06
9.27198784955e-09	5.69619510316e-06
9.29188481918e-09	9.81323273663e-06
9.31178178882e-09	1.32599980134e-05
9.33167875845e-09	1.57625590873e-05
9.35157572808e-09	1.68204405782e-05
9.37147269772e-09	1.580811022e-05
9.39136966735e-09	1.21957991723e-05
9.41126663699e-09	5.82832217333e-06
9.43116360662e-09	-2.87562329504e-06
9.45106057626e-09	-1.28638557726e-05
9.47095754589e-09	-2.25589656111e-05
9.49085451552e-09	-3.01305180983e-05
9.51075148516e-09	-3.3884345612e-05
9.53064845479e-09	-3.26755616697e-05
9.55054542443e-09	-2.62692792603e-05
9.57044239406e-09	-1.55161992552e-05
9.5903393637e-09	-2.2813620717e-06
9.61023633333e-09	1.09153716039e-05
9.63013330296e-09	2.1474262212e-05
9.6500302726e-09	2.73738123724e-05
9.66992724223e-09	2.77046528936e-05
9.68982421187e-09	2.29048619076e-05
9.7097211815e-09	1.45954631989e-05
9.72961815113e-09	5.0754856602e-06
9.74951512077e-09	-3.3679881426e-06
9.7694120904e-09	-9.07059529709e-06
9.78930906004e-09	-1.13338542178e-05
9.80920602967e-09	-1.04204559648e-05
9.82910299931e-09	-7.23192556507e-06
9.84899996894e-09	-2.87560612833e-06
9.86889693857e-09	1.72000670773e-06
9.88879390821e-09	5.98233054916e-06
9.90869087784e-09	9.65690060184e-06
9.92858784748e-09	1.2597503428e-05
9.94848481711e-09	1.45678750414e-05
9.96838178675e-09	1.51397762238e-05
9.98827875638e-09	1.37739011734e-05
1.0008175726e-08	1.00377469607e-05
1.00280726956e-08	3.87184059036e-06
1.00479696653e-08	-4.23961500928e-06
1.00678666349e-08	-1.32431500788e-05
1.00877636046e-08	-2.16722564801e-05
1.01076605742e-08	-2.79298546957e-05
1.01275575438e-08	-3.06336623908e-05
1.01474545135e-08	-2.89457102554e-05
1.01673514831e-08	-2.28169747061e-05
1.01872484527e-08	-1.3092302197e-05
1.02071454224e-08	-1.41632125406e-06
1.0227042392e-08	1.00702923191e-05
1.02469393616e-08	1.91989938685e-05
1.02668363313e-08	2.42957585215e-05
1.02867333009e-08	2.46022200372e-05
1.03066302705e-08	2.04628568099e-05
1.03265272402e-08	1.32083314384e-05
1.03464242098e-08	4.76522791359e-06
1.03663211794e-08	-2.88117234959e-06
1.03862181491e-08	-8.19507795313e-06
1.04061151187e-08	-1.04212986116e-05
1.04260120883e-08	-9.63875208981e-06
1.0445909058e-08	-6.56446809444e-06
1.04658060276e-08	-2.20585957322e-06
1.04857029972e-08	2.48027311045e-06
1.05055999669e-08	6.79798949932e-06
1.05254969365e-08	1.03418701656e-05
1.05453939061e-08	1.28818592202e-05
1.05652908758e-08	1.42135954775e-05
1.05851878454e-08	1.40621095852e-05
1.0605084815e-08	1.21159059745e-05
1.06249817847e-08	8.1568036876e-06
1.06448787543e-08	2.23665540489e-06
1.06647757239e-08	-5.18148840456e-06
1.06846726936e-08	-1.31964716275e-05
1.07045696632e-08	-2.05732367249e-05
1.07244666328e-08	-2.59618200289e-05
1.07443636025e-08	-2.81837692455e-05
1.07642605721e-08	-2.6526813599e-05
1.07841575417e-08	-2.0957484594e-05
1.08040545114e-08	-1.22054570966e-05
1.0823951481e-08	-1.69042397147e-06
1.08438484507e-08	8.73060798767e-06
1.08637454203e-08	1.71489782588e-05
1.08836423899e-08	2.20449164772e-05
1.09035393596e-08	2.26653573918e-05
1.09234363292e-08	1.92236484509e-05
1.09433332988e-08	1.28369924823e-05
1.09632302685e-08	5.21257402397e-06
1.09831272381e-08	-1.8303863385e-06
1.10030242077e-08	-6.83582084093e-06
1.10229211774e-08	-9.03640966499e-06
1.1042818147e-08	-8.43879251988e-06
1.10627151166e-08	-5.66636390431e-06
1.10826120863e-08	-1.65963416521e-06
1.11025090559e-08	2.64965080987e-06
1.11224060255e-08	6.55611597722e-06
1.11423029952e-08	9.65156323218e-06
1.11621999648e-08	1.17405106721e-05
1.11820969344e-08	1.26971335703e-05
1.12019939041e-08	1.23448212435e-05
1.12218908737e-08	1.04474452201e-05
1.12417878433e-08	6.81118604007e-06
1.1261684813e-08	1.4553477854e-06
1.12815817826e-08	-5.23588278156e-06
1.13014787522e-08	-1.24663060888e-05
1.13213757219e-08	-1.91171466213e-05
1.13412726915e-08	-2.39584005612e-05
1.13611696611e-08	-2.59208163698e-05
1.13810666308e-08	-2.43607119046e-05
1.14009636004e-08	-1.92587031052e-05
1.142086057e-08	-1.12890320452e-05
1.14407575397e-08	-1.73837241846e-06
1.14606545093e-08	7.72378848524e-06
1.14805514789e-08	1.53960818352e-05
1.15004484486e-08	1.9938850528e-05
1.15203454182e-08	2.06942077057e-05
1.15402423878e-08	1.78408681677e-05
1.15601393575e-08	1.2340086414e-05
1.15800363271e-08	5.6605467762e-06
1.15999332968e-08	-6.18347314685e-07
1.16198302664e-08	-5.20811249771e-06
1.1639727236e-08	-7.39119218451e-06
1.16596242057e-08	-7.11577717993e-06
1.16795211753e-08	-4.8740243983e-06
1.16994181449e-08	-1.45817591601e-06
1.17193151146e-08	2.31875947065e-06
1.17392120842e-08	5.81244648856e-06
1.17591090538e-08	8.61597845869e-06
1.17790060235e-08	1.05008648461e-05
1.17989029931e-08	1.13052428787e-05
1.18187999627e-08	1.0852703781e-05
1.18386969324e-08	8.95078301255e-06
1.1858593902e-08	5.47670560991e-06
1.18784908716e-08	5.07008792283e-07
1.18983878413e-08	-5.56870622859e-06
1.19182848109e-08	-1.20192357826e-05
1.19381817805e-08	-1.78490090548e-05
1.19580787502e-08	-2.1984862542e-05
1.19779757198e-08	-2.35107263507e-05
1.19978726894e-08	-2.1899627427e-05
1.20177696591e-08	-1.71762112586e-05
1.20376666287e-08	-9.96497192318e-06
1.20575635983e-08	-1.40130521231e-06
1.2077460568e-08	7.06913056092e-06
1.20973575376e-08	1.39786830005e-05
1.21172545072e-08	1.81557079486e-05
1.21371514769e-08	1.89898582903e-05
1.21570484465e-08	1.65819674294e-05
1.21769454161e-08	1.17129034152e-05
1.21968423858e-08	5.64574725104e-06
1.22167393554e-08	-2.02103649372e-07
1.2236636325e-08	-4.6162565468e-06
1.22565332947e-08	-6.85450640958e-06
1.22764302643e-08	-6.76006561662e-06
1.22963272339e-08	-4.70392978968e-06
1.23162242036e-08	-1.39364283314e-06
1.23361211732e-08	2.36851735735e-06
1.23560181429e-08	5.88163084103e-06
1.23759151125e-08	8.65429637997e-06
1.23958120821e-08	1.03984457382e-05
1.24157090518e-08	1.09618504212e-05
1.24356060214e-08	1.02395865724e-05
1.2455502991e-08	8.14206759969e-06
1.24753999607e-08	4.63940546069e-06
1.24952969303e-08	-1.51679415694e-07
1.25151938999e-08	-5.86325222685e-06
1.25350908696e-08	-1.18377388389e-05
1.25549878392e-08	-1.71880728885e-05
1.25748848088e-08	-2.09496865864e-05
1.25947817785e-08	-2.22936478167e-05
1.26146787481e-08	-2.07375142054e-05
1.26345757177e-08	-1.62973665283e-05
1.26544726874e-08	-9.53823382588e-06
1.2674369657e-08	-1.50500545715e-06
1.26942666266e-08	6.46702096674e-06
1.27141635963e-08	1.3016651792e-05
1.27340605659e-08	1.70511839315e-05
1.27539575355e-08	1.79926146302e-05
1.27738545052e-08	1.59140590767e-05
1.27937514748e-08	1.15137313514e-05
1.28136484444e-08	5.93445042796e-06
1.28335454141e-08	4.77331369098e-07
1.28534423837e-08	-3.72016006622e-06
1.28733393533e-08	-5.93608137933e-06
1.2893236323e-08	-5.98446240474e-06
1.29131332926e-08	-4.17430874222e-06
1.29330302622e-08	-1.14493025194e-06
1.29529272319e-08	2.35027289364e-06
1.29728242015e-08	5.63988260183e-06
1.29927211711e-08	8.23338768896e-06
1.30126181408e-08	9.83060135695e-06
1.30325151104e-08	1.02615836113e-05
1.30524120801e-08	9.42530778048e-06
1.30723090497e-08	7.2580799042e-06
1.30922060193e-08	3.77245589789e-06
1.3112102989e-08	-8.69000189141e-07
1.31319999586e-08	-6.28027510174e-06
1.31518969282e-08	-1.18298808047e-05
1.31717938979e-08	-1.66955333043e-05
1.31916908675e-08	-2.00050435524e-05
1.32115878371e-08	-2.10271937249e-05
1.32314848068e-08	-1.93616606339e-05
1.32513817764e-08	-1.50690411829e-05
1.3271278746e-08	-8.70717076396e-06
1.32911757157e-08	-1.24990992845e-06
1.33110726853e-08	6.08944196756e-06
1.33309696549e-08	1.20998720377e-05
1.33508666246e-08	1.58237817232e-05
1.33707635942e-08	1.67581101778e-05
1.33906605638e-08	1.49656234498e-05
1.34105575335e-08	1.10574565042e-05
1.34304545031e-08	6.03893613516e-06
1.34503514727e-08	1.06329787286e-06
1.34702484424e-08	-2.83652661892e-06
1.3490145412e-08	-4.98069152854e-06
1.35100423816e-08	-5.15322199135e-06
1.35299393513e-08	-3.58748206963e-06
1.35498363209e-08	-8.33578610582e-07
1.35697332905e-08	2.41431621362e-06
1.35896302602e-08	5.49624360247e-06
1.36095272298e-08	7.89557634562e-06
1.36294241994e-08	9.27887685975e-06
1.36493211691e-08	9.46767386267e-06
1.36692181387e-08	8.39515541884e-06
1.36891151083e-08	6.07181232226e-06
1.3709012078e-08	2.58846273482e-06
1.37289090476e-08	-1.8349204538e-06
1.37488060172e-08	-6.80565176481e-06
1.37687029869e-08	-1.17430768114e-05
1.37885999565e-08	-1.59297705977e-05
1.38084969262e-08	-1.86276656677e-05
1.38283938958e-08	-1.9240277652e-05
1.38482908654e-08	-1.74623301064e-05
1.38681878351e-08	-1.33884873321e-05
1.38880848047e-08	-7.5348818882e-06
1.39079817743e-08	-7.7103331364e-07
1.3927878744e-08	5.8324596921e-06
1.39477757136e-08	1.12077400445e-05
1.39676726832e-08	1.4512240341e-05
1.39875696529e-08	1.53068690452e-05
1.40074666225e-08	1.36515454869e-05
1.40273635921e-08	1.00894440038e-05
1.40472605618e-08	5.52012920707e-06
1.40671575314e-08	9.84028361017e-07
1.4087054501e-08	-2.57468934706e-06
1.41069514707e-08	-4.51241044175e-06
1.41268484403e-08	-4.60444198325e-06
1.41467454099e-08	-3.05136359202e-06
1.41666423796e-08	-3.72295701823e-07
1.41865393492e-08	2.75793615856e-06
1.42064363188e-08	5.68160180592e-06
1.42263332885e-08	7.88217948866e-06
1.42462302581e-08	9.03378668227e-06
1.42661272277e-08	8.98499456525e-06
1.42860241974e-08	7.71234817876e-06
1.4305921167e-08	5.28009240952e-06
1.43258181366e-08	1.83319417602e-06
1.43457151063e-08	-2.38026575516e-06
1.43656120759e-08	-6.98058738635e-06
1.43855090455e-08	-1.14457593554e-05
1.44054060152e-08	-1.51520580403e-05
1.44253029848e-08	-1.74655533556e-05
1.44451999544e-08	-1.78718701136e-05
1.44650969241e-08	-1.61124999067e-05
1.44849938937e-08	-1.22858305076e-05
1.45048908633e-08	-6.8724382345e-06
1.4524787833e-08	-6.72016454928e-07
1.45446848026e-08	5.34411560693e-06
1.45645817723e-08	1.02191588667e-05
1.45844787419e-08	1.32114969347e-05
1.46043757115e-08	1.39460075843e-05
1.46242726812e-08	1.24889511426e-05
1.46441696508e-08	9.33105047807e-06
1.46640666204e-08	5.27515180693e-06
1.46839635901e-08	1.24957790604e-06
1.47038605597e-08	-1.90532483657e-06
1.47237575293e-08	-3.61693594186e-06
1.4743654499e-08	-3.6865334323e-06
1.47635514686e-08	-2.28925432566e-06
1.47834484382e-08	1.12872960756e-07
1.48033454079e-08	2.91943001685e-06
1.48232423775e-08	5.53364247935e-06
1.48431393471e-08	7.47182616578e-06
1.48630363168e-08	8.41707696964e-06
1.48829332864e-08	8.22069750939e-06
1.4902830256e-08	6.86553448759e-06
1.49227272257e-08	4.43643898507e-06
1.49426241953e-08	1.10237920126e-06
1.49625211649e-08	-2.876992653e-06
1.49824181346e-08	-7.13131794328e-06
1.50023151042e-08	-1.11759368338e-05
1.50222120738e-08	-1.44507530422e-05
1.50421090435e-08	-1.64011762536e-05
1.50620060131e-08	-1.65964675034e-05
1.50819029827e-08	-1.48403719322e-05
1.51017999524e-08	-1.12502680167e-05
1.5121696922e-08	-6.26889118394e-06
1.51415938916e-08	-6.07512987472e-07
1.51614908613e-08	4.87909187541e-06
1.51813878309e-08	9.34984427658e-06
1.52012848005e-08	1.21480779853e-05
1.52211817702e-08	1.2935835457e-05
1.52410787398e-08	1.1761085716e-05
1.52609757094e-08	9.04453327166e-06
1.52808726791e-08	5.47748209101e-06
1.53007696487e-08	1.86857010931e-06
1.53206666184e-08	-1.03696856968e-06
1.5340563588e-08	-2.70958241799e-06
1.53604605576e-08	-2.93496918857e-06
1.53803575273e-08	-1.82911207958e-06
1.54002544969e-08	2.19572690696e-07
1.54201514665e-08	2.67112545771e-06
1.54400484362e-08	4.96916482007e-06
1.54599454058e-08	6.65396783006e-06
1.54798423754e-08	7.42149086363e-06
1.54997393451e-08	7.133232657e-06
1.55196363147e-08	5.78427534492e-06
1.55395332843e-08	3.47304467141e-06
1.5559430254e-08	3.75831632482e-07
1.55793272236e-08	-3.24728875967e-06
1.55992241932e-08	-7.05051024852e-06
1.56191211629e-08	-1.06052234514e-05
1.56390181325e-08	-1.34307524604e-05
1.56589151021e-08	-1.50565165313e-05
1.56788120718e-08	-1.51183612616e-05
1.56987090414e-08	-1.34471338242e-05
1.5718606011e-08	-1.01447321867e-05
1.57385029807e-08	-5.6021126511e-06
1.57583999503e-08	-4.52292624686e-07
1.57782969199e-08	4.53830011793e-06
1.57981938896e-08	8.61933767737e-06
1.58180908592e-08	1.11997765089e-05
1.58379878288e-08	1.19723936223e-05
1.58578847985e-08	1.09691868602e-05
1.58777817681e-08	8.55572216096e-06
1.58976787377e-08	5.34639161742e-06
1.59175757074e-08	2.06974527828e-06
1.5937472677e-08	-5.92555522871e-07
1.59573696466e-08	-2.15393595226e-06
1.59772666163e-08	-2.41111331434e-06
1.59971635859e-08	-1.46121760736e-06
1.60170605555e-08	3.55054282863e-07
1.60369575252e-08	2.55489294432e-06
1.60568544948e-08	4.63130527351e-06
1.60767514645e-08	6.15190447206e-06
1.60966484341e-08	6.81986853124e-06
1.61165454037e-08	6.49073604109e-06
1.61364423734e-08	5.16101431458e-06
1.6156339343e-08	2.93355446956e-06
1.61762363126e-08	-8.61352589254e-09
1.61961332823e-08	-3.41089469202e-06
1.62160302519e-08	-6.94658933753e-06
1.62359272215e-08	-1.0217387171e-05
1.62558241912e-08	-1.27825514937e-05
1.62757211608e-08	-1.42148533087e-05
1.62956181304e-08	-1.41898631227e-05
1.63155151001e-08	-1.25681931422e-05
1.63354120697e-08	-9.45708779909e-06
1.63553090393e-08	-5.21924380337e-06
1.6375206009e-08	-4.32969187614e-07
1.63951029786e-08	4.20572246185e-06
1.64149999482e-08	8.00952830105e-06
1.64348969179e-08	1.04381301753e-05
1.64547938875e-08	1.12081497718e-05
1.64746908571e-08	1.03509933069e-05
1.64945878268e-08	8.20011064206e-06
1.65144847964e-08	5.30913416696e-06
1.6534381766e-08	2.33143134665e-06
1.65542787357e-08	-1.22949742831e-07
1.65741757053e-08	-1.60443875075e-06
1.65940726749e-08	-1.90859299209e-06
1.66139696446e-08	-1.09882745392e-06
1.66338666142e-08	5.31506714196e-07
1.66537635838e-08	2.54302153735e-06
1.66736605535e-08	4.4578393954e-06
1.66935575231e-08	5.86009559811e-06
1.67134544927e-08	6.45598925075e-06
1.67333514624e-08	6.09614903624e-06
1.6753248432e-08	4.76476293443e-06
1.67731454016e-08	2.55835186636e-06
1.67930423713e-08	-3.34464374419e-07
1.68129393409e-08	-3.64492689187e-06
1.68328363106e-08	-7.0338239766e-06
1.68527332802e-08	-1.01110681499e-05
1.68726302498e-08	-1.24674743347e-05
1.68925272195e-08	-1.37250940497e-05
1.69124241891e-08	-1.36047474371e-05
1.69323211587e-08	-1.19948881547e-05
1.69522181284e-08	-9.00514305613e-06
1.6972115098e-08	-4.97898554386e-06
1.69920120676e-08	-4.55534731714e-07
1.70119090373e-08	3.92293759433e-06
1.70318060069e-08	7.53046128921e-06
1.70517029765e-08	9.87803741737e-06
1.70715999462e-08	1.07046248559e-05
1.70914969158e-08	1.00260335785e-05
1.71113938854e-08	8.12698817754e-06
1.71312908551e-08	5.50012941858e-06
1.71511878247e-08	2.74120475297e-06
1.71710847943e-08	4.23249673531e-07
1.7190981764e-08	-1.0263569834e-06
1.72108787336e-08	-1.40432200624e-06
1.72307757032e-08	-7.5701640867e-07
1.72506726729e-08	6.55508642922e-07
1.72705696425e-08	2.43618660534e-06
1.72904666121e-08	4.14424198425e-06
1.73103635818e-08	5.3814394505e-06
1.73302605514e-08	5.8573809838e-06
1.7350157521e-08	5.42320731256e-06
1.73700544907e-08	4.07018910664e-06
1.73899514603e-08	1.91142561334e-06
1.74098484299e-08	-8.50198205171e-07
1.74297453996e-08	-3.94515791413e-06
1.74496423692e-08	-7.0550718192e-06
1.74695393388e-08	-9.82335222943e-06
1.74894363085e-08	-1.18817310977e-05
1.75093332781e-08	-1.28963247334e-05
1.75292302478e-08	-1.26315699163e-05
1.75491272174e-08	-1.1009890386e-05
1.7569024187e-08	-8.15335033622e-06
1.75889211567e-08	-4.3882062073e-06
1.76088181263e-08	-2.04149486649e-07
1.76287150959e-08	3.82042333058e-06
1.76486120656e-08	7.11836287337e-06
1.76685090352e-08	9.24562255022e-06
1.76884060048e-08	9.9666258393e-06
1.77083029745e-08	9.3073122116e-06
1.77281999441e-08	7.54249731472e-06
1.77480969137e-08	5.13412942382e-06
1.77679938834e-08	2.62659511918e-06
1.7787890853e-08	5.33671112635e-07
1.78077878226e-08	-7.63880706245e-07
1.78276847923e-08	-1.082371341e-06
1.78475817619e-08	-4.62676425173e-07
1.78674787315e-08	8.58789974245e-07
1.78873757012e-08	2.50948403391e-06
1.79072726708e-08	4.07317702411e-06
1.79271696404e-08	5.17313560522e-06
1.79470666101e-08	5.53942186343e-06
1.79669635797e-08	5.03652381667e-06
1.79868605493e-08	3.66442782251e-06
1.8006757519e-08	1.53637620315e-06
1.80266544886e-08	-1.14225292691e-06
1.80465514582e-08	-4.0984550651e-06
1.80664484279e-08	-7.0113142101e-06
1.80863453975e-08	-9.53884500632e-06
1.81062423671e-08	-1.13479427455e-05
1.81261393368e-08	-1.21550920085e-05
1.81460363064e-08	-1.17741014947e-05
1.8165933276e-08	-1.01591408566e-05
1.81858302457e-08	-7.43787609281e-06
1.82057272153e-08	-3.91955040868e-06
1.82256241849e-08	-5.68864635397e-08
1.82455211546e-08	3.62207231319e-06
1.82654181242e-08	6.61192393636e-06
1.82853150939e-08	8.52550965647e-06
1.83052120635e-08	9.16911085369e-06
1.83251090331e-08	8.57531495058e-06
1.83450060028e-08	6.99262955095e-06
1.83649029724e-08	4.8321878694e-06
1.8384799942e-08	2.58312002188e-06
1.84046969117e-08	7.10654944669e-07
1.84245938813e-08	-4.3770249647e-07
1.84444908509e-08	-6.97715478282e-07
1.84643878206e-08	-1.10251281882e-07
1.84842847902e-08	1.10373002826e-06
1.85041817598e-08	2.60321417045e-06
1.85240787295e-08	4.00578596782e-06
1.85439756991e-08	4.96299549013e-06
1.85638726687e-08	5.21848232893e-06
1.85837696384e-08	4.64301615466e-06
1.8603666608e-08	3.24230632032e-06
1.86235635776e-08	1.13984043537e-06
1.86434605473e-08	-1.44972079852e-06
1.86633575169e-08	-4.25328880738e-06
1.86832544865e-08	-6.96490133123e-06
1.87031514562e-08	-9.26968778003e-06
1.87230484258e-08	-1.08699418888e-05
1.87429453954e-08	-1.15184056995e-05
1.87628423651e-08	-1.10597225103e-05
1.87827393347e-08	-9.47345415625e-06
1.88026363043e-08	-6.89452622282e-06
1.8822533274e-08	-3.61250704373e-06
1.88424302436e-08	-3.61895189371e-08
1.88623272132e-08	3.36446112215e-06
1.88822241829e-08	6.14269174548e-06
1.89021211525e-08	7.95033429313e-06
1.89220181221e-08	8.60753334564e-06
1.89419150918e-08	8.13850829218e-06
1.89618120614e-08	6.76435229252e-06
1.8981709031e-08	4.85423151986e-06
1.90016060007e-08	2.84492762148e-06
1.90215029703e-08	1.1512772744e-06
1.904139994e-08	8.24496275698e-08
1.90612969096e-08	-2.11904691128e-07
1.90811938792e-08	2.39333012075e-07
1.91010908489e-08	1.24514286881e-06
1.91209878185e-08	2.50189850703e-06
1.91408847881e-08	3.66360404769e-06
1.91607817578e-08	4.41454585598e-06
1.91806787274e-08	4.52447557109e-06
1.9200575697e-08	3.88396460949e-06
1.92204726667e-08	2.50743130437e-06
1.92403696363e-08	5.1428096981e-07
1.92602666059e-08	-1.89139149143e-06
1.92801635756e-08	-4.45454816145e-06
1.93000605452e-08	-6.89086846251e-06
1.93199575148e-08	-8.91253512236e-06
1.93398544845e-08	-1.02580315797e-05
1.93597514541e-08	-1.07196265162e-05
1.93796484237e-08	-1.01759633253e-05
1.93995453934e-08	-8.6221316451e-06
1.9419442363e-08	-6.18701369604e-06
1.94393393326e-08	-3.13445923439e-06
1.94592363023e-08	1.65477040071e-07
1.94791332719e-08	3.28946975969e-06
1.94990302415e-08	5.83319842917e-06
1.95189272112e-08	7.48978845877e-06
1.95388241808e-08	8.10300934972e-06
1.95587211504e-08	7.69801795286e-06
1.95786181201e-08	6.47339584248e-06
1.95985150897e-08	4.75583829029e-06
1.96184120593e-08	2.93373386739e-06
1.9638309029e-08	1.37936041256e-06
1.96582059986e-08	3.74813325266e-07
1.96781029682e-08	5.80691423835e-08
1.96979999379e-08	4.0431332593e-07
1.97178969075e-08	1.24570067328e-06
1.97377938771e-08	2.31396688832e-06
1.97576908468e-08	3.30065142862e-06
1.97775878164e-08	3.92415040551e-06
1.97974847861e-08	3.9745561935e-06
1.98173817557e-08	3.34389710588e-06
1.98372787253e-08	2.03924355446e-06
1.9857175695e-08	1.71520177616e-07
1.98770726646e-08	-2.0675598762e-06
1.98969696342e-08	-4.43567023467e-06
1.99168666039e-08	-6.66516257297e-06
1.99367635735e-08	-8.49298112371e-06
1.99566605431e-08	-9.68168478721e-06
1.99765575128e-08	-1.00459851637e-05
1.99964544824e-08	-9.48235128817e-06
2.0016351452e-08	-7.99501685833e-06
2.00362484217e-08	-5.71171358388e-06
2.00561453913e-08	-2.87842431135e-06
2.00760423609e-08	1.67685669794e-07
2.00959393306e-08	3.04959064579e-06
2.01158363002e-08	5.40772589375e-06
2.01357332698e-08	6.96604206496e-06
2.01556302395e-08	7.58070905249e-06
2.01755272091e-08	7.26756684344e-06
2.01954241787e-08	6.20075661573e-06
2.02153211484e-08	4.67329164167e-06
2.0235218118e-08	3.03648448607e-06
2.02551150876e-08	1.6249981627e-06
2.02750120573e-08	6.94087333386e-07
2.02949090269e-08	3.72325573039e-07
2.03148059965e-08	6.45987881853e-07
2.03347029662e-08	1.36910892934e-06
2.03545999358e-08	2.30186662975e-06
2.03744969054e-08	3.16183036375e-06
2.03943938751e-08	3.68277858342e-06
2.04142908447e-08	3.66682934327e-06
2.04341878143e-08	3.01456827856e-06
2.0454084784e-08	1.73449944896e-06
2.04739817536e-08	-6.74398918932e-08
2.04938787232e-08	-2.2104470645e-06
2.05137756929e-08	-4.46402736998e-06
2.05336726625e-08	-6.57316809338e-06
2.05535696322e-08	-8.28452584756e-06
2.05734666018e-08	-9.37471213547e-06
2.05933635714e-08	-9.67549431152e-06
2.06132605411e-08	-9.10035168999e-06
2.06331575107e-08	-7.66179528e-06
2.06530544803e-08	-5.48330535821e-06
2.067295145e-08	-2.79139624126e-06
2.06928484196e-08	1.02920552081e-07
2.07127453892e-08	2.84783641291e-06
2.07326423589e-08	5.10860263603e-06
2.07525393285e-08	6.62667116558e-06
2.07724362981e-08	7.26832126929e-06
2.07923332678e-08	7.0477576628e-06
2.08122302374e-08	6.12082544649e-06
2.0832127207e-08	4.74930948258e-06
2.08520241767e-08	3.25026587689e-06
2.08719211463e-08	1.93157444528e-06
2.08918181159e-08	1.03197697854e-06
2.09117150856e-08	6.77930216852e-07
2.09316120552e-08	8.61739181346e-07
2.09515090248e-08	1.45193138223e-06
2.09714059945e-08	2.23034601277e-06
2.09913029641e-08	2.94269807455e-06
2.10111999337e-08	3.34854337325e-06
2.10310969034e-08	3.26630583913e-06
2.1050993873e-08	2.59976968664e-06
2.10708908426e-08	1.35261871037e-06
2.10907878123e-08	-3.77903717208e-07
2.11106847819e-08	-2.41675309098e-06
2.11305817515e-08	-4.53714415016e-06
2.11504787212e-08	-6.49677781439e-06
2.11703756908e-08	-8.05887293609e-06
2.11902726604e-08	-9.02038937056e-06
2.12101696301e-08	-9.2308728199e-06
2.12300665997e-08	-8.61540638653e-06
2.12499635693e-08	-7.19286276762e-06
2.1269860539e-08	-5.08668517796e-06
2.12897575086e-08	-2.51965059306e-06
2.13096544783e-08	2.14036766977e-07
2.13295514479e-08	2.79080643395e-06
2.13494484175e-08	4.90798242936e-06
2.13693453872e-08	6.33300419395e-06
2.13892423568e-08	6.94454092809e-06
2.14091393264e-08	6.75347064316e-06
2.14290362961e-08	5.90188915339e-06
2.14489332657e-08	4.63308560938e-06
2.14688302353e-08	3.24252528117e-06
2.1488727205e-08	2.01306750114e-06
2.15086241746e-08	1.16236259373e-06
2.15285211442e-08	8.03542690164e-07
2.15484181139e-08	9.31563789663e-07
2.15683150835e-08	1.43166062117e-06
2.15882120531e-08	2.10836162751e-06
2.16081090228e-08	2.72576130556e-06
2.16280059924e-08	3.05777416543e-06
2.1647902962e-08	2.93284369945e-06
2.16677999317e-08	2.26327642849e-06
2.16876969013e-08	1.05789462168e-06
2.17075938709e-08	-5.85971349665e-07
2.17274908406e-08	-2.50277014402e-06
2.17473878102e-08	-4.48154378319e-06
2.17672847798e-08	-6.2919687025e-06
2.17871817495e-08	-7.70862948229e-06
2.18070787191e-08	-8.54144946061e-06
2.18269756887e-08	-8.65840411279e-06
2.18468726584e-08	-8.00535326562e-06
2.1866769628e-08	-6.61812077851e-06
2.18866665976e-08	-4.62179309579e-06
2.19065635673e-08	-2.22414735163e-06
2.19264605369e-08	3.07928161192e-07
2.19463575065e-08	2.67920904662e-06
2.19662544762e-08	4.61424383502e-06
2.19861514458e-08	5.9043550209e-06
2.20060484155e-08	6.4475311774e-06
2.20259453851e-08	6.26360611022e-06
2.20458423547e-08	5.48835419067e-06
2.20657393244e-08	4.34288222095e-06
2.2085636294e-08	3.09110339458e-06
2.21055332636e-08	1.98817690489e-06
2.21254302333e-08	1.23277192188e-06
2.21453272029e-08	9.29154850837e-07
2.21652241725e-08	1.06977000769e-06
2.21851211422e-08	1.54058579938e-06
2.22050181118e-08	2.15352815758e-06
2.22249150814e-08	2.69015606591e-06
2.22448120511e-08	2.94469089113e-06
2.22647090207e-08	2.76292837498e-06
2.22846059903e-08	2.06685353987e-06
2.230450296e-08	8.6652417508e-07
2.23243999296e-08	-7.42804758147e-07
2.23442968992e-08	-2.59533783264e-06
2.23641938689e-08	-4.48082323601e-06
2.23840908385e-08	-6.17694240646e-06
2.24039878081e-08	-7.47690364733e-06
2.24238847778e-08	-8.21063486001e-06
2.24437817474e-08	-8.26384211905e-06
2.2463678717e-08	-7.59315685173e-06
2.24835756867e-08	-6.23628716312e-06
2.25034726563e-08	-4.31782382293e-06
2.25233696259e-08	-2.03981460345e-06
2.25432665956e-08	3.44658019458e-07
2.25631635652e-08	2.56623343375e-06
2.25830605348e-08	4.37933726971e-06
2.26029575045e-08	5.59958948543e-06
2.26228544741e-08	6.13509973846e-06
2.26427514437e-08	6.00114094595e-06
2.26626484134e-08	5.31854834662e-06
2.2682545383e-08	4.29067836194e-06
2.27024423526e-08	3.16047066917e-06
2.27223393223e-08	2.15851059693e-06
2.27422362919e-08	1.45973734789e-06
2.27621332616e-08	1.15219609143e-06
2.27820302312e-08	1.22776862099e-06
2.28019272008e-08	1.58805517003e-06
2.28218241705e-08	2.0691378495e-06
2.28417211401e-08	2.47464834047e-06
2.28616181097e-08	2.61702302851e-06
2.28815150794e-08	2.35631557644e-06
2.2901412049e-08	1.62732521858e-06
2.29213090186e-08	4.49316232221e-07
2.29412059883e-08	-1.08175692048e-06
2.29611029579e-08	-2.81118934709e-06
2.29809999275e-08	-4.54708492725e-06
2.30008968972e-08	-6.08505683886e-06
2.30207938668e-08	-7.23257085156e-06
2.30406908364e-08	-7.83325049269e-06
2.30605878061e-08	-7.78922003519e-06
2.30804847757e-08	-7.07398703526e-06
2.31003817453e-08	-5.73773490942e-06
2.3120278715e-08	-3.90359923585e-06
2.31401756846e-08	-1.75591731022e-06
2.31600726542e-08	4.76270201943e-07
2.31799696239e-08	2.54782059983e-06
2.31998665935e-08	4.23559481533e-06
2.32197635631e-08	5.37246455679e-06
2.32396605328e-08	5.87919998907e-06
2.32595575024e-08	5.77606283514e-06
2.3279454472e-08	5.17454418514e-06
2.32993514417e-08	4.25259463555e-06
2.33192484113e-08	3.22229038829e-06
2.33391453809e-08	2.28969508953e-06
2.33590423506e-08	1.61586825698e-06
2.33789393202e-08	1.28565545765e-06
2.33988362898e-08	1.29390042503e-06
2.34187332595e-08	1.55154452841e-06
2.34386302291e-08	1.90801284816e-06
2.34585271987e-08	2.18950651742e-06
2.34784241684e-08	2.23510164687e-06
2.3498321138e-08	1.92454041326e-06
2.35182181077e-08	1.20005563531e-06
2.35381150773e-08	7.76831079463e-08
2.35580120469e-08	-1.35550766345e-06
2.35779090166e-08	-2.95302061204e-06
2.35978059862e-08	-4.53319967164e-06
2.36177029558e-08	-5.90734293837e-06
2.36375999255e-08	-6.9037744197e-06
2.36574968951e-08	-7.38914332032e-06
2.36773938647e-08	-7.28081545276e-06
2.36972908344e-08	-6.55773487779e-06
2.3717187804e-08	-5.26851476934e-06
2.37370847736e-08	-3.5308655697e-06
2.37569817433e-08	-1.52024671252e-06
2.37768787129e-08	5.50462232241e-07
2.37967756825e-08	2.46180275099e-06
2.38166726522e-08	4.01844113185e-06
2.38365696218e-08	5.07503182234e-06
2.38564665914e-08	5.5599616644e-06
2.38763635611e-08	5.48735079064e-06
2.38962605307e-08	4.95505582876e-06
2.39161575003e-08	4.1261230308e-06
2.393605447e-08	3.19515334013e-06
2.39559514396e-08	2.34933168031e-06
2.39758484092e-08	1.72940582388e-06
2.39957453789e-08	1.4083978499e-06
2.40156423485e-08	1.38202790367e-06
2.40355393181e-08	1.57464842232e-06
2.40554362878e-08	1.85486544524e-06
2.40753332574e-08	2.0658989115e-06
2.4095230227e-08	2.05748415283e-06
2.41151271967e-08	1.71649077174e-06
2.41350241663e-08	9.93056346488e-07
2.41549211359e-08	-9.31668537874e-08
2.41748181056e-08	-1.45716461475e-06
2.41947150752e-08	-2.96536882161e-06
2.42146120448e-08	-4.4513899411e-06
2.42345090145e-08	-5.74071304982e-06
2.42544059841e-08	-6.67043036628e-06
2.42743029538e-08	-7.1122128702e-06
2.42941999234e-08	-6.98910207575e-06
2.4314096893e-08	-6.28729844721e-06
2.43339938627e-08	-5.05775460624e-06
2.43538908323e-08	-3.4110944398e-06
2.43737878019e-08	-1.50815748157e-06
2.43936847716e-08	4.57920833696e-07
2.44135817412e-08	2.28273643188e-06
2.44334787108e-08	3.78148149593e-06
2.44533756805e-08	4.81656297779e-06
2.44732726501e-08	5.32295325684e-06
2.44931696197e-08	5.31374644197e-06
2.45130665894e-08	4.87631086799e-06
2.4532963559e-08	4.15480553784e-06
2.45528605286e-08	3.31943920173e-06
2.45727574983e-08	2.53766540936e-06
2.45926544679e-08	1.94194717551e-06
2.46125514375e-08	1.60515401149e-06
2.46324484072e-08	1.52582731516e-06
2.46523453768e-08	1.63593961133e-06
2.46722423464e-08	1.81678291256e-06
2.46921393161e-08	1.92969372392e-06
2.47120362857e-08	1.84248040114e-06
2.47319332553e-08	1.4577117895e-06
2.4751830225e-08	7.30153686845e-07
2.47717271946e-08	-3.25671436485e-07
2.47916241642e-08	-1.6319265228e-06
2.48115211339e-08	-3.06137587813e-06
2.48314181035e-08	-4.4546461595e-06
2.48513150731e-08	-5.64723745811e-06
2.48712120428e-08	-6.48928198643e-06
2.48911090124e-08	-6.8645972533e-06
2.4911005982e-08	-6.70452413942e-06
2.49309029517e-08	-5.99812506152e-06
2.49507999213e-08	-4.79415120935e-06
2.49706968909e-08	-3.20013407418e-06
2.49905938606e-08	-1.37320341764e-06
2.50104908302e-08	5.02039739558e-07
2.50303877999e-08	2.2373998263e-06
2.50502847695e-08	3.66415008557e-06
2.50701817391e-08	4.65770540359e-06
2.50900787088e-08	5.15621286468e-06
2.51099756784e-08	5.16881664225e-06
2.5129872648e-08	4.77367393614e-06
2.51497696177e-08	4.10442908105e-06
2.51696665873e-08	3.32036938744e-06
2.51895635569e-08	2.57709541529e-06
2.52094605266e-08	1.99466524009e-06
2.52293574962e-08	1.63998066682e-06
2.52492544658e-08	1.51501467371e-06
2.52691514355e-08	1.56173246069e-06
2.52890484051e-08	1.67664728679e-06
2.53089453747e-08	1.73291721239e-06
2.53288423444e-08	1.60726193599e-06
2.5348739314e-08	1.20910510759e-06
2.53686362836e-08	4.9831695037e-07
2.53885332533e-08	-5.07904047709e-07
2.54084302229e-08	-1.73490911948e-06
2.54283271925e-08	-3.06475828893e-06
2.54482241622e-08	-4.35130414189e-06
2.54681211318e-08	-5.44172689843e-06
2.54880181014e-08	-6.19536058366e-06
2.55079150711e-08	-6.50385436529e-06
2.55278120407e-08	-6.30699469184e-06
2.55477090103e-08	-5.59970953873e-06
2.556760598e-08	-4.43478234047e-06
2.55875029496e-08	-2.91689468668e-06
2.56073999192e-08	-1.1920821521e-06
2.56272968889e-08	5.68547875446e-07
2.56471938585e-08	2.18877096358e-06
2.56670908281e-08	3.51381982e-06
2.56869877978e-08	4.43022690888e-06
2.57068847674e-08	4.88473529003e-06
2.5726781737e-08	4.89106446366e-06
2.57466787067e-08	4.52475114798e-06
2.57665756763e-08	3.90696959585e-06
2.5786472646e-08	3.18346690165e-06
2.58063696156e-08	2.49603931479e-06
2.58262665852e-08	1.95549114324e-06
2.58461635549e-08	1.62258800174e-06
2.58660605245e-08	1.49860852616e-06
2.58859574941e-08	1.52719434254e-06
2.59058544638e-08	1.61034421353e-06
2.59257514334e-08	1.63150542676e-06
2.5945648403e-08	1.48028067315e-06
2.59655453727e-08	1.07420470385e-06
2.59854423423e-08	3.7662518082e-07
2.60053393119e-08	-5.93914109004e-07
2.60252362816e-08	-1.76698046062e-06
2.60451332512e-08	-3.0288065318e-06
2.60650302208e-08	-4.23933738602e-06
2.60849271905e-08	-5.25319114786e-06
2.61048241601e-08	-5.94050766267e-06
2.61247211297e-08	-6.20253831585e-06
2.61446180994e-08	-5.98611609348e-06
2.6164515069e-08	-5.28937812305e-06
2.61844120386e-08	-4.1650721414e-06
2.62043090083e-08	-2.71514397809e-06
2.62242059779e-08	-1.0792904277e-06
2.62441029475e-08	5.81483561746e-07
2.62639999172e-08	2.10495556985e-06
2.62838968868e-08	3.34957042014e-06
2.63037938564e-08	4.21490994995e-06
2.63236908261e-08	4.65328525934e-06
2.63435877957e-08	4.67795643999e-06
2.63634847653e-08	4.35818333244e-06
2.6383381735e-08	3.80553160539e-06
2.64032787046e-08	3.15217607749e-06
2.64231756742e-08	2.52561540037e-06
2.64430726439e-08	2.02544697459e-06
2.64629696135e-08	1.70445474623e-06
2.64828665832e-08	1.56180414024e-06
2.65027635528e-08	1.54631783289e-06
2.65226605224e-08	1.5692524471e-06
2.65425574921e-08	1.5254335608e-06
2.65624544617e-08	1.31594481445e-06
2.65823514313e-08	8.69353357302e-07
2.6602248401e-08	1.56222917269e-07
2.66221453706e-08	-8.01073383627e-07
2.66420423402e-08	-1.93234882317e-06
2.66619393099e-08	-3.12866495733e-06
2.66818362795e-08	-4.25766029366e-06
2.67017332491e-08	-5.18389038007e-06
2.67216302188e-08	-5.78780850446e-06
2.67415271884e-08	-5.98055703449e-06
2.6761424158e-08	-5.71703822061e-06
2.67813211277e-08	-5.00114742863e-06
2.68012180973e-08	-3.88826993003e-06
2.68211150669e-08	-2.47857394697e-06
2.68410120366e-08	-9.05249407879e-07
2.68609090062e-08	6.79742242937e-07
2.68808059758e-08	2.12745248973e-06
2.69007029455e-08	3.30860507347e-06
2.69205999151e-08	4.13192083215e-06
2.69404968847e-08	4.55466442872e-06
2.69603938544e-08	4.58959448224e-06
2.6980290824e-08	4.30015847996e-06
2.70001877936e-08	3.78886738872e-06
2.70200847633e-08	3.1758439718e-06
2.70399817329e-08	2.5768647447e-06
2.70598787025e-08	2.08118808587e-06
2.70797756722e-08	1.73686953531e-06
2.70996726418e-08	1.54543653252e-06
2.71195696114e-08	1.46290102521e-06
2.71394665811e-08	1.41205180171e-06
2.71593635507e-08	1.29986744923e-06
2.71792605203e-08	1.03880694269e-06
2.719915749e-08	5.66434408711e-07
2.72190544596e-08	-1.3860532988e-07
2.72389514293e-08	-1.05243515236e-06
2.72588483989e-08	-2.10773930576e-06
2.72787453685e-08	-3.20432081935e-06
2.72986423382e-08	-4.22213361162e-06
2.73185393078e-08	-5.03816409037e-06
2.73384362774e-08	-5.5447833347e-06
2.73583332471e-08	-5.66306653127e-06
2.73782302167e-08	-5.35667686563e-06
2.73981271863e-08	-4.63592664346e-06
2.7418024156e-08	-3.55700103682e-06
2.74379211256e-08	-2.21389268518e-06
2.74578180952e-08	-7.30368668656e-07
2.74777150649e-08	7.55186562174e-07
2.74976120345e-08	2.10599455386e-06
2.75175090041e-08	3.20456410918e-06
2.75374059738e-08	3.9690878566e-06
2.75573029434e-08	4.36380673818e-06
2.7577199913e-08	4.40444614469e-06
2.75970968827e-08	4.14826490669e-06
2.76169938523e-08	3.68655128113e-06
2.76368908219e-08	3.12585973461e-06
2.76567877916e-08	2.57025726569e-06
2.76766847612e-08	2.10100847653e-06
2.76965817308e-08	1.76279814923e-06
2.77164787005e-08	1.55614810637e-06
2.77363756701e-08	1.4397798509e-06
2.77562726397e-08	1.34353695103e-06
2.77761696094e-08	1.18614775602e-06
2.7796066579e-08	8.92431188504e-07
2.78159635486e-08	4.09109787824e-07
2.78358605183e-08	-2.82864732526e-07
2.78557574879e-08	-1.16044202514e-06
2.78756544575e-08	-2.16207092762e-06
2.78955514272e-08	-3.19164416851e-06
2.79154483968e-08	-4.13619909523e-06
2.79353453664e-08	-4.88287605549e-06
2.79552423361e-08	-5.33405000169e-06
2.79751393057e-08	-5.42086513633e-06
2.79950362754e-08	-5.11072221343e-06
2.8014933245e-08	-4.41310362476e-06
2.80348302146e-08	-3.38026541158e-06
2.80547271843e-08	-2.1022326564e-06
2.80746241539e-08	-6.96139409229e-07
2.80945211235e-08	7.08600083499e-07
2.81144180932e-08	1.98774739602e-06
2.81343150628e-08	3.03577519389e-06
2.81542120324e-08	3.77807123186e-06
2.81741090021e-08	4.18024251303e-06
2.81940059717e-08	4.25188568443e-06
2.82139029413e-08	4.04436832468e-06
2.8233799911e-08	3.6410787061e-06
2.82536968806e-08	3.13932127938e-06
2.82735938502e-08	2.63173831172e-06
2.82934908199e-08	2.18970399146e-06
2.83133877895e-08	1.85214651083e-06
2.83332847591e-08	1.62159824413e-06
2.83531817288e-08	1.46532022427e-06
2.83730786984e-08	1.32269127562e-06
2.8392975668e-08	1.12103901984e-06
2.84128726377e-08	7.90999791889e-07
2.84327696073e-08	2.85854028448e-07
2.84526665769e-08	-4.07268800018e-07
2.84725635466e-08	-1.26297442193e-06
2.84924605162e-08	-2.22176481657e-06
2.85123574858e-08	-3.19659488923e-06
2.85322544555e-08	-4.08439927924e-06
2.85521514251e-08	-4.77986418446e-06
2.85720483947e-08	-5.18974638908e-06
2.85919453644e-08	-5.24895995113e-06
2.8611842334e-08	-4.92872368341e-06
2.86317393036e-08	-4.24281779488e-06
2.86516362733e-08	-3.24298287069e-06
2.86715332429e-08	-2.01315287995e-06
2.86914302125e-08	-6.6137175736e-07
2.87113271822e-08	6.91798163643e-07
2.87312241518e-08	1.92737581983e-06
2.87511211215e-08	2.94365099762e-06
2.87710180911e-08	3.66935341845e-06
2.87909150607e-08	4.07413131143e-06
2.88108120304e-08	4.16774469159e-06
2.8830709e-08	3.99589634981e-06
2.88506059696e-08	3.63060451036e-06
2.88705029393e-08	3.15880697599e-06
2.88903999089e-08	2.66641256985e-06
2.89102968785e-08	2.22257233418e-06
2.89301938482e-08	1.86708354022e-06
2.89500908178e-08	1.60329432219e-06
2.89699877874e-08	1.40130600812e-06
2.89898847571e-08	1.20795908742e-06
2.90097817267e-08	9.61812361311e-07
2.90296786963e-08	6.05060449743e-07
2.9049575666e-08	9.77102985189e-08
2.90694726356e-08	-5.73540660298e-07
2.90893696052e-08	-1.38671481409e-06
2.91092665749e-08	-2.28607177633e-06
2.91291635445e-08	-3.1882290159e-06
2.91490605141e-08	-3.99590499001e-06
2.91689574838e-08	-4.6134364311e-06
2.91888544534e-08	-4.95916901855e-06
2.9208751423e-08	-4.97691644341e-06
2.92286483927e-08	-4.6402847147e-06
2.92485453623e-08	-3.96177256334e-06
2.92684423319e-08	-2.9904792882e-06
2.92883393016e-08	-1.80935472827e-06
2.93082362712e-08	-5.23756796156e-07
2.93281332408e-08	7.52482492317e-07
2.93480302105e-08	1.91169203845e-06
2.93679271801e-08	2.86313331799e-06
2.93878241497e-08	3.54147789494e-06
2.94077211194e-08	3.91741059502e-06
2.9427618089e-08	3.99821374231e-06
2.94475150586e-08	3.82823873224e-06
2.94674120283e-08	3.4781631939e-06
2.94873089979e-08	3.03066553897e-06
2.95072059676e-08	2.56362159234e-06
2.95271029372e-08	2.13711984998e-06
2.95469999068e-08	1.78631972858e-06
2.95668968765e-08	1.51734860765e-06
2.95867938461e-08	1.30558805722e-06
2.96066908157e-08	1.10400424091e-06
2.96265877854e-08	8.53279289004e-07
2.9646484755e-08	4.98002719951e-07
2.96663817246e-08	1.56964397036e-09
2.96862786943e-08	-6.43437630288e-07
2.97061756639e-08	-1.41374829354e-06
2.97260726335e-08	-2.25692440381e-06
2.97459696032e-08	-3.09860422476e-06
2.97658665728e-08	-3.84985821711e-06
2.97857635424e-08	-4.42005762125e-06
2.98056605121e-08	-4.72956025988e-06
2.98255574817e-08	-4.7238818297e-06
2.98454544513e-08	-4.38355937149e-06
2.9865351421e-08	-3.72443685137e-06
2.98852483906e-08	-2.79498533473e-06
2.99051453602e-08	-1.6722788132e-06
2.99250423299e-08	-4.52380533034e-07
2.99449392995e-08	7.58973925485e-07
2.99648362691e-08	1.85724240964e-06
2.99847332388e-08	2.75582863196e-06
3.00046302084e-08	3.39565485774e-06
3.0024527178e-08	3.75367301331e-06
3.00444241477e-08	3.83950930427e-06
3.00643211173e-08	3.69347014839e-06
3.00842180869e-08	3.37652409144e-06
3.01041150566e-08	2.96194173188e-06
3.01240120262e-08	2.5227155902e-06
3.01439089958e-08	2.11705173569e-06
3.01638059655e-08	1.77748478336e-06
3.01837029351e-08	1.50617074723e-06
3.02035999048e-08	1.2778391465e-06
3.02234968744e-08	1.04940244228e-06
3.0243393844e-08	7.70388652427e-07
3.02632908137e-08	3.94976567009e-07
3.02831877833e-08	-1.07967135676e-07
3.03030847529e-08	-7.46302788457e-07
3.03229817226e-08	-1.4981456502e-06
3.03428786922e-08	-2.31110027471e-06
3.03627756618e-08	-3.11007056553e-06
3.03826726315e-08	-3.80933954602e-06
3.04025696011e-08	-4.32579395238e-06
3.04224665707e-08	-4.5900344503e-06
3.04423635404e-08	-4.55415306533e-06
3.046226051e-08	-4.19976686317e-06
3.04821574796e-08	-3.5409850625e-06
3.05020544493e-08	-2.62605021817e-06
3.05219514189e-08	-1.53131890102e-06
3.05418483885e-08	-3.52555304062e-07
3.05617453582e-08	8.09730096307e-07
3.05816423278e-08	1.86177936712e-06
3.06015392974e-08	2.72471413609e-06
3.06214362671e-08	3.34370508881e-06
3.06413332367e-08	3.69402687284e-06
3.06612302063e-08	3.78288837055e-06
3.0681127176e-08	3.64854281543e-06
3.07010241456e-08	3.35104573423e-06
3.07209211152e-08	2.95841255138e-06
3.07408180849e-08	2.53514610904e-06
3.07607150545e-08	2.13141549921e-06
3.07806120241e-08	1.77628521669e-06
3.08005089938e-08	1.47501106085e-06
3.08204059634e-08	1.20925636793e-06
3.0840302933e-08	9.41424048051e-07
3.08601999027e-08	6.2605823814e-07
3.08800968723e-08	2.20936840378e-07
3.08999938419e-08	-2.98175635294e-07
3.09198908116e-08	-9.31772262902e-07
3.09397877812e-08	-1.65496578575e-06
3.09596847509e-08	-2.41848249516e-06
3.09795817205e-08	-3.1553156532e-06
3.09994786901e-08	-3.78762945275e-06
3.10193756598e-08	-4.23816095463e-06
3.10392726294e-08	-4.44170882474e-06
3.1059169599e-08	-4.35625315731e-06
3.10790665687e-08	-3.97041549149e-06
3.10989635383e-08	-3.3046204635e-06
3.11188605079e-08	-2.40665701767e-06
3.11387574776e-08	-1.34822738573e-06
3.11586544472e-08	-2.17190688545e-07
3.11785514168e-08	8.92336970537e-07
3.11984483865e-08	1.89010813756e-06
3.12183453561e-08	2.70292719051e-06
3.12382423257e-08	3.28136343342e-06
3.12581392954e-08	3.60697220003e-06
3.1278036265e-08	3.68969176634e-06
3.12979332346e-08	3.56338318852e-06
3.13178302043e-08	3.28012163209e-06
3.13377271739e-08	2.90254308766e-06
3.13576241435e-08	2.49092886406e-06
3.13775211132e-08	2.09274571716e-06
3.13974180828e-08	1.73622385091e-06
3.14173150524e-08	1.42423431271e-06
3.14372120221e-08	1.13841662142e-06
3.14571089917e-08	8.46246393849e-07
3.14770059613e-08	5.1071876328e-07
3.1496902931e-08	9.73873426346e-08
3.15167999006e-08	-4.1537570894e-07
3.15366968702e-08	-1.02741148567e-06
3.15565938399e-08	-1.71605643118e-06
3.15764908095e-08	-2.43368435804e-06
3.15963877791e-08	-3.11597386826e-06
3.16162847488e-08	-3.69044494164e-06
3.16361817184e-08	-4.08853247791e-06
3.1656078688e-08	-4.25378993896e-06
3.16759756577e-08	-4.14970600104e-06
3.16958726273e-08	-3.76539264835e-06
3.1715769597e-08	-3.11977612455e-06
3.17356665666e-08	-2.25892631533e-06
3.17555635362e-08	-1.25188898892e-06
3.17754605059e-08	-1.81790504428e-07
3.17953574755e-08	8.64729003069e-07
3.18152544451e-08	1.8074585455e-06
3.18351514148e-08	2.57976546436e-06
3.18550483844e-08	3.13659222684e-06
3.1874945354e-08	3.45842579463e-06
3.18948423237e-08	3.55298698196e-06
3.19147392933e-08	3.45210389696e-06
3.19346362629e-08	3.20489982641e-06
3.19545332326e-08	2.86591603071e-06
3.19744302022e-08	2.48808157721e-06
3.19943271718e-08	2.1127062837e-06
3.20142241415e-08	1.76446781097e-06
3.20341211111e-08	1.44771763644e-06
3.20540180807e-08	1.14839281196e-06
3.20739150504e-08	8.37965473011e-07
3.209381202e-08	4.82478597519e-07
3.21137089896e-08	5.21710390444e-08
3.21336059593e-08	-4.68975315471e-07
3.21535029289e-08	-1.07688049411e-06
3.21733998985e-08	-1.74773566641e-06
3.21932968682e-08	-2.43715930992e-06
3.22131938378e-08	-3.08568405671e-06
3.22330908074e-08	-3.62581340596e-06
3.22529877771e-08	-3.99319446842e-06
3.22728847467e-08	-4.13474640482e-06
3.22927817163e-08	-4.01742954637e-06
3.2312678686e-08	-3.63426852346e-06
3.23325756556e-08	-3.00485419302e-06
3.23524726252e-08	-2.17267154312e-06
3.23723695949e-08	-1.20193760722e-06
3.23922665645e-08	-1.70766710994e-07
3.24121635341e-08	8.39225378968e-07
3.24320605038e-08	1.7505027472e-06
3.24519574734e-08	2.50048174166e-06
3.24718544431e-08	3.04687353037e-06
3.24917514127e-08	3.37180426868e-06
3.25116483823e-08	3.4811215528e-06
3.2531545352e-08	3.40173096447e-06
3.25514423216e-08	3.17680166972e-06
3.25713392912e-08	2.85659984911e-06
3.25912362609e-08	2.49038498623e-06
3.26111332305e-08	2.11713154386e-06
3.26310302001e-08	1.76020699882e-06
3.26509271698e-08	1.42491734323e-06
3.26708241394e-08	1.09982448748e-06
3.2690721109e-08	7.6215280842e-07
3.27106180787e-08	3.84642405038e-07
3.27305150483e-08	-5.69550806517e-08
3.27504120179e-08	-5.76053992063e-07
3.27703089876e-08	-1.16784525517e-06
3.27902059572e-08	-1.80880374501e-06
3.28101029268e-08	-2.45630531026e-06
3.28299998965e-08	-3.05524986288e-06
3.28498968661e-08	-3.54457961294e-06
3.28697938357e-08	-3.86513238482e-06
3.28896908054e-08	-3.97008079744e-06
3.2909587775e-08	-3.83036024232e-06
3.29294847446e-08	-3.43988722307e-06
3.29493817143e-08	-2.81851998807e-06
3.29692786839e-08	-2.0100628717e-06
3.29891756535e-08	-1.07509163172e-06
3.30090726232e-08	-8.77530759169e-08
3.30289695928e-08	8.75521237731e-07
3.30488665624e-08	1.74282178023e-06
3.30687635321e-08	2.45539649768e-06
3.30886605017e-08	2.97286533169e-06
3.31085574713e-08	3.27878171902e-06
3.3128454441e-08	3.37928906902e-06
3.31483514106e-08	3.2995641277e-06
3.31682483802e-08	3.07963136947e-06
3.31881453499e-08	2.76622188267e-06
3.32080423195e-08	2.40444717292e-06
3.32279392892e-08	2.03147385491e-06
3.32478362588e-08	1.67080639812e-06
3.32677332284e-08	1.32818530574e-06
3.32876301981e-08	9.94642903152e-07
3.33075271677e-08	6.50521229772e-07
3.33274241373e-08	2.71805845387e-07
3.3347321107e-08	-1.62135265214e-07
3.33672180766e-08	-6.61566133431e-07
3.33871150462e-08	-1.22206137121e-06
3.34070120159e-08	-1.8218569835e-06
3.34269089855e-08	-2.42173814513e-06
3.34468059551e-08	-2.969947559e-06
3.34667029248e-08	-3.41046052199e-06
3.34865998944e-08	-3.68937332951e-06
3.3506496864e-08	-3.76428170057e-06
3.35263938337e-08	-3.60999990789e-06
3.35462908033e-08	-3.22229141148e-06
3.35661877729e-08	-2.61976549609e-06
3.35860847426e-08	-1.84363130984e-06
3.36059817122e-08	-9.52575987867e-07
3.36258786818e-08	-1.63278421894e-08
3.36457756515e-08	8.93599207075e-07
3.36656726211e-08	1.71036606389e-06
3.36855695907e-08	2.38041729972e-06
3.37054665604e-08	2.86742397293e-06
3.372536353e-08	3.15489683089e-06
3.37452604996e-08	3.24835809806e-06
3.37651574693e-08	3.17225021718e-06
3.37850544389e-08	2.96412781609e-06
3.38049514085e-08	2.66734389243e-06
3.38248483782e-08	2.32307934311e-06
3.38447453478e-08	1.96459427571e-06
3.38646423174e-08	1.61222976658e-06
3.38845392871e-08	1.27290894625e-06
3.39044362567e-08	9.39386382015e-07
3.39243332263e-08	5.93603516563e-07
3.3944230196e-08	2.14205847726e-07
3.39641271656e-08	-2.17761012777e-07
3.39840241353e-08	-7.10580764007e-07
3.40039211049e-08	-1.25676683638e-06
3.40238180745e-08	-1.83412913657e-06
3.40437150442e-08	-2.40556039444e-06
3.40636120138e-08	-2.92303616334e-06
3.40835089834e-08	-3.33394393692e-06
3.41034059531e-08	-3.58735394457e-06
3.41233029227e-08	-3.64253457974e-06
3.41431998923e-08	-3.47625200448e-06
3.4163096862e-08	-3.08670701088e-06
3.41829938316e-08	-2.49432150667e-06
3.42028908012e-08	-1.73836411932e-06
3.42227877709e-08	-8.74042456189e-07
3.42426847405e-08	3.26353841729e-08
3.42625817101e-08	9.1361434329e-07
3.42824786798e-08	1.70449351344e-06
3.43023756494e-08	2.35255424741e-06
3.4322272619e-08	2.82469090962e-06
3.43421695887e-08	3.10673283366e-06
3.43620665583e-08	3.20382048358e-06
3.43819635279e-08	3.13689849918e-06
3.44018604976e-08	2.93941468499e-06
3.44217574672e-08	2.65081382622e-06
3.44416544368e-08	2.31034186982e-06
3.44615514065e-08	1.9504627744e-06
3.44814483761e-08	1.59075727879e-06
3.45013453457e-08	1.2365246107e-06
3.45212423154e-08	8.818790036e-07
3.4541139285e-08	5.12633363314e-07
3.45610362546e-08	1.12603125046e-07
3.45809332243e-08	-3.31522457486e-07
3.46008301939e-08	-8.25600523058e-07
3.46207271635e-08	-1.36275872364e-06
3.46406241332e-08	-1.92051726344e-06
3.46605211028e-08	-2.46208901444e-06
3.46804180725e-08	-2.94070719065e-06
3.47003150421e-08	-3.30740374466e-06
3.47202120117e-08	-3.51726100689e-06
3.47401089814e-08	-3.53566008471e-06
3.4760005951e-08	-3.34308253969e-06
3.47799029206e-08	-2.93860375677e-06
3.47997998903e-08	-2.34223034568e-06
3.48196968599e-08	-1.59380493869e-06
3.48395938295e-08	-7.48999696043e-07
3.48594907992e-08	1.2868217425e-07
3.48793877688e-08	9.75130205916e-07
3.48992847384e-08	1.7320789425e-06
3.49191817081e-08	2.35144761973e-06
3.49390786777e-08	2.80114250018e-06
3.49589756473e-08	3.06653225834e-06
3.4978872617e-08	3.15284989938e-06
3.49987695866e-08	3.08158951157e-06
3.50186665562e-08	2.8859046779e-06
3.50385635259e-08	2.60227898252e-06
3.50584604955e-08	2.26526401548e-06
3.50783574651e-08	1.90345173223e-06
3.50982544348e-08	1.53668980829e-06
3.51181514044e-08	1.17233832952e-06
3.5138048374e-08	8.07141020687e-07
3.51579453437e-08	4.29183771189e-07
3.51778423133e-08	2.28631238386e-08
3.51977392829e-08	-4.23260573257e-07
3.52176362526e-08	-9.10840242341e-07
3.52375332222e-08	-1.42945964399e-06
3.52574301918e-08	-1.95744223674e-06
3.52773271615e-08	-2.46176534802e-06
3.52972241311e-08	-2.90066088837e-06
3.53171211007e-08	-3.22921493989e-06
3.53370180704e-08	-3.40508574936e-06
3.535691504e-08	-3.39603809607e-06
3.53768120096e-08	-3.1863711456e-06
3.53967089793e-08	-2.77947708582e-06
3.54166059489e-08	-2.19700416437e-06
3.54365029186e-08	-1.47585080867e-06
3.54563998882e-08	-6.66756193368e-07
3.54762968578e-08	1.71463014453e-07
3.54961938275e-08	9.77648198841e-07
3.55160907971e-08	1.69538560613e-06
3.55359877667e-08	2.28082990361e-06
3.55558847364e-08	2.70621342224e-06
3.5575781706e-08	2.96036307645e-06
3.55956786756e-08	3.04808395413e-06
3.56155756453e-08	2.98702718737e-06
3.56354726149e-08	2.80521965124e-06
3.56553695845e-08	2.53726398114e-06
3.56752665542e-08	2.2167635052e-06
3.56951635238e-08	1.87029490917e-06
3.57150604934e-08	1.51499131107e-06
3.57349574631e-08	1.1554949424e-06
3.57548544327e-08	7.88702948284e-07
3.57747514023e-08	4.06310718404e-07
3.5794648372e-08	-2.14660733633e-09
3.58145453416e-08	-4.4499451235e-07
3.58344423112e-08	-9.24464558238e-07
3.58543392809e-08	-1.43120371376e-06
3.58742362505e-08	-1.94303754597e-06
3.58941332201e-08	-2.42615328716e-06
3.59140301898e-08	-2.83996905637e-06
3.59339271594e-08	-3.14351063935e-06
3.5953824129e-08	-3.29982947278e-06
3.59737210987e-08	-3.28142857597e-06
3.59936180683e-08	-3.07297659674e-06
3.60135150379e-08	-2.67589473424e-06
3.60334120076e-08	-2.11061410482e-06
3.60533089772e-08	-1.4145921341e-06
3.60732059468e-08	-6.37335290321e-07
3.60931029165e-08	1.65350023451e-07
3.61129998861e-08	9.38307607612e-07
3.61328968557e-08	1.6307423607e-06
3.61527938254e-08	2.20089214054e-06
3.6172690795e-08	2.61967295501e-06
3.61925877647e-08	2.87443663183e-06
3.62124847343e-08	2.96930602417e-06
3.62323817039e-08	2.92250865641e-06
3.62522786736e-08	2.75968204733e-06
3.62721756432e-08	2.51078051861e-06
3.62920726128e-08	2.20350659674e-06
3.63119695825e-08	1.8625478333e-06
3.63318665521e-08	1.5047446027e-06
3.63517635217e-08	1.13898340715e-06
3.63716604914e-08	7.64126582453e-07
3.6391557461e-08	3.71579929492e-07
3.64114544306e-08	-4.7514653545e-08
3.64313514003e-08	-4.975978527e-07
3.64512483699e-08	-9.76266505859e-07
3.64711453395e-08	-1.47172238485e-06
3.64910423092e-08	-1.96232281269e-06
3.65109392788e-08	-2.41835539327e-06
3.65308362484e-08	-2.80391645902e-06
3.65507332181e-08	-3.07922823595e-06
3.65706301877e-08	-3.20835010825e-06
3.65905271573e-08	-3.16654643484e-06
3.6610424127e-08	-2.94308551929e-06
3.66303210966e-08	-2.54325027527e-06
3.66502180662e-08	-1.98725092559e-06
3.66701150359e-08	-1.30958113687e-06
3.66900120055e-08	-5.5581659808e-07
3.67099089751e-08	2.20917463878e-07
3.67298059448e-08	9.65535036812e-07
3.67497029144e-08	1.62856116503e-06
3.6769599884e-08	2.17161834826e-06
3.67894968537e-08	2.56995167547e-06
3.68093938233e-08	2.81269979041e-06
3.68292907929e-08	2.90170396511e-06
3.68491877626e-08	2.85130727207e-06
3.68690847322e-08	2.68561677785e-06
3.68889817018e-08	2.43390206833e-06
3.69088786715e-08	2.12517704767e-06
3.69287756411e-08	1.78305623422e-06
3.69486726108e-08	1.42245181678e-06
3.69685695804e-08	1.05043085341e-06
3.698846655e-08	6.68613921562e-07
3.70083635197e-08	2.73437777309e-07
3.70282604893e-08	-1.40432135254e-07
3.70481574589e-08	-5.77230906629e-07
3.70680544286e-08	-1.03541651697e-06
3.70879513982e-08	-1.50453223569e-06
3.71078483678e-08	-1.96316557322e-06
3.71277453375e-08	-2.38137988617e-06
3.71476423071e-08	-2.72539796242e-06
3.71675392767e-08	-2.96210043871e-06
3.71874362464e-08	-3.06129459204e-06
3.7207333216e-08	-3.00047076962e-06
3.72272301856e-08	-2.7693897664e-06
3.72471271553e-08	-2.37202743847e-06
3.72670241249e-08	-1.82896661727e-06
3.72869210945e-08	-1.1757326206e-06
3.73068180642e-08	-4.56510008462e-07
3.73267150338e-08	2.79877156117e-07
3.73466120034e-08	9.84256985248e-07
3.73665089731e-08	1.61175097446e-06
3.73864059427e-08	2.12458223814e-06
3.74063029123e-08	2.49783954587e-06
3.7426199882e-08	2.72140209745e-06
3.74460968516e-08	2.79868936559e-06
3.74659938212e-08	2.74569947578e-06
3.74858907909e-08	2.58446141288e-06
3.75057877605e-08	2.33962055063e-06
3.75256847301e-08	2.03704462365e-06
3.75455816998e-08	1.69943251649e-06
3.75654786694e-08	1.34343144964e-06
3.7585375639e-08	9.77265187885e-07
3.76052726087e-08	6.01988091375e-07
3.76251695783e-08	2.12568579627e-07
3.76450665479e-08	-1.95117621615e-07
3.76649635176e-08	-6.22948533646e-07
3.76848604872e-08	-1.06581427417e-06
3.77047574569e-08	-1.51294284478e-06
3.77246544265e-08	-1.94613903659e-06
3.77445513961e-08	-2.33916898651e-06
3.77644483658e-08	-2.6595264444e-06
3.77843453354e-08	-2.87414206923e-06
3.7804242305e-08	-2.95434961117e-06
3.78241392747e-08	-2.88019350592e-06
3.78440362443e-08	-2.64436573616e-06
3.78639332139e-08	-2.25347764626e-06
3.78838301836e-08	-1.72613312088e-06
3.79037271532e-08	-1.0930241956e-06
3.79236241228e-08	-3.96431303784e-07
3.79435210925e-08	3.14967408599e-07
3.79634180621e-08	9.93229662072e-07
3.79833150317e-08	1.59587671078e-06
3.80032120014e-08	2.08882556763e-06
3.8023108971e-08	2.44988825671e-06
3.80430059406e-08	2.66903691681e-06
3.80629029103e-08	2.74719036497e-06
3.80827998799e-08	2.6964786457e-06
3.81026968495e-08	2.53874281952e-06
3.81225938192e-08	2.2995945983e-06
3.81424907888e-08	2.00317515464e-06
3.81623877584e-08	1.66915310729e-06
3.81822847281e-08	1.31197401743e-06
3.82021816977e-08	9.39637942565e-07
3.82220786673e-08	5.55713398853e-07
3.8241975637e-08	1.59399135669e-07
3.82618726066e-08	-2.51998116596e-07
3.82817695762e-08	-6.80264605535e-07
3.83016665459e-08	-1.12088724791e-06
3.83215635155e-08	-1.56126492357e-06
3.83414604851e-08	-1.98086775072e-06
3.83613574548e-08	-2.35314996644e-06
3.83812544244e-08	-2.64885625256e-06
3.8401151394e-08	-2.83916199351e-06
3.84210483637e-08	-2.89855063329e-06
3.84409453333e-08	-2.80744939118e-06
3.8460842303e-08	-2.55898385149e-06
3.84807392726e-08	-2.15991826735e-06
3.85006362422e-08	-1.63137184472e-06
3.85205332119e-08	-1.00585924656e-06
3.85404301815e-08	-3.241069777e-07
3.85603271511e-08	3.6990044805e-07
3.85802241208e-08	1.03093464077e-06
3.86001210904e-08	1.61709181157e-06
3.862001806e-08	2.09479276236e-06
3.86399150297e-08	2.44137402206e-06
3.86598119993e-08	2.64867207989e-06
3.86797089689e-08	2.71955616427e-06
3.86996059386e-08	2.66642905444e-06
3.87195029082e-08	2.50782329658e-06
3.87393998778e-08	2.26594409014e-06
3.87592968475e-08	1.96397149921e-06
3.87791938171e-08	1.62365347478e-06
3.87990907867e-08	1.26003379819e-06
3.88189877564e-08	8.81532457697e-07
3.8838884726e-08	4.91016805881e-07
3.88587816956e-08	8.79221566663e-08
3.88786786653e-08	-3.27688226776e-07
3.88985756349e-08	-7.53236179207e-07
3.89184726045e-08	-1.18253456094e-06
3.89383695742e-08	-1.60456579579e-06
3.89582665438e-08	-2.0011474362e-06
3.89781635134e-08	-2.34760432249e-06
3.89980604831e-08	-2.61556829173e-06
3.90179574527e-08	-2.77670358173e-06
3.90378544223e-08	-2.80875053704e-06
3.9057751392e-08	-2.69737824965e-06
3.90776483616e-08	-2.43902445618e-06
3.90975453312e-08	-2.04064451736e-06
3.91174423009e-08	-1.52135135068e-06
3.91373392705e-08	-9.11895028821e-07
3.91572362402e-08	-2.52484085195e-07
3.91771332098e-08	4.13458863591e-07
3.91970301794e-08	1.04289625824e-06
3.92169271491e-08	1.59816329415e-06
3.92368241187e-08	2.05055960123e-06
3.92567210883e-08	2.37938820646e-06
3.9276618058e-08	2.57488784428e-06
3.92965150276e-08	2.6387692742e-06
3.93164119972e-08	2.58357658822e-06
3.93363089669e-08	2.42844112108e-06
3.93562059365e-08	2.19508967803e-06
3.93761029061e-08	1.90443807924e-06
3.93959998758e-08	1.57376672405e-06
3.94158968454e-08	1.21701975786e-06
3.9435793815e-08	8.4369159481e-07
3.94556907847e-08	4.58713685703e-07
3.94755877543e-08	6.3252283411e-08
3.94954847239e-08	-3.43755488075e-07
3.95153816936e-08	-7.61030378271e-07
3.95352786632e-08	-1.18076434319e-06
3.95551756328e-08	-1.58943498718e-06
3.95750726025e-08	-1.96840699118e-06
3.95949695721e-08	-2.29486079206e-06
3.96148665417e-08	-2.5440049285e-06
3.96347635114e-08	-2.691116606e-06
3.9654660481e-08	-2.71459612122e-06
3.96745574506e-08	-2.59923820067e-06
3.96944544203e-08	-2.34188621562e-06
3.97143513899e-08	-1.95184554741e-06
3.97342483595e-08	-1.44993782669e-06
3.97541453292e-08	-8.65119631044e-07
3.97740422988e-08	-2.33139587635e-07
3.97939392684e-08	4.0615169894e-07
3.98138362381e-08	1.0117922784e-06
3.98337332077e-08	1.54703957378e-06
3.98536301773e-08	1.98233476567e-06
3.9873527147e-08	2.29951365327e-06
3.98934241166e-08	2.49158995302e-06
3.99133210863e-08	2.56073224136e-06
3.99332180559e-08	2.51566723364e-06
3.99531150255e-08	2.3716609121e-06
3.99730119952e-08	2.14861438508e-06
3.99929089648e-08	1.86702300198e-06
4.00128059344e-08	1.54508626338e-06
4.00327029041e-08	1.19594409398e-06
4.00525998737e-08	8.26953993283e-07
4.00724968433e-08	4.41767468828e-07
4.0092393813e-08	4.36675602344e-08
4.01122907826e-08	-3.63944479886e-07
4.01321877522e-08	-7.76869427455e-07
4.01520847219e-08	-1.18826801554e-06
4.01719816915e-08	-1.58617064017e-06
4.01918786611e-08	-1.95268683001e-06
4.02117756308e-08	-2.26467466291e-06
4.02316726004e-08	-2.49608262948e-06
4.025156957e-08	-2.62428147835e-06
4.02714665397e-08	-2.6315580044e-06
4.02913635093e-08	-2.50735342888e-06
4.03112604789e-08	-2.24873997468e-06
4.03311574486e-08	-1.86348950137e-06
4.03510544182e-08	-1.37005702072e-06
4.03709513878e-08	-7.97850589151e-07
4.03908483575e-08	-1.83882548299e-07
4.04107453271e-08	4.32694761798e-07
4.04306422967e-08	1.01511187722e-06
4.04505392664e-08	1.53012172177e-06
4.0470436236e-08	1.95071595499e-06
4.04903332056e-08	2.25774726914e-06
4.05102301753e-08	2.44141040184e-06
4.05301271449e-08	2.50328309903e-06
4.05500241145e-08	2.45433443524e-06
4.05699210842e-08	2.31056230859e-06
4.05898180538e-08	2.08972619475e-06
4.06097150234e-08	1.80906016567e-06
4.06296119931e-08	1.48436066638e-06
4.06495089627e-08	1.13033252092e-06
4.06694059324e-08	7.57485281611e-07
4.0689302902e-08	3.72225457568e-07
4.07091998716e-08	-2.2895826568e-08
4.07290968413e-08	-4.25674599569e-07
4.07489938109e-08	-8.31369135312e-07
4.07688907805e-08	-1.23004747365e-06
4.07887877502e-08	-1.60747697464e-06
4.08086847198e-08	-1.94686469968e-06
4.08285816894e-08	-2.22901576308e-06
4.08484786591e-08	-2.43312763359e-06
4.08683756287e-08	-2.53735390743e-06
4.08882725983e-08	-2.52402287515e-06
4.0908169568e-08	-2.38286952481e-06
4.09280665376e-08	-2.11424901408e-06
4.09479635072e-08	-1.72905907903e-06
4.09678604769e-08	-1.2469399735e-06
4.09877574465e-08	-6.94782102073e-07
4.10076544161e-08	-1.0440062681e-07
4.10275513858e-08	4.87550295247e-07
4.10474483554e-08	1.04342819895e-06
4.1067345325e-08	1.5301115468e-06
4.10872422947e-08	1.92289707002e-06
4.11071392643e-08	2.20632853143e-06
4.11270362339e-08	2.37377344092e-06
4.11469332036e-08	2.4261642011e-06
4.11668301732e-08	2.37099459355e-06
4.11867271428e-08	2.22184155518e-06
4.12066241125e-08	1.99741350571e-06
4.12265210821e-08	1.7168055706e-06
4.12464180517e-08	1.39675847777e-06
4.12663150214e-08	1.04913510768e-06
4.1286211991e-08	6.81669575897e-07
4.13061089606e-08	3.01051727547e-07
4.13260059303e-08	-8.6750421957e-08
4.13459028999e-08	-4.7734287989e-07
4.13657998695e-08	-8.64880377094e-07
4.13856968392e-08	-1.2430497236e-06
4.14055938088e-08	-1.60009409456e-06
4.14254907785e-08	-1.91931701465e-06
4.14453877481e-08	-2.17972558403e-06
4.14652847177e-08	-2.36064374803e-06
4.14851816874e-08	-2.44424563789e-06
4.1505078657e-08	-2.41725877004e-06
4.15249756266e-08	-2.27154305321e-06
4.15448725963e-08	-2.00597628464e-06
4.15647695659e-08	-1.62876551713e-06
4.15846665355e-08	-1.15829226388e-06
4.16045635052e-08	-6.22673042017e-07
4.16244604748e-08	-5.52389227693e-08
4.16443574444e-08	5.10627074846e-07
4.16642544141e-08	1.04194026562e-06
4.16841513837e-08	1.5094652781e-06
4.17040483533e-08	1.88859070249e-06
4.1723945323e-08	2.16165176425e-06
4.17438422926e-08	2.32052752835e-06
4.17637392622e-08	2.36768823925e-06
4.17836362319e-08	2.31275691931e-06
4.18035332015e-08	2.1689853611e-06
4.18234301711e-08	1.95127563529e-06
4.18433271408e-08	1.67523359096e-06
4.18632241104e-08	1.35613572638e-06
4.188312108e-08	1.00842544271e-06
4.19030180497e-08	6.42605954226e-07
4.19229150193e-08	2.65308202074e-07
4.19428119889e-08	-1.20435966977e-07
4.19627089586e-08	-5.10124436914e-07
4.19826059282e-08	-8.96521754612e-07
4.20025028978e-08	-1.26930569877e-06
4.20223998675e-08	-1.61527106002e-06
4.20422968371e-08	-1.91946259065e-06
4.20621938067e-08	-2.16553223709e-06
4.20820907764e-08	-2.33380160353e-06
4.2101987746e-08	-2.4057516157e-06
4.21218847156e-08	-2.36670200593e-06
4.21417816853e-08	-2.20950744279e-06
4.21616786549e-08	-1.93699628426e-06
4.21815756246e-08	-1.56008911745e-06
4.22014725942e-08	-1.09636010848e-06
4.22213695638e-08	-5.70273357425e-07
4.22412665335e-08	-1.2234879776e-08
4.22611635031e-08	5.43753998272e-07
4.22810604727e-08	1.06319509996e-06
4.23009574424e-08	1.51677789972e-06
4.2320854412e-08	1.88234542975e-06
4.23407513816e-08	2.1462155928e-06
4.23606483513e-08	2.30106775234e-06
4.23805453209e-08	2.34619301409e-06
4.24004422905e-08	2.28800900004e-06
4.24203392602e-08	2.13966836782e-06
4.24402362298e-08	1.91798545757e-06
4.24601331994e-08	1.64009730952e-06
4.24800301691e-08	1.32042703171e-06
4.24999271387e-08	9.70437355363e-07
4.25198241083e-08	5.99425248993e-07
4.2539721078e-08	2.157465957e-07
4.25596180476e-08	-1.72491724015e-07
4.25795150172e-08	-5.59212082862e-07
4.25994119869e-08	-9.38554791219e-07
4.26193089565e-08	-1.30250003849e-06
4.26392059261e-08	-1.63817992416e-06
4.26591028958e-08	-1.92875688754e-06
4.26789998654e-08	-2.15597844999e-06
4.2698896835e-08	-2.30274758906e-06
4.27187938047e-08	-2.35427046391e-06
4.27386907743e-08	-2.30010812174e-06
4.27585877439e-08	-2.13420116779e-06
4.27784847136e-08	-1.8568739506e-06
4.27983816832e-08	-1.47784697901e-06
4.28182786528e-08	-1.01716449308e-06
4.28381756225e-08	-5.01437796174e-07
4.28580725921e-08	3.94367152268e-08
4.28779695617e-08	5.74487359017e-07
4.28978665314e-08	1.0740225207e-06
4.2917763501e-08	1.51070247512e-06
4.29376604707e-08	1.86099799748e-06
4.29575574403e-08	2.10961400171e-06
4.29774544099e-08	2.25078065341e-06
4.29973513796e-08	2.28645910738e-06
4.30172483492e-08	2.22526273319e-06
4.30371453188e-08	2.07846937883e-06
4.30570422885e-08	1.85941252084e-06
4.30769392581e-08	1.58280533924e-06
4.30968362277e-08	1.26459815419e-06
4.31167331974e-08	9.18644161629e-07
4.3136630167e-08	5.55170942107e-07
4.31565271366e-08	1.8060333673e-07
4.31764241063e-08	-1.99822537184e-07
4.31963210759e-08	-5.79240179377e-07
4.32162180455e-08	-9.49116895299e-07
4.32361150152e-08	-1.29876929122e-06
4.32560119848e-08	-1.61653753139e-06
4.32759089544e-08	-1.88899230125e-06
4.32958059241e-08	-2.10111693377e-06
4.33157028937e-08	-2.23551876388e-06
4.33355998633e-08	-2.27631801408e-06
4.3355496833e-08	-2.21303639591e-06
4.33753938026e-08	-2.04223806577e-06
4.33952907722e-08	-1.76796061169e-06
4.34151877419e-08	-1.40093078471e-06
4.34350847115e-08	-9.57667850798e-07
4.34549816811e-08	-4.61373289795e-07
4.34748786508e-08	5.96261333641e-08
4.34947756204e-08	5.73525483105e-07
4.351467259e-08	1.05010025209e-06
4.35345695597e-08	1.46464924455e-06
4.35544665293e-08	1.79799542366e-06
4.35743634989e-08	2.03716217584e-06
4.35942604686e-08	2.17523677293e-06
4.36141574382e-08	2.21165521452e-06
4.36340544079e-08	2.15267345993e-06
4.36539513775e-08	2.01028842639e-06
4.36738483471e-08	1.79989177695e-06
4.36937453168e-08	1.53550229243e-06
4.37136422864e-08	1.22933693092e-06
4.3733539256e-08	8.92119317086e-07
4.37534362257e-08	5.34477663905e-07
4.37733331953e-08	1.65254277817e-07
4.37932301649e-08	-2.07575574507e-07
4.38131271346e-08	-5.77915244548e-07
4.38330241042e-08	-9.389518425e-07
4.38529210738e-08	-1.28132012378e-06
4.38728180435e-08	-1.59203159456e-06
4.38927150131e-08	-1.85506581829e-06
4.39126119827e-08	-2.0544406425e-06
4.39325089524e-08	-2.17646220335e-06
4.3952405922e-08	-2.20888603053e-06
4.39723028916e-08	-2.14203078031e-06
4.39921998613e-08	-1.97107510758e-06
4.40120968309e-08	-1.69882298451e-06
4.40319938005e-08	-1.33582636863e-06
4.40518907702e-08	-9.0125359975e-07
4.40717877398e-08	-4.19305976607e-07
4.40916847094e-08	8.34178806031e-08
4.41115816791e-08	5.79649196197e-07
4.41314786487e-08	1.04195606809e-06
4.41513756183e-08	1.44435529137e-06
4.4171272588e-08	1.76621881565e-06
4.41911695576e-08	1.99462817818e-06
4.42110665272e-08	2.12461793581e-06
4.42309634969e-08	2.1574095399e-06
4.42508604665e-08	2.09927577544e-06
4.42707574361e-08	1.95913492007e-06
4.42906544058e-08	1.74893034455e-06
4.43105513754e-08	1.48292832591e-06
4.4330448345e-08	1.17599279292e-06
4.43503453147e-08	8.40544203129e-07
4.43702422843e-08	4.85912039494e-07
4.4390139254e-08	1.19300338497e-07
4.44100362236e-08	-2.51781969496e-07
4.44299331932e-08	-6.18475439751e-07
4.44498301629e-08	-9.71154634044e-07
4.44697271325e-08	-1.29953747319e-06
4.44896241021e-08	-1.5927282675e-06
4.45095210718e-08	-1.83802382026e-06
4.45294180414e-08	-2.02066064503e-06
4.4549315011e-08	-2.12509280573e-06
4.45692119807e-08	-2.13929661186e-06
4.45891089503e-08	-2.0559556333e-06
4.46090059199e-08	-1.8741079657e-06
4.46289028896e-08	-1.59870853622e-06
4.46487998592e-08	-1.23988189671e-06
4.46686968288e-08	-8.13695237412e-07
4.46885937985e-08	-3.42603343029e-07
4.47084907681e-08	1.45482793812e-07
4.47283877377e-08	6.22448879994e-07
4.47482847074e-08	1.06204703343e-06
4.4768181677e-08	1.44201561625e-06
4.47880786466e-08	1.7452288148e-06
4.48079756163e-08	1.95912673462e-06
4.48278725859e-08	2.07674713693e-06
4.48477695555e-08	2.09800282391e-06
4.48676665252e-08	2.02971659746e-06
4.48875634948e-08	1.88346700725e-06
4.49074604644e-08	1.67175272736e-06
4.49273574341e-08	1.40729019904e-06
4.49472544037e-08	1.10182202206e-06
4.49671513733e-08	7.67307625438e-07
4.4987048343e-08	4.14831006879e-07
4.50069453126e-08	5.48872876038e-08
4.50268422822e-08	-3.04926828676e-07
4.50467392519e-08	-6.58275780552e-07
4.50666362215e-08	-9.97227175503e-07
4.50865331911e-08	-1.31067076836e-06
4.51064301608e-08	-1.58650914273e-06
4.51263271304e-08	-1.81111755637e-06
4.51462241001e-08	-1.9719464035e-06
4.51661210697e-08	-2.05754292892e-06
4.51860180393e-08	-2.05847481993e-06
4.5205915009e-08	-1.96698124455e-06
4.52258119786e-08	-1.78020468411e-06
4.52457089482e-08	-1.50333613647e-06
4.52656059179e-08	-1.14865855494e-06
4.52855028875e-08	-7.34207077357e-07
4.53053998571e-08	-2.80889636883e-07
4.53252968268e-08	1.87221949943e-07
4.53451937964e-08	6.44944236683e-07
4.5365090766e-08	1.06685075707e-06
4.53849877357e-08	1.42986169749e-06
4.54048847053e-08	1.71619512912e-06
4.54247816749e-08	1.9152100208e-06
4.54446786446e-08	2.02325838927e-06
4.54645756142e-08	2.04102229873e-06
4.54844725838e-08	1.9726935534e-06
4.55043695535e-08	1.82687045935e-06
4.55242665231e-08	1.61558511991e-06
4.55441634927e-08	1.35271113777e-06
4.55640604624e-08	1.05187592681e-06
4.5583957432e-08	7.24115409412e-07
4.56038544016e-08	3.78287225544e-07
4.56237513713e-08	2.28355387932e-08
4.56436483409e-08	-3.33163839628e-07
4.56635453105e-08	-6.80516023976e-07
4.56834422802e-08	-1.0096165397e-06
4.57033392498e-08	-1.31162306616e-06
4.57232362194e-08	-1.57653505539e-06
4.57431331891e-08	-1.79192005589e-06
4.57630301587e-08	-1.94396966435e-06
4.57829271283e-08	-2.01981401915e-06
4.5802824098e-08	-2.01049783755e-06
4.58227210676e-08	-1.91159216456e-06
4.58426180372e-08	-1.72284609334e-06
4.58625150069e-08	-1.44909597566e-06
4.58824119765e-08	-1.09989917974e-06
4.59023089462e-08	-6.91243030815e-07
4.59222059158e-08	-2.44915270287e-07
4.59421028854e-08	2.1325962507e-07
4.59619998551e-08	6.58419054389e-07
4.59818968247e-08	1.06768646901e-06
4.60017937943e-08	1.42073571396e-06
4.6021690764e-08	1.70133063193e-06
4.60415877336e-08	1.89676126183e-06
4.60614847032e-08	2.00086992663e-06
4.60813816729e-08	2.01430782454e-06
4.61012786425e-08	1.94358528915e-06
4.61211756121e-08	1.79830749403e-06
4.61410725818e-08	1.5891843077e-06
4.61609695514e-08	1.32732895963e-06
4.6180866521e-08	1.02442777461e-06
4.62007634907e-08	6.93441648991e-07
4.62206604603e-08	3.45954475733e-07
4.62405574299e-08	-8.36059665943e-09
4.62604543996e-08	-3.61695910556e-07
4.62803513692e-08	-7.06497900183e-07
4.63002483388e-08	-1.03323731082e-06
4.63201453085e-08	-1.33048064299e-06
4.63400422781e-08	-1.58579740628e-06
4.63599392477e-08	-1.78817560936e-06
4.63798362174e-08	-1.92658245624e-06
4.6399733187e-08	-1.99117550892e-06
4.64196301566e-08	-1.97268536795e-06
4.64395271263e-08	-1.86534322211e-06
4.64594240959e-08	-1.66847371474e-06
4.64793210655e-08	-1.38936707117e-06
4.64992180352e-08	-1.04019886749e-06
4.65191150048e-08	-6.37665579006e-07
4.65390119744e-08	-2.01521018539e-07
4.65589089441e-08	2.46230996481e-07
4.65788059137e-08	6.81080820186e-07
4.65987028833e-08	1.07865463406e-06
4.6618599853e-08	1.41782692253e-06
4.66384968226e-08	1.68378539911e-06
4.66583937923e-08	1.86703732652e-06
4.66782907619e-08	1.96339306058e-06
4.66981877315e-08	1.97232668597e-06
4.67180847012e-08	1.89819439811e-06
4.67379816708e-08	1.74889316895e-06
4.67578786404e-08	1.53668054281e-06
4.67777756101e-08	1.27519740545e-06
4.67976725797e-08	9.76784008344e-07
4.68175695493e-08	6.51102851634e-07
4.6837466519e-08	3.08241837388e-07
4.68573634886e-08	-4.17400709551e-08
4.68772604582e-08	-3.88844853205e-07
4.68971574279e-08	-7.23403331904e-07
4.69170543975e-08	-1.03653798078e-06
4.69369513671e-08	-1.31979652451e-06
4.69568483368e-08	-1.56284949071e-06
4.69767453064e-08	-1.75382865564e-06
4.6996642276e-08	-1.87989672895e-06
4.70165392457e-08	-1.93145427829e-06
4.70364362153e-08	-1.90214177564e-06
4.70563331849e-08	-1.78936460316e-06
4.70762301546e-08	-1.59389503551e-06
4.70961271242e-08	-1.32026008259e-06
4.71160240938e-08	-9.79065134743e-07
4.71359210635e-08	-5.86632381783e-07
4.71558180331e-08	-1.64281985349e-07
4.71757150027e-08	2.65032610969e-07
4.71956119724e-08	6.79069529497e-07
4.7215508942e-08	1.05756527091e-06
4.72354059116e-08	1.38193593102e-06
4.72553028813e-08	1.63645819384e-06
4.72751998509e-08	1.81007942501e-06
4.72950968205e-08	1.89815256135e-06
4.73149937902e-08	1.90212267626e-06
4.73348907598e-08	1.82830729045e-06
4.73547877294e-08	1.68477163243e-06
4.73746846991e-08	1.48022155599e-06
4.73945816687e-08	1.22574272154e-06
4.74144786384e-08	9.33510534651e-07
4.7434375608e-08	6.15643699575e-07
4.74542725776e-08	2.83320645167e-07
4.74741695473e-08	-5.48027667691e-08
4.74940665169e-08	-3.90972488162e-07
4.75139634865e-08	-7.16849939408e-07
4.75338604562e-08	-1.02223850718e-06
4.75537574258e-08	-1.29555684225e-06
4.75736543954e-08	-1.52662136088e-06
4.75935513651e-08	-1.70584740999e-06
4.76134483347e-08	-1.82351658395e-06
4.76333453043e-08	-1.87014796893e-06
4.7653242274e-08	-1.83837494205e-06
4.76731392436e-08	-1.72337320237e-06
4.76930362132e-08	-1.52729109004e-06
4.77129331829e-08	-1.25767195414e-06
4.77328301525e-08	-9.26177847305e-07
4.77527271221e-08	-5.47197146261e-07
4.77726240918e-08	-1.39353282691e-07
4.77925210614e-08	2.7678285619e-07
4.7812418031e-08	6.78301347534e-07
4.78323150007e-08	1.04301796e-06
4.78522119703e-08	1.35304594551e-06
4.78721089399e-08	1.59546101486e-06
4.78920059096e-08	1.76185403689e-06
4.79119028792e-08	1.84720823881e-06
4.79317998488e-08	1.85076470416e-06
4.79516968185e-08	1.77619904207e-06
4.79715937881e-08	1.63182585311e-06
4.79914907577e-08	1.42903530786e-06
4.80113877274e-08	1.17913532449e-06
4.8031284697e-08	8.92678315267e-07
4.80511816666e-08	5.79714765081e-07
4.80710786363e-08	2.49975627753e-07
4.80909756059e-08	-8.56033040009e-08
4.81108725756e-08	-4.16497528022e-07
4.81307695452e-08	-7.33570431066e-07
4.81506665148e-08	-1.028936083e-06
4.81705634845e-08	-1.29317135134e-06
4.81904604541e-08	-1.51533510007e-06
4.82103574237e-08	-1.68413021129e-06
4.82302543934e-08	-1.78895299996e-06
4.8250151363e-08	-1.82194401077e-06
4.82700483326e-08	-1.77862881401e-06
4.82899453023e-08	-1.65721644407e-06
4.83098422719e-08	-1.45878851754e-06
4.83297392415e-08	-1.18826210382e-06
4.83496362112e-08	-8.57584780078e-07
4.83695331808e-08	-4.83169515064e-07
4.83894301504e-08	-8.43467518052e-08
4.84093271201e-08	3.17771792879e-07
4.84292240897e-08	7.03612045072e-07
4.84491210593e-08	1.05435287878e-06
4.8469018029e-08	1.35190032324e-06
4.84889149986e-08	1.58183473786e-06
4.85088119682e-08	1.734829425e-06
4.85287089379e-08	1.80739891675e-06
4.85486059075e-08	1.80117069704e-06
4.85685028771e-08	1.7211371528e-06
4.85883998468e-08	1.57409647272e-06
4.86082968164e-08	1.36845534371e-06
4.8628193786e-08	1.11542345849e-06
4.86480907557e-08	8.27462798725e-07
4.86679877253e-08	5.16544645279e-07
