% time-domain voltage integration by openEMS v0.0.36 @Mon Jan 19 15:08:55 2026
% start-coordinates: (-0.05,0.0115,-0.001) m -> [20,113,18]
% stop-coordinates: (-0.05,0.0115,0.0015) m -> [20,113,23]
% t/s	voltage
0	-0
4.14054136867e-11	5.60010903428e-07
8.28108273733e-11	7.32886903165e-07
1.2421624106e-10	5.17762423158e-07
1.65621654747e-10	-6.98204637217e-07
2.07027068433e-10	-3.74399769498e-06
2.4843248212e-10	-9.30545479605e-06
2.89837895807e-10	-1.71305914591e-05
3.31243309493e-10	-2.48480469054e-05
3.7264872318e-10	-2.68369049081e-05
4.14054136867e-10	-1.40729225677e-05
4.55459550553e-10	2.38346228798e-05
4.9686496424e-10	9.35619627853e-05
5.38270377927e-10	0.000190436483535
5.79675791613e-10	0.000290925880108
6.210812053e-10	0.000350048234395
6.62486618987e-10	0.000308972743369
7.03892032673e-10	0.000115261356768
7.4529744636e-10	-0.000248093663686
7.86702860047e-10	-0.000735345529392
8.28108273733e-10	-0.00122832614579
8.6951368742e-10	-0.0015570341202
9.10919101106e-10	-0.0015521068417
9.52324514793e-10	-0.00111439726606
9.9372992848e-10	-0.000273395169643
1.03513534217e-09	0.000795676518464
1.07654075585e-09	0.00181253944174
1.11794616954e-09	0.00248176686
1.15935158323e-09	0.00259880558588
1.20075699691e-09	0.0021278479544
1.2421624106e-09	0.00121704218327
1.28356782429e-09	0.00014400127111
1.32497323797e-09	-0.000785910553532
1.36637865166e-09	-0.00134544196771
1.40778406535e-09	-0.00145323693869
1.44918947903e-09	-0.00118136165838
1.49059489272e-09	-0.000706598279066
1.53200030641e-09	-0.000232220219914
1.57340572009e-09	8.63198238221e-05
1.61481113378e-09	0.000185112388863
1.65621654747e-09	9.52538030106e-05
1.69762196115e-09	-8.73814133229e-05
1.73902737484e-09	-0.000248853913945
1.78043278853e-09	-0.000301179899907
1.82183820221e-09	-0.000210100783988
1.8632436159e-09	-5.04773026933e-07
1.90464902959e-09	0.000257855094787
1.94605444327e-09	0.00047715892606
1.98745985696e-09	0.000581174158924
2.02886527065e-09	0.000529161917939
2.07027068433e-09	0.000327835455664
2.11167609802e-09	2.8839742356e-05
2.15308151171e-09	-0.000287008206669
2.19448692539e-09	-0.000533979955954
2.23589233908e-09	-0.000646969780462
2.27729775277e-09	-0.000600495034348
2.31870316645e-09	-0.000415244305202
2.36010858014e-09	-0.000150545160725
2.40151399383e-09	0.000115497425959
2.44291940751e-09	0.000310760803082
2.4843248212e-09	0.000390530729902
2.52573023489e-09	0.000348928761817
2.56713564857e-09	0.000217066116264
2.60854106226e-09	4.94465598777e-05
2.64994647595e-09	-9.59471961579e-05
2.69135188963e-09	-0.000176654753716
2.73275730332e-09	-0.000177380866916
2.77416271701e-09	-0.00011107115138
2.81556813069e-09	-1.03163876624e-05
2.85697354438e-09	8.66418452894e-05
2.89837895807e-09	0.000149459866176
2.93978437175e-09	0.000163954086087
2.98118978544e-09	0.000133200453718
3.02259519913e-09	7.25456349784e-05
3.06400061281e-09	1.92136315746e-06
3.1054060265e-09	-6.09605356168e-05
3.14681144019e-09	-0.000104449241231
3.18821685387e-09	-0.000123569876394
3.22962226756e-09	-0.000118638627029
3.27102768125e-09	-9.34616461876e-05
3.31243309493e-09	-5.4081792662e-05
3.35383850862e-09	-8.15338922422e-06
3.39524392231e-09	3.56330277711e-05
3.43664933599e-09	6.85814632106e-05
3.47805474968e-09	8.37153104776e-05
3.51946016337e-09	7.76346328202e-05
3.56086557705e-09	5.18482636167e-05
3.60227099074e-09	1.29798537536e-05
3.64367640443e-09	-2.86390019042e-05
3.68508181811e-09	-6.16905980486e-05
3.7264872318e-09	-7.70455083128e-05
3.76789264549e-09	-7.05299983679e-05
3.80929805917e-09	-4.42533457417e-05
3.85070347286e-09	-5.9984412033e-06
3.89210888655e-09	3.31796910302e-05
3.93351430023e-09	6.23371948265e-05
3.97491971392e-09	7.39256814732e-05
4.01632512761e-09	6.58279294328e-05
4.05773054129e-09	4.15847087503e-05
4.09913595498e-09	8.91622527988e-06
4.14054136867e-09	-2.29084745698e-05
4.18194678235e-09	-4.58193375685e-05
4.22335219604e-09	-5.50426088424e-05
4.26475760973e-09	-4.99512526204e-05
4.30616302341e-09	-3.36660293669e-05
4.3475684371e-09	-1.1687448314e-05
4.38897385079e-09	9.87171915767e-06
4.43037926447e-09	2.59113562642e-05
4.47178467816e-09	3.34387896999e-05
4.51319009185e-09	3.19106792013e-05
4.55459550553e-09	2.29264725746e-05
4.59600091922e-09	9.51053642595e-06
4.63740633291e-09	-4.79500190309e-06
4.67881174659e-09	-1.67162640743e-05
4.72021716028e-09	-2.38440105562e-05
4.76162257397e-09	-2.49862291923e-05
4.80302798765e-09	-2.02927580801e-05
4.84443340134e-09	-1.1150299521e-05
4.88583881503e-09	1.30915388752e-07
4.92724422871e-09	1.08264173946e-05
4.9686496424e-09	1.84295118117e-05
5.01005505609e-09	2.12423269481e-05
5.05146046977e-09	1.87927286603e-05
5.09286588346e-09	1.19456240455e-05
5.13427129715e-09	2.63144482915e-06
5.17567671083e-09	-6.67792428288e-06
5.21708212452e-09	-1.36367437733e-05
5.25848753821e-09	-1.66439000324e-05
5.29989295189e-09	-1.522146745e-05
5.34129836558e-09	-1.00789356878e-05
5.38270377927e-09	-2.84766179703e-06
5.42410919295e-09	4.42408365586e-06
5.46551460664e-09	9.85030787959e-06
5.50692002033e-09	1.220116269e-05
5.54832543401e-09	1.11699701364e-05
5.5897308477e-09	7.36704934923e-06
5.63113626139e-09	2.05009350651e-06
5.67254167507e-09	-3.2739038609e-06
5.71394708876e-09	-7.26574734244e-06
5.75535250245e-09	-9.08017619139e-06
5.79675791613e-09	-8.50308000366e-06
5.83816332982e-09	-5.92809264077e-06
5.87956874351e-09	-2.17881719067e-06
