% time-domain current integration by openEMS v0.0.36 @Thu Jan 22 09:00:41 2026
% start-coordinates: (0.025,0.0092,0) m -> [106,62,7]
% stop-coordinates: (0.025,0.013,0.00227273) m -> [106,67,10]
% t/s	current
7.10606058365e-13	-0
2.06075756926e-11	-0
4.05045453268e-11	-0
6.0401514961e-11	-0
8.02984845953e-11	-0
1.00195454229e-10	-0
1.20092423864e-10	-0
1.39989393498e-10	-0
1.59886363132e-10	7.26954764769e-31
1.79783332766e-10	4.87966068796e-23
1.99680302401e-10	1.81950237501e-17
2.19577272035e-10	9.61330827768e-14
2.39474241669e-10	9.68308246085e-12
2.59371211303e-10	2.6107126877e-11
2.79268180937e-10	9.15226314874e-12
2.99165150572e-10	-1.41122964009e-11
3.19062120206e-10	-8.51049786199e-11
3.3895908984e-10	-2.82669332385e-10
3.58856059474e-10	-6.17640494305e-10
3.78753029109e-10	-1.13598730422e-09
3.98649998743e-10	-1.57125268352e-09
4.18546968377e-10	-1.57121338162e-09
4.38443938011e-10	-4.97441754455e-10
4.58340907645e-10	-7.69523056388e-11
4.7823787728e-10	-6.75491573787e-09
4.98134846914e-10	-2.26086793731e-08
5.18031816548e-10	-5.80425876251e-08
5.37928786182e-10	-1.22832744864e-07
5.57825755817e-10	-2.20532200501e-07
5.77722725451e-10	-3.29408322841e-07
5.97619695085e-10	-3.94912689217e-07
6.17516664719e-10	-3.11767223593e-07
6.37413634353e-10	7.07232459263e-08
6.57310603988e-10	9.07506830572e-07
6.77207573622e-10	2.28472526942e-06
6.97104543256e-10	4.12078043155e-06
7.1700151289e-10	6.08409072811e-06
7.36898482525e-10	7.58287023928e-06
7.56795452159e-10	7.87137378211e-06
7.76692421793e-10	6.28194720775e-06
7.96589391427e-10	2.52106087828e-06
8.16486361061e-10	-3.08986545861e-06
8.36383330696e-10	-9.56156964094e-06
8.5628030033e-10	-1.54446297529e-05
8.76177269964e-10	-1.92599418369e-05
8.96074239598e-10	-2.00002614292e-05
9.15971209233e-10	-1.74893139047e-05
9.35868178867e-10	-1.24471816889e-05
9.55765148501e-10	-6.22216839474e-06
9.75662118135e-10	-3.14622468522e-07
9.95559087769e-10	4.10491293223e-06
1.0154560574e-09	6.49741878078e-06
1.03535302704e-09	6.9835141403e-06
1.05524999667e-09	6.14235023022e-06
1.07514696631e-09	4.70643408335e-06
1.09504393594e-09	3.28601004185e-06
1.11494090557e-09	2.21123968913e-06
1.13483787521e-09	1.50882681282e-06
1.15473484484e-09	9.78373464022e-07
1.17463181448e-09	3.16938297829e-07
1.19452878411e-09	-7.48101570025e-07
1.21442575375e-09	-2.34054596149e-06
1.23432272338e-09	-4.34716275777e-06
1.25421969301e-09	-6.37746279608e-06
1.27411666265e-09	-7.79955007602e-06
1.29401363228e-09	-7.87378303357e-06
1.31391060192e-09	-5.97593407292e-06
1.33380757155e-09	-1.86144461622e-06
1.35370454119e-09	4.12375402448e-06
1.37360151082e-09	1.09906932266e-05
1.39349848045e-09	1.728017196e-05
1.41339545009e-09	2.14454830711e-05
1.43329241972e-09	2.2332480512e-05
1.45318938936e-09	1.95832362806e-05
1.47308635899e-09	1.37938495754e-05
1.49298332863e-09	6.34361276752e-06
1.51288029826e-09	-1.03552463315e-06
1.53277726789e-09	-6.79985078023e-06
1.55267423753e-09	-1.00286006273e-05
1.57257120716e-09	-1.06068500827e-05
1.5924681768e-09	-9.11775077839e-06
1.61236514643e-09	-6.52622657071e-06
1.63226211606e-09	-3.8053458411e-06
1.6521590857e-09	-1.65043479683e-06
1.67205605533e-09	-3.60398388466e-07
1.69195302497e-09	1.17504797004e-07
1.7118499946e-09	4.48558061805e-08
1.73174696424e-09	-2.66315737463e-07
1.75164393387e-09	-5.65987704704e-07
1.7715409035e-09	-7.11798975317e-07
1.79143787314e-09	-6.58474618831e-07
1.81133484277e-09	-4.23097276325e-07
1.83123181241e-09	-5.30992601e-08
1.85112878204e-09	3.89910809417e-07
1.87102575168e-09	8.3693811348e-07
1.89092272131e-09	1.2179634723e-06
1.91081969094e-09	1.47536650275e-06
1.93071666058e-09	1.58017201102e-06
1.95061363021e-09	1.5419373085e-06
1.97051059985e-09	1.40126894621e-06
1.99040756948e-09	1.20493962186e-06
2.01030453911e-09	9.78899606707e-07
2.03020150875e-09	7.15927512829e-07
2.05009847838e-09	3.89632106135e-07
2.06999544802e-09	-1.33617721332e-08
2.08989241765e-09	-4.63415574359e-07
2.10978938729e-09	-8.82869073848e-07
2.12968635692e-09	-1.17283366308e-06
2.14958332655e-09	-1.25850397126e-06
2.16948029619e-09	-1.12652628559e-06
2.18937726582e-09	-8.32318562516e-07
2.20927423546e-09	-4.74561176134e-07
2.22917120509e-09	-1.51944007598e-07
2.24906817473e-09	7.51100444063e-08
2.26896514436e-09	1.9863070122e-07
2.28886211399e-09	2.53204973433e-07
2.30875908363e-09	2.89011495624e-07
2.32865605326e-09	3.42922788832e-07
2.3485530229e-09	4.17937314978e-07
2.36844999253e-09	4.76727933574e-07
2.38834696217e-09	4.50847835509e-07
2.4082439318e-09	2.66529411874e-07
2.42814090143e-09	-1.19203875215e-07
2.44803787107e-09	-6.80905429817e-07
2.4679348407e-09	-1.30514922603e-06
2.48783181034e-09	-1.80464166988e-06
2.50772877997e-09	-1.97291842596e-06
2.5276257496e-09	-1.66577422078e-06
2.54752271924e-09	-8.77844456681e-07
2.56741968887e-09	2.25916863883e-07
2.58731665851e-09	1.34743675062e-06
2.60721362814e-09	2.15551517613e-06
2.62711059778e-09	2.4098137601e-06
2.64700756741e-09	2.0538843728e-06
2.66690453704e-09	1.23398649521e-06
2.68680150668e-09	2.34716949876e-07
2.70669847631e-09	-6.37030495909e-07
2.72659544595e-09	-1.16544003959e-06
2.74649241558e-09	-1.28660110477e-06
2.76638938522e-09	-1.07857647436e-06
2.78628635485e-09	-6.9762000976e-07
2.80618332448e-09	-3.00566142641e-07
2.82608029412e-09	1.02417505587e-08
2.84597726375e-09	2.01780991915e-07
2.86587423339e-09	2.90732600661e-07
2.88577120302e-09	3.09525830744e-07
2.90566817265e-09	2.77931349046e-07
2.92556514229e-09	1.9272067675e-07
2.94546211192e-09	3.5085630401e-08
2.96535908156e-09	-2.09437146736e-07
2.98525605119e-09	-5.28538350864e-07
3.00515302083e-09	-8.68254630859e-07
3.02504999046e-09	-1.13482963116e-06
3.04494696009e-09	-1.21733012293e-06
3.06484392973e-09	-1.02708111172e-06
3.08474089936e-09	-5.40111045666e-07
3.104637869e-09	1.75935113589e-07
3.12453483863e-09	9.66262632573e-07
3.14443180827e-09	1.62983735663e-06
3.1643287779e-09	1.98393991013e-06
3.18422574753e-09	1.9285430426e-06
3.20412271717e-09	1.48308447478e-06
3.2240196868e-09	7.79611127655e-07
3.24391665644e-09	1.50992480741e-08
3.26381362607e-09	-6.16824479494e-07
3.28371059571e-09	-9.87397015706e-07
3.30360756534e-09	-1.06355992102e-06
3.32350453497e-09	-9.00420559447e-07
3.34340150461e-09	-6.04659589953e-07
3.36329847424e-09	-2.88334206289e-07
3.38319544388e-09	-3.31627560968e-08
3.40309241351e-09	1.23198447e-07
3.42298938314e-09	1.80399339911e-07
3.44288635278e-09	1.57498021736e-07
3.46278332241e-09	7.58541176538e-08
3.48268029205e-09	-4.88539697585e-08
3.50257726168e-09	-2.05268108289e-07
3.52247423132e-09	-3.78925250288e-07
3.54237120095e-09	-5.45213310943e-07
3.56226817058e-09	-6.67574454383e-07
3.58216514022e-09	-7.03456123574e-07
3.60206210985e-09	-6.16359443484e-07
3.62195907949e-09	-3.90375930692e-07
3.64185604912e-09	-4.14039043051e-08
3.66175301876e-09	3.7990889723e-07
3.68164998839e-09	7.96288588845e-07
3.70154695802e-09	1.12187535706e-06
3.72144392766e-09	1.28492183649e-06
3.74134089729e-09	1.24797679746e-06
3.76123786693e-09	1.01857335721e-06
3.78113483656e-09	6.47528622721e-07
3.80103180619e-09	2.15051997543e-07
3.82092877583e-09	-1.90812414758e-07
3.84082574546e-09	-4.96849111187e-07
3.8607227151e-09	-6.61678654978e-07
3.88061968473e-09	-6.82282689013e-07
3.90051665437e-09	-5.89302601384e-07
3.920413624e-09	-4.33125507016e-07
3.94031059363e-09	-2.66561556828e-07
3.96020756327e-09	-1.30442870727e-07
3.9801045329e-09	-4.64178917525e-08
4.00000150254e-09	-1.82325372577e-08
4.01989847217e-09	-3.75023532229e-08
4.03979544181e-09	-9.05806203377e-08
4.05969241144e-09	-1.62531094361e-07
4.07958938107e-09	-2.38348178527e-07
4.09948635071e-09	-3.02553104348e-07
4.11938332034e-09	-3.39366323487e-07
4.13928028998e-09	-3.34319878448e-07
4.15917725961e-09	-2.7709492656e-07
4.17907422925e-09	-1.64200642416e-07
4.19897119888e-09	-1.15759757335e-09
4.21886816851e-09	1.9694411435e-07
4.23876513815e-09	4.05840722806e-07
4.25866210778e-09	5.94481321059e-07
4.27855907742e-09	7.29399516786e-07
4.29845604705e-09	7.813606544e-07
4.31835301668e-09	7.33108436179e-07
4.33824998632e-09	5.86200769703e-07
4.35814695595e-09	3.63668164027e-07
4.37804392559e-09	1.06853462967e-07
4.39794089522e-09	-1.34454666068e-07
4.41783786486e-09	-3.15644598459e-07
4.43773483449e-09	-4.1018543584e-07
4.45763180412e-09	-4.16477433873e-07
4.47752877376e-09	-3.56159119974e-07
4.49742574339e-09	-2.64605915845e-07
4.51732271303e-09	-1.7795375129e-07
4.53721968266e-09	-1.21950591847e-07
4.5571166523e-09	-1.06733665461e-07
4.57701362193e-09	-1.2800448701e-07
4.59691059156e-09	-1.72575710167e-07
4.6168075612e-09	-2.24515716241e-07
4.63670453083e-09	-2.69583182444e-07
4.65660150047e-09	-2.96919978382e-07
4.6764984701e-09	-2.99133830595e-07
4.69639543973e-09	-2.7147370929e-07
4.71629240937e-09	-2.11327886745e-07
4.736189379e-09	-1.18068840038e-07
4.75608634864e-09	6.233094485e-09
4.77598331827e-09	1.55441654215e-07
4.79588028791e-09	3.17428202834e-07
4.81577725754e-09	4.73117012234e-07
4.83567422717e-09	5.97917050982e-07
4.85557119681e-09	6.66152402573e-07
4.87546816644e-09	6.58198359815e-07
4.89536513608e-09	5.67733138723e-07
4.91526210571e-09	4.05952334859e-07
4.93515907535e-09	2.00617506607e-07
4.95505604498e-09	-1.07534994243e-08
4.97495301461e-09	-1.91164005514e-07
4.99484998425e-09	-3.14217118103e-07
5.01474695388e-09	-3.70477152956e-07
5.03464392352e-09	-3.67760122799e-07
5.05454089315e-09	-3.26044983012e-07
5.07443786279e-09	-2.68959411187e-07
5.09433483242e-09	-2.1600513378e-07
5.11423180205e-09	-1.78004441409e-07
5.13412877169e-09	-1.56986473598e-07
5.15402574132e-09	-1.49267293637e-07
5.17392271096e-09	-1.49398644567e-07
5.19381968059e-09	-1.52898081751e-07
5.21371665022e-09	-1.56652291139e-07
5.23361361986e-09	-1.57619780339e-07
5.25351058949e-09	-1.51092876877e-07
5.27340755913e-09	-1.30428887246e-07
5.29330452876e-09	-8.83482442759e-08
5.3132014984e-09	-1.97864178375e-08
5.33309846803e-09	7.51341460159e-08
5.35299543766e-09	1.88953833913e-07
5.3728924073e-09	3.06794674998e-07
5.39278937693e-09	4.08766055671e-07
5.41268634657e-09	4.74439019627e-07
5.4325833162e-09	4.8837301847e-07
5.45248028584e-09	4.44850286385e-07
5.47237725547e-09	3.50220204837e-07
5.4922742251e-09	2.21582382665e-07
5.51217119474e-09	8.24105370612e-08
5.53206816437e-09	-4.38328093821e-08
5.55196513401e-09	-1.39720910397e-07
5.57186210364e-09	-1.97797021428e-07
5.59175907327e-09	-2.21047685045e-07
5.61165604291e-09	-2.2032186564e-07
5.63155301254e-09	-2.09462783118e-07
5.65144998218e-09	-2.0034404713e-07
5.67134695181e-09	-1.99350594698e-07
5.69124392145e-09	-2.06570447858e-07
5.71114089108e-09	-2.174333531e-07
5.73103786071e-09	-2.25732364356e-07
5.75093483035e-09	-2.26261406056e-07
5.77083179998e-09	-2.15958976924e-07
5.79072876962e-09	-1.93482705413e-07
5.81062573925e-09	-1.58016646878e-07
5.83052270889e-09	-1.08378557684e-07
5.85041967852e-09	-4.34736513455e-08
5.87031664815e-09	3.63791059499e-08
5.89021361779e-09	1.27599690813e-07
5.91011058742e-09	2.2252253018e-07
5.93000755706e-09	3.09945477284e-07
5.94990452669e-09	3.77194226076e-07
5.96980149633e-09	4.13031955304e-07
5.98969846596e-09	4.10473148804e-07
6.00959543559e-09	3.68655406646e-07
6.02949240523e-09	2.932873997e-07
6.04938937486e-09	1.95450368778e-07
6.0692863445e-09	8.92328415603e-08
6.08918331413e-09	-1.13026850102e-08
6.10908028376e-09	-9.5014392798e-08
6.1289772534e-09	-1.55694152681e-07
6.14887422303e-09	-1.92769775254e-07
6.16877119267e-09	-2.10397018918e-07
6.1886681623e-09	-2.15324860164e-07
6.20856513194e-09	-2.14188190739e-07
6.22846210157e-09	-2.11318678112e-07
6.2483590712e-09	-2.0783409127e-07
6.26825604084e-09	-2.02292881113e-07
6.28815301047e-09	-1.92363771134e-07
6.30804998011e-09	-1.76437822574e-07
6.32794694974e-09	-1.5446626378e-07
6.34784391938e-09	-1.27431107444e-07
6.36774088901e-09	-9.63328901094e-08
6.38763785864e-09	-6.1035407839e-08
6.40753482828e-09	-2.03440855273e-08
6.42743179791e-09	2.7185274476e-08
6.44732876755e-09	8.1727122847e-08
6.46722573718e-09	1.41004079524e-07
6.48712270681e-09	1.99977804982e-07
6.50701967645e-09	2.516714801e-07
6.52691664608e-09	2.88776590196e-07
6.54681361572e-09	3.05444729065e-07
6.56671058535e-09	2.98687695022e-07
6.58660755499e-09	2.68891568567e-07
6.60650452462e-09	2.19642146249e-07
6.62640149425e-09	1.56825961994e-07
6.64629846389e-09	8.74684218388e-08
6.66619543352e-09	1.84074639975e-08
6.68609240316e-09	-4.48821566579e-08
6.70598937279e-09	-9.91025075336e-08
6.72588634243e-09	-1.43268110264e-07
6.74578331206e-09	-1.78163034548e-07
6.76568028169e-09	-2.05225532568e-07
6.78557725133e-09	-2.25341636906e-07
6.80547422096e-09	-2.38293552002e-07
6.8253711906e-09	-2.42797341343e-07
6.84526816023e-09	-2.37352892896e-07
6.86516512987e-09	-2.21168690473e-07
6.8850620995e-09	-1.94601497583e-07
6.90495906913e-09	-1.58979730713e-07
6.92485603877e-09	-1.16003604944e-07
6.9447530084e-09	-6.70964652727e-08
6.96464997804e-09	-1.32303403788e-08
6.98454694767e-09	4.46639845109e-08
7.0044439173e-09	1.04888421504e-07
7.02434088694e-09	1.64312737638e-07
7.04423785657e-09	2.18155051357e-07
7.06413482621e-09	2.60620169001e-07
7.08403179584e-09	2.86066011768e-07
7.10392876548e-09	2.90518954671e-07
7.12382573511e-09	2.72761042197e-07
7.14372270474e-09	2.3473646138e-07
7.16361967438e-09	1.81183551717e-07
7.18351664401e-09	1.18541336747e-07
7.20341361365e-09	5.37995425987e-08
7.22331058328e-09	-6.7146301852e-09
7.24320755292e-09	-5.83037724766e-08
7.26310452255e-09	-9.85803225717e-08
7.28300149218e-09	-1.27661266447e-07
7.30289846182e-09	-1.47720740529e-07
7.32279543145e-09	-1.6188347729e-07
7.34269240109e-09	-1.72868013237e-07
7.36258937072e-09	-1.81886278483e-07
7.38248634035e-09	-1.8831300963e-07
7.40238330999e-09	-1.90141520306e-07
7.42228027962e-09	-1.84945463388e-07
7.44217724926e-09	-1.70829039803e-07
7.46207421889e-09	-1.46918935684e-07
7.48197118853e-09	-1.13521664957e-07
7.50186815816e-09	-7.19373645097e-08
7.52176512779e-09	-2.42713813492e-08
7.54166209743e-09	2.67727973124e-08
7.56155906706e-09	7.80042057613e-08
7.5814560367e-09	1.25993253164e-07
7.60135300633e-09	1.67254611938e-07
7.62124997597e-09	1.98629606984e-07
7.6411469456e-09	2.17705562022e-07
7.66104391523e-09	2.23318664894e-07
7.68094088487e-09	2.15738069187e-07
7.7008378545e-09	1.96619481585e-07
7.72073482414e-09	1.68377894738e-07
7.74063179377e-09	1.33601304242e-07
7.76052876341e-09	9.447074234e-08
7.78042573304e-09	5.26424059899e-08
7.80032270267e-09	9.53417966798e-09
7.82021967231e-09	-3.3494881535e-08
7.84011664194e-09	-7.49642907749e-08
7.86001361158e-09	-1.13368201937e-07
7.87991058121e-09	-1.47288602648e-07
7.89980755084e-09	-1.75299447847e-07
7.91970452048e-09	-1.95949382942e-07
7.93960149011e-09	-2.07714819567e-07
7.95949845975e-09	-2.09267540185e-07
7.97939542938e-09	-1.99783727339e-07
7.99929239902e-09	-1.79176424808e-07
8.01918936865e-09	-1.48107261566e-07
8.03908633828e-09	-1.07923341375e-07
8.05898330792e-09	-6.05943455412e-08
8.07888027755e-09	-8.7219182987e-09
8.09877724719e-09	4.4389825149e-08
8.11867421682e-09	9.49430543074e-08
8.13857118646e-09	1.38989022958e-07
8.15846815609e-09	1.73058722908e-07
8.17836512572e-09	1.94642964857e-07
8.19826209536e-09	2.02626623036e-07
8.21815906499e-09	1.97441707428e-07
8.23805603463e-09	1.80983704468e-07
8.25795300426e-09	1.56142789365e-07
8.27784997389e-09	1.26127659428e-07
8.29774694353e-09	9.36926269901e-08
8.31764391316e-09	6.06851529028e-08
8.3375408828e-09	2.80424359289e-08
8.35743785243e-09	-3.75276032472e-09
8.37733482207e-09	-3.42059500724e-08
8.3972317917e-09	-6.2575331583e-08
8.41712876133e-09	-8.80198882669e-08
8.43702573097e-09	-1.09926560299e-07
8.4569227006e-09	-1.27978964315e-07
8.47681967024e-09	-1.42094918942e-07
8.49671663987e-09	-1.52104462359e-07
8.51661360951e-09	-1.575067472e-07
8.53651057914e-09	-1.57446663707e-07
8.55640754877e-09	-1.50776600094e-07
8.57630451841e-09	-1.36365969183e-07
8.59620148804e-09	-1.13375023147e-07
8.61609845768e-09	-8.17176939449e-08
8.63599542731e-09	-4.24838901836e-08
8.65589239695e-09	1.84216542021e-09
8.67578936658e-09	4.76717474385e-08
8.69568633621e-09	9.09287365403e-08
8.71558330585e-09	1.27928970528e-07
8.73548027548e-09	1.55945485858e-07
8.75537724512e-09	1.73514038693e-07
8.77527421475e-09	1.80331070965e-07
8.79517118438e-09	1.76996096002e-07
8.81506815402e-09	1.64743994446e-07
8.83496512365e-09	1.45123735251e-07
8.85486209329e-09	1.19704594681e-07
8.87475906292e-09	8.98807002159e-08
8.89465603256e-09	5.68930182965e-08
8.91455300219e-09	2.20355094172e-08
8.93444997182e-09	-1.31221638e-08
8.95434694146e-09	-4.68067185011e-08
8.97424391109e-09	-7.73733646042e-08
8.99414088073e-09	-1.03743509783e-07
9.01403785036e-09	-1.25501060211e-07
9.03393482e-09	-1.42708117323e-07
9.05383178963e-09	-1.55345105668e-07
9.07372875926e-09	-1.62881988786e-07
9.0936257289e-09	-1.64201665598e-07
9.11352269853e-09	-1.5784026175e-07
9.13341966817e-09	-1.42462042163e-07
9.1533166378e-09	-1.17324120197e-07
9.17321360744e-09	-8.2733087936e-08
9.19311057707e-09	-4.03419839756e-08
9.2130075467e-09	6.7510499413e-09
9.23290451634e-09	5.4318608278e-08
9.25280148597e-09	9.76595870839e-08
9.27269845561e-09	1.32549047294e-07
9.29259542524e-09	1.56014237973e-07
9.31249239487e-09	1.66807666346e-07
9.33238936451e-09	1.65400066976e-07
9.35228633414e-09	1.53657566671e-07
9.37218330378e-09	1.34379746441e-07
9.39208027341e-09	1.10681867227e-07
9.41197724305e-09	8.54137738315e-08
9.43187421268e-09	6.06712262652e-08
9.45177118231e-09	3.75345585724e-08
9.47166815195e-09	1.61536899412e-08
9.49156512158e-09	-3.87898690946e-09
9.51146209122e-09	-2.31566161801e-08
9.53135906085e-09	-4.21678727491e-08
9.55125603049e-09	-6.1184962874e-08
9.57115300012e-09	-8.01924713301e-08
9.59104996975e-09	-9.87560468957e-08
9.61094693939e-09	-1.1589836646e-07
9.63084390902e-09	-1.30130771936e-07
9.65074087866e-09	-1.39625086604e-07
9.67063784829e-09	-1.42557269101e-07
9.69053481792e-09	-1.3744298144e-07
9.71043178756e-09	-1.23357139614e-07
9.73032875719e-09	-1.00089131649e-07
9.75022572683e-09	-6.8344149895e-08
9.77012269646e-09	-2.99077917987e-08
9.7900196661e-09	1.23440226929e-08
9.80991663573e-09	5.47425180741e-08
9.82981360536e-09	9.33987891472e-08
9.849710575e-09	1.24877246321e-07
9.86960754463e-09	1.46725824379e-07
9.88950451427e-09	1.57743400564e-07
9.9094014839e-09	1.57988949923e-07
9.92929845354e-09	1.48558953583e-07
9.94919542317e-09	1.31322039465e-07
9.9690923928e-09	1.0848057741e-07
9.98898936244e-09	8.21842291998e-08
1.00088863321e-08	5.42148477223e-08
1.00287833017e-08	2.59202508346e-08
1.00486802713e-08	-1.65599767232e-09
1.0068577241e-08	-2.76997571547e-08
1.00884742106e-08	-5.14974303201e-08
1.01083711802e-08	-7.25695272763e-08
1.01282681499e-08	-9.07058179678e-08
1.01481651195e-08	-1.05826210017e-07
1.01680620891e-08	-1.17753273798e-07
1.01879590588e-08	-1.25960511355e-07
1.02078560284e-08	-1.29494480916e-07
1.0227752998e-08	-1.27199328404e-07
1.02476499677e-08	-1.18018391504e-07
1.02675469373e-08	-1.01323720969e-07
1.0287443907e-08	-7.719888373e-08
1.03073408766e-08	-4.66220519968e-08
1.03272378462e-08	-1.15578151494e-08
1.03471348159e-08	2.51639526994e-08
1.03670317855e-08	6.01976424264e-08
1.03869287551e-08	9.02887364873e-08
1.04068257248e-08	1.12886652914e-07
1.04267226944e-08	1.26574178694e-07
1.0446619664e-08	1.31129681336e-07
1.04665166337e-08	1.27294654817e-07
1.04864136033e-08	1.16438386044e-07
1.05063105729e-08	1.0022556296e-07
1.05262075426e-08	8.03743844813e-08
1.05461045122e-08	5.85395447672e-08
1.05660014818e-08	3.62047636315e-08
1.05858984515e-08	1.46639997922e-08
1.06057954211e-08	-5.05478370272e-09
1.06256923907e-08	-2.22693561369e-08
1.06455893604e-08	-3.67814863012e-08
1.066548633e-08	-4.89396256853e-08
1.06853832996e-08	-5.95603140141e-08
1.07052802693e-08	-6.95891415603e-08
1.07251772389e-08	-7.96361305788e-08
1.07450742085e-08	-8.9597072872e-08
1.07649711782e-08	-9.84844561458e-08
1.07848681478e-08	-1.04644456655e-07
1.08047651174e-08	-1.0614090229e-07
1.08246620871e-08	-1.01229247207e-07
1.08445590567e-08	-8.87574316266e-08
1.08644560263e-08	-6.8490180638e-08
1.0884352996e-08	-4.12268121863e-08
1.09042499656e-08	-8.85667539308e-09
1.09241469352e-08	2.59466403918e-08
1.09440439049e-08	6.00706684395e-08
1.09639408745e-08	9.0444189027e-08
1.09838378441e-08	1.14420139141e-07
1.10037348138e-08	1.29994546683e-07
1.10236317834e-08	1.35954508096e-07
1.10435287531e-08	1.32035012257e-07
1.10634257227e-08	1.18956030803e-07
1.10833226923e-08	9.84404877613e-08
1.1103219662e-08	7.29708986569e-08
1.11231166316e-08	4.5350326161e-08
1.11430136012e-08	1.82460730969e-08
1.11629105709e-08	-6.26469320864e-09
1.11828075405e-08	-2.69314153201e-08
1.12027045101e-08	-4.34279314732e-08
1.12226014798e-08	-5.62426407669e-08
1.12424984494e-08	-6.6374866492e-08
1.1262395419e-08	-7.48801696204e-08
1.12822923887e-08	-8.24262826882e-08
1.13021893583e-08	-8.89245086455e-08
1.13220863279e-08	-9.35439885552e-08
1.13419832976e-08	-9.50154301904e-08
1.13618802672e-08	-9.20814997585e-08
1.13817772368e-08	-8.38829805616e-08
1.14016742065e-08	-7.01613203091e-08
1.14215711761e-08	-5.13063653784e-08
1.14414681457e-08	-2.82702288246e-08
1.14613651154e-08	-2.49881160208e-09
1.1481262085e-08	2.41664892542e-08
1.15011590546e-08	4.9705931815e-08
1.15210560243e-08	7.21328348163e-08
1.15409529939e-08	8.97582594916e-08
1.15608499635e-08	1.01333760938e-07
1.15807469332e-08	1.06162495683e-07
1.16006439028e-08	1.04138550228e-07
1.16205408724e-08	9.57730250661e-08
1.16404378421e-08	8.21626713332e-08
1.16603348117e-08	6.48771063538e-08
1.16802317813e-08	4.57122872888e-08
1.1700128751e-08	2.6391941077e-08
1.17200257206e-08	8.31750934793e-09
1.17399226902e-08	-7.62342189375e-09
1.17598196599e-08	-2.10950084067e-08
1.17797166295e-08	-3.23146096548e-08
1.17996135992e-08	-4.18917451839e-08
1.18195105688e-08	-5.0619505032e-08
1.18394075384e-08	-5.9136056052e-08
1.18593045081e-08	-6.76495730545e-08
1.18792014777e-08	-7.57524460937e-08
1.18990984473e-08	-8.24731714033e-08
1.1918995417e-08	-8.64932871991e-08
1.19388923866e-08	-8.64176712412e-08
1.19587893562e-08	-8.10892117897e-08
1.19786863259e-08	-6.98053810311e-08
1.19985832955e-08	-5.24941548008e-08
1.20184802651e-08	-2.98811357879e-08
1.20383772348e-08	-3.46760775649e-09
1.20582742044e-08	2.46088251998e-08
1.2078171174e-08	5.18788922932e-08
1.20980681437e-08	7.59039693321e-08
1.21179651133e-08	9.45858857904e-08
1.21378620829e-08	1.06423335922e-07
1.21577590526e-08	1.10568628031e-07
1.21776560222e-08	1.06895775787e-07
1.21975529918e-08	9.60027222163e-08
1.22174499615e-08	7.91559884306e-08
1.22373469311e-08	5.81095633834e-08
1.22572439007e-08	3.49432554003e-08
1.22771408704e-08	1.17396181665e-08
1.229703784e-08	-9.64837809647e-09
1.23169348096e-08	-2.78696852263e-08
1.23368317793e-08	-4.21811598983e-08
1.23567287489e-08	-5.25680690089e-08
1.23766257185e-08	-5.95737361664e-08
1.23965226882e-08	-6.40458281964e-08
1.24164196578e-08	-6.67988828695e-08
1.24363166274e-08	-6.83325183104e-08
1.24562135971e-08	-6.86849119802e-08
1.24761105667e-08	-6.75199984812e-08
1.24960075364e-08	-6.43006856649e-08
1.2515904506e-08	-5.84603405684e-08
1.25358014756e-08	-4.95373875253e-08
1.25556984453e-08	-3.72915458513e-08
1.25755954149e-08	-2.18103242133e-08
1.25954923845e-08	-3.58221208252e-09
1.26153893542e-08	1.64364113431e-08
1.26352863238e-08	3.68705777021e-08
1.26551832934e-08	5.60700712526e-08
1.26750802631e-08	7.23258750668e-08
1.26949772327e-08	8.40550313796e-08
1.27148742023e-08	9.00194621067e-08
1.2734771172e-08	8.95297986858e-08
1.27546681416e-08	8.25841866003e-08
1.27745651112e-08	6.99701772078e-08
1.27944620809e-08	5.31829975614e-08
1.28143590505e-08	3.41559065475e-08
1.28342560201e-08	1.49098084989e-08
1.28541529898e-08	-2.84724377408e-09
1.28740499594e-08	-1.80073289613e-08
1.2893946929e-08	-3.01488398691e-08
1.29138438987e-08	-3.94782944113e-08
1.29337408683e-08	-4.66144385314e-08
1.29536378379e-08	-5.22670298153e-08
1.29735348076e-08	-5.69721905208e-08
1.29934317772e-08	-6.08923329537e-08
1.30133287468e-08	-6.3764652225e-08
1.30332257165e-08	-6.50115623557e-08
1.30531226861e-08	-6.39129140723e-08
1.30730196557e-08	-5.98089826553e-08
1.30929166254e-08	-5.22275200865e-08
1.3112813595e-08	-4.09316740502e-08
1.31327105646e-08	-2.60420023324e-08
1.31526075343e-08	-8.03830957352e-09
1.31725045039e-08	1.21207959225e-08
1.31924014735e-08	3.30406351168e-08
1.32122984432e-08	5.29786134962e-08
1.32321954128e-08	7.00650133467e-08
1.32520923825e-08	8.25703097007e-08
1.32719893521e-08	8.92022669063e-08
1.32918863217e-08	8.9257177649e-08
1.33117832914e-08	8.27802253411e-08
1.3331680261e-08	7.05287490632e-08
1.33515772306e-08	5.38457918253e-08
1.33714742003e-08	3.4458572884e-08
1.33913711699e-08	1.42064777719e-08
1.34112681395e-08	-5.20116749669e-09
1.34311651092e-08	-2.23829790258e-08
1.34510620788e-08	-3.63864245401e-08
1.34709590484e-08	-4.67341401134e-08
1.34908560181e-08	-5.33980148987e-08
1.35107529877e-08	-5.67320519451e-08
1.35306499573e-08	-5.73309151264e-08
1.3550546927e-08	-5.5908426333e-08
1.35704438966e-08	-5.31511652468e-08
1.35903408662e-08	-4.9606331487e-08
1.36102378359e-08	-4.55692159562e-08
1.36301348055e-08	-4.10685849772e-08
1.36500317751e-08	-3.58007454793e-08
1.36699287448e-08	-2.92396435952e-08
1.36898257144e-08	-2.07929069518e-08
1.3709722684e-08	-1.00729522501e-08
1.37296196537e-08	2.91318302814e-09
1.37495166233e-08	1.75961414328e-08
1.37694135929e-08	3.29325722248e-08
1.37893105626e-08	4.75147317047e-08
1.38092075322e-08	5.98841936039e-08
1.38291045018e-08	6.87034287239e-08
1.38490014715e-08	7.29842568603e-08
1.38688984411e-08	7.22384783103e-08
1.38887954107e-08	6.65154047397e-08
1.39086923804e-08	5.64137110359e-08
1.392858935e-08	4.29441442407e-08
1.39484863196e-08	2.73586255872e-08
1.39683832893e-08	1.09699982431e-08
1.39882802589e-08	-4.98599295184e-09
1.40081772286e-08	-1.94676559317e-08
1.40280741982e-08	-3.16564126024e-08
1.40479711678e-08	-4.10934468675e-08
1.40678681375e-08	-4.76370587421e-08
1.40877651071e-08	-5.14907654292e-08
1.41076620767e-08	-5.30628270212e-08
1.41275590464e-08	-5.28246566489e-08
1.4147456016e-08	-5.11569737682e-08
1.41673529856e-08	-4.83184443567e-08
1.41872499553e-08	-4.43759518021e-08
1.42071469249e-08	-3.92577383934e-08
1.42270438945e-08	-3.27440616843e-08
1.42469408642e-08	-2.45637590268e-08
1.42668378338e-08	-1.44824410242e-08
1.42867348034e-08	-2.50082687892e-09
1.43066317731e-08	1.10332898373e-08
1.43265287427e-08	2.53640610737e-08
1.43464257123e-08	3.93929724396e-08
1.4366322682e-08	5.18322558207e-08
1.43862196516e-08	6.13886115275e-08
1.44061166212e-08	6.69473436687e-08
1.44260135909e-08	6.77475071598e-08
1.44459105605e-08	6.3532397121e-08
1.44658075301e-08	5.464880104e-08
1.44857044998e-08	4.20037729043e-08
1.45056014694e-08	2.693808554e-08
1.4525498439e-08	1.09934816805e-08
1.45453954087e-08	-4.34012603634e-09
1.45652923783e-08	-1.78170598275e-08
1.45851893479e-08	-2.85641910125e-08
1.46050863176e-08	-3.61680037031e-08
1.46249832872e-08	-4.06541005304e-08
1.46448802568e-08	-4.24460075976e-08
1.46647772265e-08	-4.22043839876e-08
1.46846741961e-08	-4.06595717095e-08
1.47045711657e-08	-3.84326810376e-08
1.47244681354e-08	-3.59490393009e-08
1.4744365105e-08	-3.3375304298e-08
1.47642620747e-08	-3.06305985021e-08
1.47841590443e-08	-2.7391832802e-08
1.48040560139e-08	-2.31768719772e-08
1.48239529836e-08	-1.7468366309e-08
1.48438499532e-08	-9.87602533087e-09
1.48637469228e-08	-3.38460537375e-10
1.48836438925e-08	1.07994022613e-08
1.49035408621e-08	2.27924488172e-08
1.49234378317e-08	3.46122241979e-08
1.49433348014e-08	4.51036292759e-08
1.4963231771e-08	5.31332773335e-08
1.49831287406e-08	5.77702117255e-08
1.50030257103e-08	5.84057850972e-08
1.50229226799e-08	5.48530714184e-08
1.50428196495e-08	4.73778456467e-08
1.50627166192e-08	3.66260586304e-08
1.50826135888e-08	2.35170016794e-08
1.51025105584e-08	9.1208072206e-09
1.51224075281e-08	-5.43186873259e-09
1.51423044977e-08	-1.90380156084e-08
1.51622014673e-08	-3.07007290701e-08
1.5182098437e-08	-3.96795236668e-08
1.52019954066e-08	-4.5558671502e-08
1.52218923762e-08	-4.83064717116e-08
1.52417893459e-08	-4.82173234673e-08
1.52616863155e-08	-4.58016877758e-08
1.52815832851e-08	-4.16672492065e-08
1.53014802548e-08	-3.64028096556e-08
1.53213772244e-08	-3.04601499579e-08
1.5341274194e-08	-2.41025173153e-08
1.53611711637e-08	-1.73301906159e-08
1.53810681333e-08	-9.97107907352e-09
1.54009651029e-08	-1.8113688327e-09
1.54208620726e-08	7.22119875007e-09
1.54407590422e-08	1.69235256919e-08
1.54606560118e-08	2.67820059463e-08
1.54805529815e-08	3.60739953464e-08
1.55004499511e-08	4.39558043297e-08
1.55203469208e-08	4.96214802581e-08
1.55402438904e-08	5.23848093792e-08
1.556014086e-08	5.17731066907e-08
1.55800378297e-08	4.76188546372e-08
1.55999347993e-08	4.01101800662e-08
1.56198317689e-08	2.97806241889e-08
1.56397287386e-08	1.74818488574e-08
1.56596257082e-08	4.24109147801e-09
1.56795226778e-08	-8.82618067521e-09
1.56994196475e-08	-2.06579162665e-08
1.57193166171e-08	-3.03659746237e-08
1.57392135867e-08	-3.73567417e-08
1.57591105564e-08	-4.13707681446e-08
1.5779007526e-08	-4.25357349343e-08
1.57989044956e-08	-4.12837088959e-08
1.58188014653e-08	-3.82178164671e-08
1.58386984349e-08	-3.40173009761e-08
1.58585954045e-08	-2.92748083552e-08
1.58784923742e-08	-2.44095907931e-08
