% time-domain current integration by openEMS v0.0.36 @Tue Jan 20 03:35:05 2026
% start-coordinates: (-0.00505,0.00085,-0) m -> [19,107,20]
% stop-coordinates: (-0.005,0.0014,-0) m -> [20,118,20]
% t/s	current
4.81458286137e-14	0
4.16461417508e-11	7.62278129507e-10
8.32441376731e-11	1.32201849468e-09
1.24842133595e-10	1.50357981621e-09
1.66440129517e-10	1.00017487348e-10
2.0803812544e-10	-4.68446303969e-09
2.49636121362e-10	-1.44407978908e-08
2.91234117284e-10	-3.02467384472e-08
3.32832113206e-10	-4.96566627817e-08
3.74430109129e-10	-6.4246584941e-08
4.16028105051e-10	-5.75144767367e-08
4.57626100973e-10	-6.16392403785e-09
4.99224096895e-10	1.1284019763e-07
5.40822092817e-10	3.08459448206e-07
5.8242008874e-10	5.57411055979e-07
6.24018084662e-10	7.89319642536e-07
6.65616080584e-10	8.86281156909e-07
7.07214076506e-10	7.07328695171e-07
7.48812072429e-10	1.40110870461e-07
7.90410068351e-10	-8.31963177461e-07
8.32008064273e-10	-2.07368066185e-06
8.73606060195e-10	-3.2862592434e-06
9.15204056117e-10	-4.06386334362e-06
9.5680205204e-10	-4.01648549087e-06
9.98400047962e-10	-2.92356480713e-06
1.03999804388e-09	-8.57643726704e-07
1.08159603981e-09	1.78292009423e-06
1.12319403573e-09	4.36292293671e-06
1.16479203165e-09	6.20117543804e-06
1.20639002757e-09	6.79564345774e-06
1.2479880235e-09	5.99476834395e-06
1.28958601942e-09	4.04579577662e-06
