% time-domain current integration by openEMS v0.0.36 @Thu Jan 22 08:34:31 2026
% start-coordinates: (-0.0258065,0.0092,0) m -> [43,62,7]
% stop-coordinates: (-0.0258065,0.013,0.00227273) m -> [43,67,10]
% t/s	current
7.10606058365e-13	0
2.06075756926e-11	0
4.05045453268e-11	-1.12865593394e-17
6.0401514961e-11	-1.09963236433e-11
8.02984845953e-11	-2.69634981009e-10
1.00195454229e-10	-1.31833455264e-09
1.20092423864e-10	-7.51977680125e-09
1.39989393498e-10	-6.8414220955e-09
1.59886363132e-10	-1.27983001974e-09
1.79783332766e-10	2.43249225207e-08
1.99680302401e-10	8.85050184252e-08
2.19577272035e-10	2.14239008756e-07
2.39474241669e-10	4.17478048576e-07
2.59371211303e-10	6.82522340867e-07
2.79268180937e-10	9.28788267629e-07
2.99165150572e-10	9.77366994448e-07
3.19062120206e-10	5.42022917216e-07
3.3895908984e-10	-7.20829177681e-07
3.58856059474e-10	-3.08647827296e-06
3.78753029109e-10	-6.56785869069e-06
3.98649998743e-10	-1.07146133814e-05
4.18546968377e-10	-1.45128642544e-05
4.38443938011e-10	-1.64989087352e-05
4.58340907645e-10	-1.51412486957e-05
4.7823787728e-10	-9.42235146795e-06
4.98134846914e-10	5.83583016578e-07
5.18031816548e-10	1.34151905513e-05
5.37928786182e-10	2.64197969955e-05
5.57825755817e-10	3.64632396668e-05
5.77722725451e-10	4.09288004448e-05
5.97619695085e-10	3.86124229408e-05
6.17516664719e-10	3.01323452732e-05
6.37413634353e-10	1.76784851647e-05
6.57310603988e-10	4.22128050559e-06
6.77207573622e-10	-7.46532668927e-06
6.97104543256e-10	-1.55624602485e-05
7.1700151289e-10	-1.94854437723e-05
7.36898482525e-10	-1.96738437808e-05
7.56795452159e-10	-1.70999010152e-05
7.76692421793e-10	-1.27795410663e-05
7.96589391427e-10	-7.49830041968e-06
8.16486361061e-10	-1.8010863414e-06
8.36383330696e-10	3.85364501199e-06
8.5628030033e-10	8.93929973245e-06
8.76177269964e-10	1.28332594613e-05
8.96074239598e-10	1.49435800267e-05
9.15971209233e-10	1.49187962961e-05
9.35868178867e-10	1.28206429508e-05
9.55765148501e-10	9.16151020647e-06
9.75662118135e-10	4.77727326142e-06
9.95559087769e-10	5.86350495269e-07
1.0154560574e-09	-2.66729739451e-06
1.03535302704e-09	-4.58962858829e-06
1.05524999667e-09	-5.17783519172e-06
1.07514696631e-09	-4.73567206427e-06
1.09504393594e-09	-3.71339660887e-06
1.11494090557e-09	-2.5482147521e-06
1.13483787521e-09	-1.56181317834e-06
1.15473484484e-09	-9.25918755001e-07
1.17463181448e-09	-6.93316053457e-07
1.19452878411e-09	-8.57035161062e-07
1.21442575375e-09	-1.39691792356e-06
1.23432272338e-09	-2.28552289627e-06
1.25421969301e-09	-3.45139596902e-06
1.27411666265e-09	-4.71369912702e-06
1.29401363228e-09	-5.73523993808e-06
1.31391060192e-09	-6.03013768341e-06
1.33380757155e-09	-5.06937612954e-06
1.35370454119e-09	-2.47047910307e-06
1.37360151082e-09	1.77747529051e-06
1.39349848045e-09	7.15617306923e-06
1.41339545009e-09	1.26283139252e-05
1.43329241972e-09	1.68650185515e-05
1.45318938936e-09	1.86507804756e-05
1.47308635899e-09	1.73270855157e-05
1.49298332863e-09	1.30833814183e-05
1.51288029826e-09	6.95246808391e-06
1.53277726789e-09	4.84134545786e-07
1.55267423753e-09	-4.78054289488e-06
1.57257120716e-09	-7.81659036875e-06
1.5924681768e-09	-8.39530457597e-06
1.61236514643e-09	-7.03984824213e-06
1.63226211606e-09	-4.70966460853e-06
1.6521590857e-09	-2.38277789322e-06
1.67205605533e-09	-7.23461710095e-07
1.69195302497e-09	5.05278485718e-08
1.7118499946e-09	9.66150039972e-08
1.73174696424e-09	-2.43895641461e-07
1.75164393387e-09	-6.42357065317e-07
1.7715409035e-09	-9.06061700334e-07
1.79143787314e-09	-9.99726353257e-07
1.81133484277e-09	-9.92045784187e-07
1.83123181241e-09	-9.7148893019e-07
1.85112878204e-09	-9.73318265096e-07
1.87102575168e-09	-9.44343696574e-07
1.89092272131e-09	-7.54379414047e-07
1.91081969094e-09	-2.49961800591e-07
1.93071666058e-09	6.66220387302e-07
1.95061363021e-09	1.9584877009e-06
1.97051059985e-09	3.41679992744e-06
1.99040756948e-09	4.678942787e-06
2.01030453911e-09	5.32364992978e-06
2.03020150875e-09	5.01340082337e-06
2.05009847838e-09	3.63811636817e-06
2.06999544802e-09	1.39909786867e-06
2.08989241765e-09	-1.21255777685e-06
2.10978938729e-09	-3.55113502337e-06
2.12968635692e-09	-5.02134798808e-06
2.14958332655e-09	-5.27924021299e-06
2.16948029619e-09	-4.3457503125e-06
2.18937726582e-09	-2.58821114585e-06
2.20927423546e-09	-5.77115599754e-07
2.22917120509e-09	1.11878011921e-06
2.24906817473e-09	2.11681708606e-06
2.26896514436e-09	2.31455896937e-06
2.28886211399e-09	1.87062039458e-06
2.30875908363e-09	1.09705194973e-06
2.32865605326e-09	3.19449213748e-07
2.3485530229e-09	-2.34064458482e-07
2.36844999253e-09	-4.80937615066e-07
2.38834696217e-09	-4.66109355557e-07
2.4082439318e-09	-3.03474934071e-07
2.42814090143e-09	-1.10769548201e-07
2.44803787107e-09	3.43349206844e-08
2.4679348407e-09	1.07201046262e-07
2.48783181034e-09	1.23425962784e-07
2.50772877997e-09	1.15355739183e-07
2.5276257496e-09	1.11284322202e-07
2.54752271924e-09	1.25587760635e-07
2.56741968887e-09	1.58851591436e-07
2.58731665851e-09	2.02696057272e-07
2.60721362814e-09	2.42390001404e-07
2.62711059778e-09	2.55428062701e-07
2.64700756741e-09	2.09016320696e-07
2.66690453704e-09	6.48971578698e-08
2.68680150668e-09	-2.04996183584e-07
2.70669847631e-09	-5.93502022639e-07
2.72659544595e-09	-1.03778654648e-06
2.74649241558e-09	-1.41984435231e-06
2.76638938522e-09	-1.59781222919e-06
2.78628635485e-09	-1.46229069742e-06
2.80618332448e-09	-9.93244157144e-07
2.82608029412e-09	-2.86272324956e-07
2.84597726375e-09	4.71104755206e-07
2.86587423339e-09	1.06852121462e-06
2.88577120302e-09	1.35543700708e-06
2.90566817265e-09	1.29709189878e-06
2.92556514229e-09	9.77327431428e-07
2.94546211192e-09	5.49774256342e-07
2.96535908156e-09	1.66324838347e-07
2.98525605119e-09	-8.10116631556e-08
3.00515302083e-09	-1.80524068583e-07
3.02504999046e-09	-1.81872280791e-07
3.04494696009e-09	-1.56905812787e-07
3.06484392973e-09	-1.62429770967e-07
3.08474089936e-09	-2.20105249582e-07
3.104637869e-09	-3.14851632766e-07
3.12453483863e-09	-4.05332770015e-07
3.14443180827e-09	-4.38991008878e-07
3.1643287779e-09	-3.67491225006e-07
3.18422574753e-09	-1.62975752005e-07
3.20412271717e-09	1.6621947907e-07
3.2240196868e-09	5.64326853691e-07
3.24391665644e-09	9.29202428779e-07
3.26381362607e-09	1.13294868243e-06
3.28371059571e-09	1.06105153463e-06
3.30360756534e-09	6.60719251755e-07
3.32350453497e-09	-2.17086117971e-08
3.34340150461e-09	-8.33709918879e-07
3.36329847424e-09	-1.552055096e-06
3.38319544388e-09	-1.95369966605e-06
3.40309241351e-09	-1.89726540611e-06
3.42298938314e-09	-1.38130837968e-06
3.44288635278e-09	-5.51519178771e-07
3.46278332241e-09	3.49041584968e-07
3.48268029205e-09	1.06714480808e-06
3.50257726168e-09	1.42777855672e-06
3.52247423132e-09	1.38700488606e-06
3.54237120095e-09	1.03071909052e-06
3.56226817058e-09	5.24503150245e-07
3.58216514022e-09	4.24566977131e-08
3.60206210985e-09	-2.94527211508e-07
3.62195907949e-09	-4.46208787253e-07
3.64185604912e-09	-4.44091142526e-07
3.66175301876e-09	-3.57538993967e-07
3.68164998839e-09	-2.553000229e-07
3.70154695802e-09	-1.78729720801e-07
3.72144392766e-09	-1.33337820785e-07
3.74134089729e-09	-9.59126253974e-08
3.76123786693e-09	-3.02316216505e-08
3.78113483656e-09	9.50230187868e-08
3.80103180619e-09	2.90573296979e-07
3.82092877583e-09	5.35671176749e-07
3.84082574546e-09	7.76050285367e-07
3.8607227151e-09	9.32656860186e-07
3.88061968473e-09	9.22616436583e-07
3.90051665437e-09	6.88004831773e-07
3.920413624e-09	2.24163954954e-07
3.94031059363e-09	-4.03409160299e-07
3.96020756327e-09	-1.06359800611e-06
3.9801045329e-09	-1.58890418334e-06
4.00000150254e-09	-1.82399367077e-06
4.01989847217e-09	-1.67890448211e-06
4.03979544181e-09	-1.16725868793e-06
4.05969241144e-09	-4.11909724107e-07
4.07958938107e-09	3.88655905681e-07
4.09948635071e-09	1.02417232029e-06
4.11938332034e-09	1.34298932153e-06
4.13928028998e-09	1.30065836856e-06
4.15917725961e-09	9.67081518866e-07
4.17907422925e-09	4.89869137255e-07
4.19897119888e-09	3.24140252417e-08
4.21886816851e-09	-2.85695790581e-07
4.23876513815e-09	-4.21410902618e-07
4.25866210778e-09	-4.04552423561e-07
4.27855907742e-09	-3.06333618028e-07
4.29845604705e-09	-1.98765192749e-07
4.31835301668e-09	-1.24509739408e-07
4.33824998632e-09	-8.67565006502e-08
4.35814695595e-09	-5.86161732485e-08
4.37804392559e-09	-2.85223822338e-09
4.39794089522e-09	1.07747368361e-07
4.41783786486e-09	2.76759777762e-07
4.43773483449e-09	4.79405343867e-07
4.45763180412e-09	6.66335665755e-07
4.47752877376e-09	7.74328441366e-07
4.49742574339e-09	7.42415295463e-07
4.51732271303e-09	5.31188504738e-07
4.53721968266e-09	1.41662511055e-07
4.5571166523e-09	-3.73755568717e-07
4.57701362193e-09	-9.13569238037e-07
4.59691059156e-09	-1.34773654281e-06
4.6168075612e-09	-1.55308839567e-06
4.63670453083e-09	-1.45422814057e-06
4.65660150047e-09	-1.05454739696e-06
4.6764984701e-09	-4.4377662789e-07
4.69639543973e-09	2.25065519999e-07
4.71629240937e-09	7.82836195867e-07
4.736189379e-09	1.09931204406e-06
4.75608634864e-09	1.12420684673e-06
4.77598331827e-09	8.98093787782e-07
4.79588028791e-09	5.29015267148e-07
4.81577725754e-09	1.47017090057e-07
4.83567422717e-09	-1.43841674571e-07
4.85557119681e-09	-2.95405129691e-07
4.87546816644e-09	-3.18272640243e-07
4.89536513608e-09	-2.60948155528e-07
4.91526210571e-09	-1.79153204272e-07
4.93515907535e-09	-1.10790580266e-07
4.95505604498e-09	-6.55945413541e-08
4.97495301461e-09	-2.98111721975e-08
4.99484998425e-09	2.03734700222e-08
5.01474695388e-09	1.04394210609e-07
5.03464392352e-09	2.26984781193e-07
5.05454089315e-09	3.73445942614e-07
5.07443786279e-09	5.10458960434e-07
5.09433483242e-09	5.91684511164e-07
5.11423180205e-09	5.68785878841e-07
5.13412877169e-09	4.06561980526e-07
5.15402574132e-09	9.93107960312e-08
5.17392271096e-09	-3.1722979088e-07
5.19381968059e-09	-7.64959338539e-07
5.21371665022e-09	-1.13747069008e-06
5.23361361986e-09	-1.32826949084e-06
5.25351058949e-09	-1.26546535739e-06
5.27340755913e-09	-9.40746815559e-07
5.29330452876e-09	-4.20430495751e-07
5.3132014984e-09	1.69193071997e-07
5.33309846803e-09	6.79093261624e-07
5.35299543766e-09	9.8543932836e-07
5.3728924073e-09	1.02944568425e-06
5.39278937693e-09	8.34135846617e-07
5.41268634657e-09	4.90391983021e-07
5.4325833162e-09	1.19901557127e-07
5.45248028584e-09	-1.70080667772e-07
5.47237725547e-09	-3.20716139868e-07
5.4922742251e-09	-3.32238840883e-07
5.51217119474e-09	-2.50403644486e-07
5.53206816437e-09	-1.37639588615e-07
5.55196513401e-09	-4.40445013794e-08
5.57186210364e-09	1.02178114858e-08
5.59175907327e-09	3.55777736161e-08
5.61165604291e-09	6.07214900583e-08
5.63155301254e-09	1.14183940525e-07
5.65144998218e-09	2.09014444863e-07
5.67134695181e-09	3.34619812747e-07
5.69124392145e-09	4.5762229206e-07
5.71114089108e-09	5.30230011009e-07
5.73103786071e-09	5.04081526742e-07
5.75093483035e-09	3.46477520452e-07
5.77083179998e-09	5.53982815177e-08
5.79072876962e-09	-3.31612540094e-07
5.81062573925e-09	-7.39520885418e-07
5.83052270889e-09	-1.07092819235e-06
5.85041967852e-09	-1.23228460325e-06
5.87031664815e-09	-1.1637426951e-06
5.89021361779e-09	-8.62525098455e-07
5.91011058742e-09	-3.89920927546e-07
5.93000755706e-09	1.42538397085e-07
5.94990452669e-09	6.05320622071e-07
5.96980149633e-09	8.90667138265e-07
5.98969846596e-09	9.46202362684e-07
6.00959543559e-09	7.88852219102e-07
6.02949240523e-09	4.94333960432e-07
6.04938937486e-09	1.66058697459e-07
6.0692863445e-09	-1.02635155486e-07
6.08918331413e-09	-2.58085748328e-07
6.10908028376e-09	-2.96182719239e-07
6.1289772534e-09	-2.51433704079e-07
6.14887422303e-09	-1.72723119363e-07
6.16877119267e-09	-9.88217649933e-08
6.1886681623e-09	-4.41365415327e-08
6.20856513194e-09	7.24727722279e-10
6.22846210157e-09	5.69473925793e-08
6.2483590712e-09	1.41642843232e-07
6.26825604084e-09	2.55945593608e-07
6.28815301047e-09	3.81156894491e-07
6.30804998011e-09	4.82998700591e-07
6.32794694974e-09	5.21476579252e-07
6.34784391938e-09	4.62534615053e-07
6.36774088901e-09	2.89070101189e-07
6.38763785864e-09	9.05818708929e-09
6.40753482828e-09	-3.40778711916e-07
6.42743179791e-09	-6.98007283972e-07
6.44732876755e-09	-9.85439100987e-07
6.46722573718e-09	-1.12923009965e-06
6.48712270681e-09	-1.08036294932e-06
6.50701967645e-09	-8.32772798276e-07
6.52691664608e-09	-4.30875331858e-07
6.54681361572e-09	3.83765801359e-08
6.56671058535e-09	4.68311981194e-07
6.58660755499e-09	7.6341774502e-07
6.60650452462e-09	8.67782205205e-07
6.62640149425e-09	7.80511925313e-07
6.64629846389e-09	5.52388826236e-07
6.66619543352e-09	2.65165880364e-07
6.68609240316e-09	2.26799001801e-09
6.70598937279e-09	-1.77815962843e-07
6.72588634243e-09	-2.5522138003e-07
6.74578331206e-09	-2.46064132625e-07
6.76568028169e-09	-1.86634707688e-07
6.78557725133e-09	-1.1341879258e-07
6.80547422096e-09	-4.79639048478e-08
6.8253711906e-09	7.5404766875e-09
6.84526816023e-09	6.4507254649e-08
6.86516512987e-09	1.36248246463e-07
6.8850620995e-09	2.26944393944e-07
6.90495906913e-09	3.25779069499e-07
6.92485603877e-09	4.07671052471e-07
6.9447530084e-09	4.39753335968e-07
6.96464997804e-09	3.90983956322e-07
6.98454694767e-09	2.42925239036e-07
7.0044439173e-09	-1.24665877621e-09
7.02434088694e-09	-3.1147055779e-07
7.04423785657e-09	-6.32540491097e-07
7.06413482621e-09	-8.93694675597e-07
7.08403179584e-09	-1.02606406926e-06
7.10392876548e-09	-9.83102836472e-07
7.12382573511e-09	-7.57883867664e-07
7.14372270474e-09	-3.90223902969e-07
7.16361967438e-09	4.05720186336e-08
7.18351664401e-09	4.3644038783e-07
7.20341361365e-09	7.08705499619e-07
7.22331058328e-09	8.04402418453e-07
7.24320755292e-09	7.20947809896e-07
7.26310452255e-09	5.04238641952e-07
7.28300149218e-09	2.30484218378e-07
7.30289846182e-09	-2.07102672789e-08
7.32279543145e-09	-1.91692251406e-07
7.34269240109e-09	-2.61193662254e-07
7.36258937072e-09	-2.4327795245e-07
7.38248634035e-09	-1.73433974737e-07
7.40238330999e-09	-8.92574476552e-08
7.42228027962e-09	-1.47005447815e-08
7.44217724926e-09	4.56993944908e-08
7.46207421889e-09	1.02022404747e-07
7.48197118853e-09	1.67376654758e-07
7.50186815816e-09	2.46127967785e-07
7.52176512779e-09	3.27500515596e-07
7.54166209743e-09	3.86845641742e-07
7.56155906706e-09	3.93460794612e-07
7.5814560367e-09	3.21532326097e-07
7.60135300633e-09	1.6040506523e-07
7.62124997597e-09	-7.89279113178e-08
7.6411469456e-09	-3.62499065432e-07
7.66104391523e-09	-6.38245296614e-07
7.68094088487e-09	-8.4617408902e-07
7.7008378545e-09	-9.326770396e-07
7.72073482414e-09	-8.65581000653e-07
7.74063179377e-09	-6.45759484996e-07
7.76052876341e-09	-3.11042157364e-07
7.78042573304e-09	7.04736322632e-08
7.80032270267e-09	4.16911120737e-07
7.82021967231e-09	6.54706809655e-07
7.84011664194e-09	7.3917044574e-07
7.86001361158e-09	6.66668654503e-07
7.87991058121e-09	4.73724838912e-07
7.89980755084e-09	2.23540496336e-07
7.91970452048e-09	-1.50835148816e-08
7.93960149011e-09	-1.88628348496e-07
7.95949845975e-09	-2.7198780117e-07
7.97939542938e-09	-2.69941125453e-07
7.99929239902e-09	-2.07966635912e-07
8.01918936865e-09	-1.17655297061e-07
8.03908633828e-09	-2.36014106036e-08
8.05898330792e-09	6.29479899317e-08
8.07888027755e-09	1.4228791656e-07
8.09877724719e-09	2.18635292981e-07
8.11867421682e-09	2.91715139156e-07
8.13857118646e-09	3.51903366891e-07
8.15846815609e-09	3.80933897759e-07
8.17836512572e-09	3.57713162202e-07
8.19826209536e-09	2.66169536189e-07
8.21815906499e-09	1.025059575e-07
8.23805603463e-09	-1.20538700799e-07
8.25795300426e-09	-3.73291896949e-07
8.27784997389e-09	-6.12763699337e-07
8.29774694353e-09	-7.90222827618e-07
8.31764391316e-09	-8.61788237216e-07
8.3375408828e-09	-8.00319185146e-07
8.35743785243e-09	-6.05271281984e-07
8.37733482207e-09	-3.0703296261e-07
8.3972317917e-09	3.73899666783e-08
8.41712876133e-09	3.57112355687e-07
8.43702573097e-09	5.85923146446e-07
8.4569227006e-09	6.80493315031e-07
8.47681967024e-09	6.32406397472e-07
8.49671663987e-09	4.69482699827e-07
8.51661360951e-09	2.45840652724e-07
8.53651057914e-09	2.42588473753e-08
8.55640754877e-09	-1.42948167081e-07
8.57630451841e-09	-2.27731106861e-07
8.59620148804e-09	-2.30185165151e-07
8.61609845768e-09	-1.72374669205e-07
8.63599542731e-09	-8.54994297583e-08
8.65589239695e-09	3.23826632176e-09
8.67578936658e-09	7.90726133459e-08
8.69568633621e-09	1.40140826943e-07
8.71558330585e-09	1.91866007526e-07
8.73548027548e-09	2.38574159539e-07
8.75537724512e-09	2.7702409966e-07
8.77527421475e-09	2.94812622315e-07
8.79517118438e-09	2.74058749028e-07
8.81506815402e-09	1.98589503952e-07
8.83496512365e-09	6.17605948605e-08
8.85486209329e-09	-1.27929951077e-07
8.87475906292e-09	-3.45335195107e-07
8.89465603256e-09	-5.52026165224e-07
8.91455300219e-09	-7.03978798811e-07
8.93444997182e-09	-7.62086528994e-07
8.95434694146e-09	-7.03035766492e-07
8.97424391109e-09	-5.27665292793e-07
8.99414088073e-09	-2.63826620994e-07
9.01403785036e-09	3.80331783845e-08
9.03393482e-09	3.16253078836e-07
9.05383178963e-09	5.14012185704e-07
9.07372875926e-09	5.9473256897e-07
9.0936257289e-09	5.52220512873e-07
9.11352269853e-09	4.11338476169e-07
9.13341966817e-09	2.19227231923e-07
9.1533166378e-09	2.99125559877e-08
9.17321360744e-09	-1.11974770789e-07
9.19311057707e-09	-1.82656748393e-07
9.2130075467e-09	-1.8237852828e-07
9.23290451634e-09	-1.30133599896e-07
9.25280148597e-09	-5.29181747311e-08
9.27269845561e-09	2.54589220816e-08
9.29259542524e-09	9.16223470426e-08
9.31249239487e-09	1.43391702068e-07
9.33238936451e-09	1.85112057238e-07
9.35228633414e-09	2.20241091142e-07
9.37218330378e-09	2.45753994932e-07
9.39208027341e-09	2.50776366784e-07
9.41197724305e-09	2.20340908186e-07
9.43187421268e-09	1.41961166378e-07
9.45177118231e-09	1.23915278039e-08
9.47166815195e-09	-1.58343681278e-07
9.49156512158e-09	-3.46800561601e-07
9.51146209122e-09	-5.19846935276e-07
9.53135906085e-09	-6.41389021894e-07
9.55125603049e-09	-6.8055283009e-07
9.57115300012e-09	-6.19988043127e-07
9.59104996975e-09	-4.61881285219e-07
9.61094693939e-09	-2.30088105013e-07
9.63084390902e-09	3.35709202659e-08
9.65074087866e-09	2.78066238479e-07
9.67063784829e-09	4.55720595482e-07
9.69053481792e-09	5.34401749519e-07
9.71043178756e-09	5.06121637045e-07
9.73032875719e-09	3.88624926018e-07
9.75022572683e-09	2.19708823579e-07
9.77012269646e-09	4.56103492752e-08
9.7900196661e-09	-9.23685945509e-08
9.80991663573e-09	-1.68804803025e-07
9.82981360536e-09	-1.7874799596e-07
9.849710575e-09	-1.35170111548e-07
9.86960754463e-09	-6.09131092233e-08
9.88950451427e-09	2.0938699663e-08
9.9094014839e-09	9.43158582345e-08
9.92929845354e-09	1.52559621824e-07
9.94919542317e-09	1.95928890889e-07
9.9690923928e-09	2.26419615501e-07
9.98898936244e-09	2.42835483277e-07
1.00088863321e-08	2.3856620146e-07
1.00287833017e-08	2.03101805596e-07
1.00486802713e-08	1.26624371433e-07
1.0068577241e-08	5.77528069812e-09
1.00884742106e-08	-1.51917348035e-07
1.01083711802e-08	-3.2666045513e-07
1.01282681499e-08	-4.89035016926e-07
1.01481651195e-08	-6.05981824719e-07
1.01680620891e-08	-6.48570676276e-07
1.01879590588e-08	-5.9977270439e-07
1.02078560284e-08	-4.59961938759e-07
1.0227752998e-08	-2.4904815632e-07
1.02476499677e-08	-3.71169628366e-09
1.02675469373e-08	2.29910583016e-07
1.0287443907e-08	4.07118676549e-07
1.03073408766e-08	4.96043128351e-07
1.03272378462e-08	4.86264241317e-07
1.03471348159e-08	3.91111683484e-07
1.03670317855e-08	2.43184246074e-07
1.03869287551e-08	8.40107929889e-08
1.04068257248e-08	-4.80122857027e-08
1.04267226944e-08	-1.27740079847e-07
1.0446619664e-08	-1.47977360143e-07
1.04665166337e-08	-1.18006596495e-07
1.04864136033e-08	-5.71430156526e-08
1.05063105729e-08	1.36731888034e-08
1.05262075426e-08	7.89075684793e-08
1.05461045122e-08	1.31450718754e-07
1.05660014818e-08	1.70986041326e-07
1.05858984515e-08	1.99210504093e-07
1.06057954211e-08	2.14916354935e-07
1.06256923907e-08	2.11602198874e-07
1.06455893604e-08	1.79020744895e-07
1.066548633e-08	1.07858767251e-07
1.06853832996e-08	-4.69649785728e-09
1.07052802693e-08	-1.50911006358e-07
1.07251772389e-08	-3.11836060973e-07
1.07450742085e-08	-4.59967708366e-07
1.07649711782e-08	-5.6503495216e-07
1.07848681478e-08	-6.01004671807e-07
1.08047651174e-08	-5.53181337182e-07
1.08246620871e-08	-4.22960113156e-07
1.08445590567e-08	-2.29359798709e-07
1.08644560263e-08	-5.85634030159e-09
1.0884352996e-08	2.06482013709e-07
1.09042499656e-08	3.68627922853e-07
1.09241469352e-08	4.52898802905e-07
1.09440439049e-08	4.49767526334e-07
1.09639408745e-08	3.69733271555e-07
1.09838378441e-08	2.4001502652e-07
1.10037348138e-08	9.6285333484e-08
1.10236317834e-08	-2.71360178772e-08
1.10435287531e-08	-1.06395674493e-07
1.10634257227e-08	-1.32635989303e-07
1.10833226923e-08	-1.11689274718e-07
1.1103219662e-08	-5.88966067028e-08
1.11231166316e-08	7.62221041839e-09
1.11430136012e-08	7.29446725245e-08
1.11629105709e-08	1.28028688096e-07
1.11828075405e-08	1.69208945522e-07
1.12027045101e-08	1.95198921915e-07
1.12226014798e-08	2.03934249043e-07
1.12424984494e-08	1.90747968531e-07
1.1262395419e-08	1.49208602807e-07
1.12822923887e-08	7.40583132597e-08
1.13021893583e-08	-3.47985391613e-08
1.13220863279e-08	-1.69102492009e-07
1.13419832976e-08	-3.11538855158e-07
1.13618802672e-08	-4.38133696434e-07
1.13817772368e-08	-5.2326140576e-07
1.14016742065e-08	-5.45698469523e-07
1.14215711761e-08	-4.94303037613e-07
1.14414681457e-08	-3.71610013872e-07
1.14613651154e-08	-1.9469139545e-07
1.1481262085e-08	7.35754301928e-09
1.15011590546e-08	1.98873976842e-07
1.15210560243e-08	3.45380300359e-07
1.15409529939e-08	4.21703958864e-07
1.15608499635e-08	4.18294291649e-07
1.15807469332e-08	3.43548776982e-07
1.16006439028e-08	2.21281283075e-07
1.16205408724e-08	8.39586604684e-08
1.16404378421e-08	-3.60988501313e-08
1.16603348117e-08	-1.14860533529e-07
1.16802317813e-08	-1.41578425428e-07
1.1700128751e-08	-1.19468580806e-07
1.17200257206e-08	-6.23185059112e-08
1.17399226902e-08	1.14206297752e-08
1.17598196599e-08	8.45191507892e-08
1.17797166295e-08	1.45009579455e-07
1.17996135992e-08	1.86882999742e-07
1.18195105688e-08	2.08208419394e-07
1.18394075384e-08	2.08041100791e-07
1.18593045081e-08	1.84198228226e-07
1.18792014777e-08	1.33278135195e-07
1.18990984473e-08	5.27150803009e-08
1.1918995417e-08	-5.59156383417e-08
1.19388923866e-08	-1.84267875625e-07
1.19587893562e-08	-3.16476644002e-07
1.19786863259e-08	-4.31078063912e-07
1.19985832955e-08	-5.05148989305e-07
1.20184802651e-08	-5.1986063454e-07
1.20383772348e-08	-4.65701248231e-07
1.20582742044e-08	-3.45997960949e-07
1.2078171174e-08	-1.7754672399e-07
1.20980681437e-08	1.20980896412e-08
1.21179651133e-08	1.90097310337e-07
1.21378620829e-08	3.25453498817e-07
1.21577590526e-08	3.96048903895e-07
1.21776560222e-08	3.93766669049e-07
1.21975529918e-08	3.26450276589e-07
1.22174499615e-08	2.1551714724e-07
1.22373469311e-08	9.0327056057e-08
1.22572439007e-08	-1.98291854048e-08
1.22771408704e-08	-9.29340373546e-08
1.229703784e-08	-1.19005868271e-07
1.23169348096e-08	-1.00646850854e-07
1.23368317793e-08	-5.00176078333e-08
1.23567287489e-08	1.63746811666e-08
1.23766257185e-08	8.28085404692e-08
1.23965226882e-08	1.37789996302e-07
1.24164196578e-08	1.74835776079e-07
1.24363166274e-08	1.91275120187e-07
1.24562135971e-08	1.85944273312e-07
1.24761105667e-08	1.57471973239e-07
1.24960075364e-08	1.03982742417e-07
1.2515904506e-08	2.46698910189e-08
1.25358014756e-08	-7.77690303266e-08
1.25556984453e-08	-1.94894326455e-07
1.25755954149e-08	-3.12094982746e-07
1.25954923845e-08	-4.10377367643e-07
1.26153893542e-08	-4.70217514703e-07
1.26352863238e-08	-4.76255451076e-07
1.26551832934e-08	-4.21584331889e-07
1.26750802631e-08	-3.1029173897e-07
1.26949772327e-08	-1.57652976895e-07
1.27148742023e-08	1.22372982858e-08
1.2734771172e-08	1.71106307789e-07
1.27546681416e-08	2.92407889901e-07
1.27745651112e-08	3.57275041551e-07
1.27944620809e-08	3.58738532213e-07
1.28143590505e-08	3.03320604189e-07
1.28342560201e-08	2.09015240671e-07
1.28541529898e-08	1.00674242276e-07
1.28740499594e-08	3.49634965424e-09
1.2893946929e-08	-6.29019538678e-08
1.29138438987e-08	-8.87154740781e-08
1.29337408683e-08	-7.5011378442e-08
1.29536378379e-08	-3.17763593216e-08
1.29735348076e-08	2.62473474066e-08
1.29934317772e-08	8.41989944433e-08
1.30133287468e-08	1.30626375494e-07
1.30332257165e-08	1.58866100719e-07
1.30531226861e-08	1.66381710187e-07
1.30730196557e-08	1.52894969574e-07
1.30929166254e-08	1.18660132387e-07
1.3112813595e-08	6.38664445773e-08
1.31327105646e-08	-1.06045465742e-08
1.31526075343e-08	-1.01475507108e-07
1.31725045039e-08	-2.01494898988e-07
1.31924014735e-08	-2.98804565091e-07
1.32122984432e-08	-3.7818091414e-07
1.32321954128e-08	-4.23754499934e-07
1.32520923825e-08	-4.2294837499e-07
1.32719893521e-08	-3.70118897308e-07
1.32918863217e-08	-2.6899769523e-07
1.33117832914e-08	-1.3296215684e-07
1.3331680261e-08	1.70992144888e-08
1.33515772306e-08	1.56752037128e-07
1.33714742003e-08	2.63117868826e-07
1.33913711699e-08	3.19850045116e-07
1.34112681395e-08	3.20802087117e-07
1.34311651092e-08	2.71461175316e-07
1.34510620788e-08	1.87540223351e-07
1.34709590484e-08	9.10333355364e-08
1.34908560181e-08	4.58901627809e-09
1.35107529877e-08	-5.39632587504e-08
1.35306499573e-08	-7.55511280204e-08
1.3550546927e-08	-6.10194348383e-08
1.35704438966e-08	-1.9428002318e-08
1.35903408662e-08	3.55740183977e-08
1.36102378359e-08	8.99973002788e-08
1.36301348055e-08	1.3279023392e-07
1.36500317751e-08	1.57417559876e-07
1.36699287448e-08	1.61418725497e-07
1.36898257144e-08	1.44895878407e-07
1.3709722684e-08	1.08737012283e-07
1.37296196537e-08	5.38674314043e-08
1.37495166233e-08	-1.83564967671e-08
1.37694135929e-08	-1.04665247136e-07
1.37893105626e-08	-1.98367786197e-07
1.38092075322e-08	-2.88754478106e-07
1.38291045018e-08	-3.62022831268e-07
1.38490014715e-08	-4.03839550245e-07
1.38688984411e-08	-4.0277404878e-07
1.38887954107e-08	-3.53721361535e-07
1.39086923804e-08	-2.60033800714e-07
1.392858935e-08	-1.3388110176e-07
1.39484863196e-08	5.71346525646e-09
1.39683832893e-08	1.36491848934e-07
1.39882802589e-08	2.37645991774e-07
1.40081772286e-08	2.94270734003e-07
1.40280741982e-08	3.00569297451e-07
1.40479711678e-08	2.61037826021e-07
1.40678681375e-08	1.89151080576e-07
1.40877651071e-08	1.03949318486e-07
1.41076620767e-08	2.53445815446e-08
1.41275590464e-08	-3.05872127626e-08
1.4147456016e-08	-5.50162226887e-08
1.41673529856e-08	-4.75621213525e-08
1.41872499553e-08	-1.51058916487e-08
1.42071469249e-08	3.10679730831e-08
1.42270438945e-08	7.87647067568e-08
1.42469408642e-08	1.17744093586e-07
1.42668378338e-08	1.41241045526e-07
1.42867348034e-08	1.45973459098e-07
1.43066317731e-08	1.31112514623e-07
1.43265287427e-08	9.71075166945e-08
1.43464257123e-08	4.49666721636e-08
1.4366322682e-08	-2.34551666978e-08
1.43862196516e-08	-1.04491213904e-07
1.44061166212e-08	-1.91519959003e-07
1.44260135909e-08	-2.74627296903e-07
1.44459105605e-08	-3.41405893778e-07
1.44658075301e-08	-3.79197331313e-07
1.44857044998e-08	-3.77970451382e-07
1.45056014694e-08	-3.33257702323e-07
1.4525498439e-08	-2.47972053558e-07
1.45453954087e-08	-1.32724750301e-07
1.45652923783e-08	-4.24098756113e-09
1.45851893479e-08	1.17695009294e-07
1.46050863176e-08	2.14276042243e-07
1.46249832872e-08	2.71597514256e-07
1.46448802568e-08	2.83631635511e-07
1.46647772265e-08	2.53396564176e-07
1.46846741961e-08	1.92013189348e-07
1.47045711657e-08	1.15921103827e-07
1.47244681354e-08	4.29450395245e-08
1.4744365105e-08	-1.18468781451e-08
1.47642620747e-08	-3.93086132533e-08
1.47841590443e-08	-3.77470819046e-08
1.48040560139e-08	-1.23483800962e-08
1.48239529836e-08	2.70506923528e-08
1.48438499532e-08	6.91221586635e-08
1.48637469228e-08	1.03867698442e-07
1.48836438925e-08	1.2439106456e-07
1.49035408621e-08	1.27157179008e-07
1.49234378317e-08	1.11285679338e-07
1.49433348014e-08	7.74519790525e-08
1.4963231771e-08	2.71844253774e-08
1.49831287406e-08	-3.70503343561e-08
1.50030257103e-08	-1.1134023481e-07
1.50229226799e-08	-1.89443014165e-07
1.50428196495e-08	-2.62596557832e-07
1.50627166192e-08	-3.20031062984e-07
1.50826135888e-08	-3.5073733784e-07
1.51025105584e-08	-3.45945096569e-07
1.51224075281e-08	-3.01764657706e-07
1.51423044977e-08	-2.21017359081e-07
1.51622014673e-08	-1.13586899886e-07
1.5182098437e-08	5.09100495094e-09
1.52019954066e-08	1.1691009405e-07
1.52218923762e-08	2.04773485279e-07
1.52417893459e-08	2.56104840446e-07
1.52616863155e-08	2.65493042662e-07
1.52815832851e-08	2.3574186514e-07
1.53014802548e-08	1.7716898526e-07
1.53213772244e-08	1.05080658841e-07
1.5341274194e-08	3.61413476924e-08
1.53611711637e-08	-1.55158410564e-08
1.53810681333e-08	-4.12662650717e-08
1.54009651029e-08	-3.93556156553e-08
1.54208620726e-08	-1.43762326488e-08
1.54407590422e-08	2.46397249271e-08
1.54606560118e-08	6.6926382658e-08
1.54805529815e-08	1.02489728704e-07
1.55004499511e-08	1.23898615811e-07
1.55203469208e-08	1.26970945757e-07
1.55402438904e-08	1.10472967663e-07
1.556014086e-08	7.52743147814e-08
1.55800378297e-08	2.35176624841e-08
1.55999347993e-08	-4.15528127462e-08
1.56198317689e-08	-1.15281515889e-07
1.56397287386e-08	-1.91005852912e-07
1.56596257082e-08	-2.59998273577e-07
1.56795226778e-08	-3.12137046876e-07
1.56994196475e-08	-3.37642774184e-07
1.57193166171e-08	-3.29243619035e-07
1.57392135867e-08	-2.8427172083e-07
1.57591105564e-08	-2.06009403314e-07
1.5779007526e-08	-1.0389284455e-07
1.57989044956e-08	7.77044384392e-09
1.58188014653e-08	1.123264326e-07
1.58386984349e-08	1.94170567624e-07
1.58585954045e-08	2.41975186555e-07
1.58784923742e-08	2.51081189617e-07
1.58983893438e-08	2.24309104624e-07
1.59182863134e-08	1.71062964682e-07
1.59381832831e-08	1.05086733981e-07
1.59580802527e-08	4.13253928855e-08
1.59779772223e-08	-7.22147630583e-09
1.5997874192e-08	-3.22569526645e-08
1.60177711616e-08	-3.15728350131e-08
1.60376681312e-08	-9.01607588588e-09
1.60575651009e-08	2.71397819773e-08
1.60774620705e-08	6.66206645406e-08
1.60973590401e-08	9.96973952283e-08
1.61172560098e-08	1.18934146087e-07
1.61371529794e-08	1.19952701993e-07
1.6157049949e-08	1.01312302547e-07
1.61769469187e-08	6.39628368049e-08
1.61968438883e-08	1.06417754608e-08
1.62167408579e-08	-5.44684901627e-08
1.62366378276e-08	-1.25878813151e-07
1.62565347972e-08	-1.96754953663e-07
1.62764317669e-08	-2.59029405925e-07
1.62963287365e-08	-3.03935593138e-07
1.63162257061e-08	-3.23230977983e-07
1.63361226758e-08	-3.10998444775e-07
1.63560196454e-08	-2.65454247028e-07
1.6375916615e-08	-1.90175100556e-07
1.63958135847e-08	-9.40878237543e-08
1.64157105543e-08	9.77571978922e-09
1.64356075239e-08	1.06648506915e-07
1.64555044936e-08	1.82779345437e-07
1.64754014632e-08	2.28110280887e-07
1.64952984328e-08	2.38297118926e-07
1.65151954025e-08	2.15614946342e-07
1.65350923721e-08	1.68397960465e-07
1.65549893417e-08	1.09106764512e-07
1.65748863114e-08	5.13607218977e-08
1.6594783281e-08	6.92707713412e-09
1.66146802506e-08	-1.67372071758e-08
1.66345772203e-08	-1.76406871333e-08
1.66544741899e-08	8.86999917959e-10
1.66743711595e-08	3.15277155494e-08
1.66942681292e-08	6.49427889243e-08
1.67141650988e-08	9.2029168286e-08
1.67340620684e-08	1.05727664845e-07
1.67539590381e-08	1.02081870068e-07
1.67738560077e-08	8.02475952355e-08
1.67937529773e-08	4.18358006016e-08
1.6813649947e-08	-9.94059590198e-09
1.68335469166e-08	-7.08214926703e-08
1.68534438862e-08	-1.35586844863e-07
1.68733408559e-08	-1.97957405135e-07
1.68932378255e-08	-2.50735183727e-07
1.69131347951e-08	-2.86468036848e-07
1.69330317648e-08	-2.98528163967e-07
1.69529287344e-08	-2.82504942106e-07
1.69728257041e-08	-2.37494091948e-07
1.69927226737e-08	-1.66972924376e-07
1.70126196433e-08	-7.89232075249e-08
1.7032516613e-08	1.50884691408e-08
1.70524135826e-08	1.01882193349e-07
1.70723105522e-08	1.69290302665e-07
1.70922075219e-08	2.08709622029e-07
1.71121044915e-08	2.16864705749e-07
1.71320014611e-08	1.96264394958e-07
1.71518984308e-08	1.54485974235e-07
1.71717954004e-08	1.02379615896e-07
1.719169237e-08	5.17755331941e-08
1.72115893397e-08	1.29684076811e-08
1.72314863093e-08	-7.40056727011e-09
1.72513832789e-08	-7.57885043612e-09
1.72712802486e-08	9.30967836155e-09
1.72911772182e-08	3.65144927628e-08
1.73110741878e-08	6.56010996636e-08
1.73309711575e-08	8.85233646386e-08
1.73508681271e-08	9.90253425925e-08
1.73707650967e-08	9.34637540695e-08
1.73906620664e-08	7.08591656462e-08
1.7410559036e-08	3.26678772922e-08
1.74304560056e-08	-1.78226962078e-08
1.74503529753e-08	-7.60255431942e-08
1.74702499449e-08	-1.36576275622e-07
1.74901469145e-08	-1.93528435943e-07
1.75100438842e-08	-2.40579424826e-07
1.75299408538e-08	-2.71331089152e-07
1.75498378234e-08	-2.80152221421e-07
1.75697347931e-08	-2.63305167891e-07
1.75896317627e-08	-2.20366288772e-07
1.76095287323e-08	-1.54850752665e-07
1.7629425702e-08	-7.42413206467e-08
1.76493226716e-08	1.12080131842e-08
1.76692196412e-08	9.00759928868e-08
1.76891166109e-08	1.51887590505e-07
1.77090135805e-08	1.89047582921e-07
1.77289105502e-08	1.98392285711e-07
1.77488075198e-08	1.81836895763e-07
1.77687044894e-08	1.45998285461e-07
1.77886014591e-08	1.00566850847e-07
1.78084984287e-08	5.6099921153e-08
1.78283953983e-08	2.16408508891e-08
1.7848292368e-08	3.02610470015e-09
1.78681893376e-08	1.94890703575e-09
1.78880863072e-08	1.60031490282e-08
1.79079832769e-08	3.95253394458e-08
1.79278802465e-08	6.50124221124e-08
1.79477772161e-08	8.48984740287e-08
1.79676741858e-08	9.31365136125e-08
1.79875711554e-08	8.62400213464e-08
1.8007468125e-08	6.34667145505e-08
1.80273650947e-08	2.63459956074e-08
1.80472620643e-08	-2.19970210935e-08
1.80671590339e-08	-7.73459873926e-08
1.80870560036e-08	-1.34678202812e-07
1.81069529732e-08	-1.88267762269e-07
1.81268499428e-08	-2.32049288229e-07
1.81467469125e-08	-2.6012767762e-07
1.81666438821e-08	-2.67646981911e-07
1.81865408517e-08	-2.51552563668e-07
1.82064378214e-08	-2.1156105845e-07
1.8226334791e-08	-1.50645433905e-07
1.82462317606e-08	-7.53029922862e-08
1.82661287303e-08	5.22567367156e-09
1.82860256999e-08	8.03666395655e-08
1.83059226695e-08	1.40290865147e-07
1.83258196392e-08	1.7788059381e-07
1.83457166088e-08	1.90077543039e-07
1.83656135784e-08	1.7835776589e-07
1.83855105481e-08	1.48208101791e-07
1.84054075177e-08	1.07937175642e-07
1.84253044873e-08	6.68859954089e-08
1.8445201457e-08	3.35156009612e-08
1.84650984266e-08	1.35629552034e-08
1.84849953963e-08	9.01763463901e-09
1.85048923659e-08	1.79673875778e-08
1.85247893355e-08	3.55277620656e-08
1.85446863052e-08	5.52225323247e-08
1.85645832748e-08	7.05902394316e-08
1.85844802444e-08	7.63082255162e-08
1.86043772141e-08	6.90470756126e-08
1.86242741837e-08	4.7695266403e-08
1.86441711533e-08	1.33885684761e-08
1.8664068123e-08	-3.10075449761e-08
1.86839650926e-08	-8.13767613295e-08
1.87038620622e-08	-1.32975145561e-07
1.87237590319e-08	-1.80656570592e-07
1.87436560015e-08	-2.19116017774e-07
1.87635529711e-08	-2.43125526822e-07
1.87834499408e-08	-2.48208777975e-07
1.88033469104e-08	-2.31569316611e-07
1.882324388e-08	-1.93064636278e-07
1.88431408497e-08	-1.35736982543e-07
1.88630378193e-08	-6.57171455032e-08
1.88829347889e-08	8.59241300333e-09
1.89028317586e-08	7.77989654921e-08
1.89227287282e-08	1.33110305001e-07
1.89426256978e-08	1.6797855551e-07
1.89625226675e-08	1.79418307766e-07
1.89824196371e-08	1.68651908439e-07
1.90023166067e-08	1.40763873446e-07
1.90222135764e-08	1.03486975433e-07
1.9042110546e-08	6.53688232433e-08
1.90620075156e-08	3.40082912942e-08
1.90819044853e-08	1.45789202932e-08
1.91018014549e-08	9.0865439617e-09
1.91216984245e-08	1.61713931135e-08
1.91415953942e-08	3.16678345769e-08
1.91614923638e-08	4.96414571671e-08
1.91813893334e-08	6.38154347143e-08
1.92012863031e-08	6.89539660925e-08
1.92211832727e-08	6.17626056965e-08
1.92410802424e-08	4.12203213784e-08
1.9260977212e-08	8.36686187e-09
1.92808741816e-08	-3.41244010826e-08
1.93007711513e-08	-8.23550152518e-08
1.93206681209e-08	-1.31563666628e-07
1.93405650905e-08	-1.76490360104e-07
1.93604620602e-08	-2.11796319149e-07
1.93803590298e-08	-2.32666891975e-07
1.94002559994e-08	-2.35314345787e-07
1.94201529691e-08	-2.17673502334e-07
1.94400499387e-08	-1.79922011512e-07
1.94599469083e-08	-1.24993590589e-07
1.9479843878e-08	-5.85976351886e-08
1.94997408476e-08	1.14043512411e-08
1.95196378172e-08	7.61940555094e-08
1.95395347869e-08	1.27683577489e-07
1.95594317565e-08	1.59988260862e-07
1.95793287261e-08	1.7058242463e-07
1.95992256958e-08	1.60632495749e-07
1.96191226654e-08	1.34685379294e-07
1.9639019635e-08	9.97399283165e-08
1.96589166047e-08	6.37666772718e-08
1.96788135743e-08	3.40587540393e-08
1.96987105439e-08	1.56649448968e-08
1.97186075136e-08	1.05196011901e-08
1.97385044832e-08	1.7251279516e-08
1.97584014528e-08	3.18165724877e-08
1.97782984225e-08	4.86498237251e-08
1.97981953921e-08	6.18396214236e-08
1.98180923617e-08	6.63616077645e-08
1.98379893314e-08	5.88000546031e-08
1.9857886301e-08	3.79915370274e-08
1.98777832706e-08	4.93453100603e-09
1.98976802403e-08	-3.74757007648e-08
1.99175772099e-08	-8.50995505175e-08
1.99374741795e-08	-1.33051528906e-07
1.99573711492e-08	-1.76214513203e-07
1.99772681188e-08	-2.09548701946e-07
1.99971650885e-08	-2.28502173627e-07
2.00170620581e-08	-2.29569437238e-07
2.00369590277e-08	-2.10999459682e-07
2.00568559974e-08	-1.73355857669e-07
2.0076752967e-08	-1.19785568131e-07
2.00966499366e-08	-5.58297443831e-08
2.01165469063e-08	1.11833102778e-08
2.01364438759e-08	7.32096410161e-08
2.01563408455e-08	1.22802376268e-07
2.01762378152e-08	1.54477447722e-07
2.01961347848e-08	1.65772988225e-07
2.02160317544e-08	1.57780107202e-07
2.02359287241e-08	1.34758280979e-07
2.02558256937e-08	1.03193109169e-07
2.02757226633e-08	7.02709073153e-08
2.0295619633e-08	4.25320223485e-08
2.03155166026e-08	2.45389504272e-08
2.03354135722e-08	1.81438579716e-08
2.03553105419e-08	2.22864642296e-08
2.03752075115e-08	3.33843779288e-08
2.03951044811e-08	4.63478890822e-08
2.04150014508e-08	5.56955086495e-08
2.04348984204e-08	5.68721922889e-08
2.045479539e-08	4.69409222603e-08
2.04746923597e-08	2.5022405481e-08
2.04945893293e-08	-7.80059483674e-09
2.05144862989e-08	-4.8718987955e-08
2.05343832686e-08	-9.36921011885e-08
2.05542802382e-08	-1.37958735991e-07
2.05741772078e-08	-1.76558216936e-07
2.05940741775e-08	-2.04863155773e-07
2.06139711471e-08	-2.19013244873e-07
2.06338681167e-08	-2.16317346258e-07
2.06537650864e-08	-1.95668576453e-07
2.0673662056e-08	-1.57971030035e-07
2.06935590256e-08	-1.06375217968e-07
2.07134559953e-08	-4.61480595959e-08
2.07333529649e-08	1.59418469536e-08
2.07532499346e-08	7.26596738332e-08
2.07731469042e-08	1.17501265606e-07
2.07930438738e-08	1.45860511225e-07
2.08129408435e-08	1.55796399781e-07
2.08328378131e-08	1.48379939446e-07
2.08527347827e-08	1.27458463339e-07
2.08726317524e-08	9.88525670209e-08
2.0892528722e-08	6.91041819323e-08
2.09124256916e-08	4.40972023341e-08
2.09323226613e-08	2.7876160047e-08
2.09522196309e-08	2.19554525671e-08
2.09721166005e-08	2.52442013959e-08
2.09920135702e-08	3.44717534517e-08
2.10119105398e-08	4.5072781063e-08
2.10318075094e-08	5.21262890629e-08
2.10517044791e-08	5.14329343559e-08
2.10716014487e-08	4.02981648051e-08
2.10914984183e-08	1.80069363864e-08
2.1111395388e-08	-1.41875942106e-08
2.11312923576e-08	-5.34206101577e-08
2.11511893272e-08	-9.5754550955e-08
2.11710862969e-08	-1.36682345442e-07
2.11909832665e-08	-1.71641403313e-07
2.12108802361e-08	-1.96416976905e-07
2.12307772058e-08	-2.07572639965e-07
2.12506741754e-08	-2.02920560355e-07
2.1270571145e-08	-1.81864962201e-07
2.12904681147e-08	-1.4565159745e-07
2.13103650843e-08	-9.73782405822e-08
2.13302620539e-08	-4.18346388642e-08
2.13501590236e-08	1.49928407467e-08
2.13700559932e-08	6.67108608354e-08
2.13899529628e-08	1.07570045316e-07
2.14098499325e-08	1.335038462e-07
2.14297469021e-08	1.42886875665e-07
2.14496438718e-08	1.36831687314e-07
2.14695408414e-08	1.18813773042e-07
2.1489437811e-08	9.396920575e-08
2.15093347807e-08	6.79944349713e-08
2.15292317503e-08	4.60686102599e-08
2.15491287199e-08	3.17941442063e-08
2.15690256896e-08	2.65645816455e-08
2.15889226592e-08	2.93540427521e-08
2.16088196288e-08	3.71477781869e-08
2.16287165985e-08	4.57226185802e-08
2.16486135681e-08	5.06772117603e-08
2.16685105377e-08	4.83313193911e-08
2.16884075074e-08	3.63565177963e-08
2.1708304477e-08	1.41360700923e-08
2.17282014466e-08	-1.71788911985e-08
2.17480984163e-08	-5.48755672014e-08
2.17679953859e-08	-9.51590237719e-08
2.17878923555e-08	-1.33721130169e-07
2.18077893252e-08	-1.6626886179e-07
2.18276862948e-08	-1.88995912254e-07
2.18475832644e-08	-1.9888042857e-07
2.18674802341e-08	-1.94004201148e-07
2.18873772037e-08	-1.73823991645e-07
2.19072741733e-08	-1.39526832754e-07
2.1927171143e-08	-9.40526945215e-08
2.19470681126e-08	-4.18984384964e-08
2.19669650822e-08	1.14373355231e-08
2.19868620519e-08	6.02224190516e-08
2.20067590215e-08	9.93040245589e-08
2.20266559911e-08	1.25004135043e-07
2.20465529608e-08	1.35674355306e-07
2.20664499304e-08	1.32086213966e-07
2.20863469e-08	1.17223166285e-07
2.21062438697e-08	9.56474650593e-08
2.21261408393e-08	7.24469373381e-08
2.21460378089e-08	5.21974641288e-08
2.21659347786e-08	3.80852149817e-08
2.21858317482e-08	3.14110231159e-08
2.22057287179e-08	3.14889305741e-08
2.22256256875e-08	3.59107090731e-08
2.22455226571e-08	4.11158609381e-08
2.22654196268e-08	4.3220023116e-08
2.22853165964e-08	3.89012910773e-08
2.2305213566e-08	2.61135539859e-08
2.23251105357e-08	4.38730474173e-09
2.23450075053e-08	-2.5139190285e-08
2.23649044749e-08	-6.00564220576e-08
2.23848014446e-08	-9.69796616346e-08
2.24046984142e-08	-1.3204537197e-07
2.24245953838e-08	-1.6124403146e-07
2.24444923535e-08	-1.81001468036e-07
2.24643893231e-08	-1.88541150692e-07
2.24842862927e-08	-1.82288658834e-07
2.25041832624e-08	-1.62016249305e-07
2.2524080232e-08	-1.2895019097e-07
2.25439772016e-08	-8.57942552557e-08
2.25638741713e-08	-3.65915653333e-08
2.25837711409e-08	1.36160878128e-08
2.26036681105e-08	5.94992641823e-08
2.26235650802e-08	9.62746966593e-08
2.26434620498e-08	1.20599182196e-07
2.26633590194e-08	1.31033402795e-07
2.26832559891e-08	1.28284682432e-07
2.27031529587e-08	1.1489962759e-07
2.27230499283e-08	9.48387750555e-08
2.2742946898e-08	7.26757036773e-08
2.27628438676e-08	5.27148777962e-08
2.27827408372e-08	3.80935958333e-08
2.28026378069e-08	3.01766398536e-08
2.28225347765e-08	2.8392580731e-08
2.28424317461e-08	3.05957286173e-08
2.28623287158e-08	3.36627614672e-08
2.28822256854e-08	3.42565087408e-08
2.2902122655e-08	2.94456796723e-08
2.29220196247e-08	1.72557559353e-08
2.29419165943e-08	-2.93239610372e-09
2.2961813564e-08	-3.02212441738e-08
2.29817105336e-08	-6.23489953e-08
2.30016075032e-08	-9.60956469953e-08
2.30215044729e-08	-1.27818054807e-07
2.30414014425e-08	-1.53933214619e-07
2.30612984121e-08	-1.71255848613e-07
2.30811953818e-08	-1.77274472435e-07
2.31010923514e-08	-1.70432727487e-07
2.3120989321e-08	-1.50500227392e-07
2.31408862907e-08	-1.18714446273e-07
2.31607832603e-08	-7.78181643568e-08
2.31806802299e-08	-3.16734052319e-08
2.32005771996e-08	1.50895509421e-08
2.32204741692e-08	5.77454706274e-08
2.32403711388e-08	9.20057132703e-08
2.32602681085e-08	1.14741396828e-07
2.32801650781e-08	1.24489062614e-07
2.33000620477e-08	1.21865696201e-07
2.33199590174e-08	1.09349855393e-07
2.3339855987e-08	9.07308148612e-08
2.33597529566e-08	7.02314224554e-08
2.33796499263e-08	5.16849603116e-08
2.33995468959e-08	3.78739244411e-08
2.34194438655e-08	3.00824218868e-08
2.34393408352e-08	2.79726322105e-08
2.34592378048e-08	2.9656442635e-08
2.34791347744e-08	3.21849462637e-08
2.34990317441e-08	3.2242404302e-08
2.35189287137e-08	2.69835460642e-08
2.35388256833e-08	1.46165941572e-08
2.3558722653e-08	-5.28408028444e-09
2.35786196226e-08	-3.18379633768e-08
2.35985165922e-08	-6.29724681289e-08
2.36184135619e-08	-9.57232586529e-08
2.36383105315e-08	-1.26536292555e-07
2.36582075011e-08	-1.51768816181e-07
2.36781044708e-08	-1.68172860526e-07
2.36980014404e-08	-1.73364298917e-07
2.37178984101e-08	-1.66084760167e-07
2.37377953797e-08	-1.46299427684e-07
2.37576923493e-08	-1.15236254317e-07
2.3777589319e-08	-7.54208500098e-08
2.37974862886e-08	-3.05378016208e-08
2.38173832582e-08	1.49073819955e-08
2.38372802279e-08	5.6264266135e-08
2.38571771975e-08	8.94685427966e-08
2.38770741671e-08	1.11710910744e-07
2.38969711368e-08	1.21813954479e-07
2.39168681064e-08	1.2031377139e-07
2.3936765076e-08	1.09338259335e-07
2.39566620457e-08	9.22202687548e-08
2.39765590153e-08	7.28962490371e-08
2.39964559849e-08	5.50620988804e-08
2.40163529546e-08	4.14402876459e-08
2.40362499242e-08	3.31952492161e-08
2.40561468938e-08	2.98956237543e-08
2.40760438635e-08	2.97610380784e-08
2.40959408331e-08	3.02315861234e-08
2.41158378027e-08	2.84526375793e-08
2.41357347724e-08	2.18808757779e-08
2.4155631742e-08	8.76687877849e-09
2.41755287116e-08	-1.13813793945e-08
2.41954256813e-08	-3.76610351793e-08
2.42153226509e-08	-6.78996343595e-08
2.42352196205e-08	-9.90816673152e-08
2.42551165902e-08	-1.27827036067e-07
2.42750135598e-08	-1.5083888627e-07
2.42949105294e-08	-1.65204099289e-07
2.43148074991e-08	-1.68689297197e-07
2.43347044687e-08	-1.60101521374e-07
2.43546014383e-08	-1.39529390708e-07
2.4374498408e-08	-1.08448254821e-07
2.43943953776e-08	-6.95526551908e-08
2.44142923472e-08	-2.6436977052e-08
2.44341893169e-08	1.68090714681e-08
2.44540862865e-08	5.60468826905e-08
2.44739832562e-08	8.75867272043e-08
2.44938802258e-08	1.08745972227e-07
2.45137771954e-08	1.18368163271e-07
2.45336741651e-08	1.17038567282e-07
2.45535711347e-08	1.0690248331e-07
2.45734681043e-08	9.11179753871e-08
2.4593365074e-08	7.32183380592e-08
2.46132620436e-08	5.64056144015e-08
2.46331590132e-08	4.30731219581e-08
2.46530559829e-08	3.43970043559e-08
2.46729529525e-08	3.01454043949e-08
2.46928499221e-08	2.87564141388e-08
2.47127468918e-08	2.77521259306e-08
2.47326438614e-08	2.4431678014e-08
2.4752540831e-08	1.65303468691e-08
2.47724378007e-08	2.70144706604e-09
2.47923347703e-08	-1.72840373125e-08
2.48122317399e-08	-4.24919157638e-08
2.48321287096e-08	-7.09804623966e-08
2.48520256792e-08	-9.99819604885e-08
2.48719226488e-08	-1.26250185417e-07
2.48918196185e-08	-1.46595638739e-07
2.49117165881e-08	-1.58341080692e-07
2.49316135577e-08	-1.59708434921e-07
2.49515105274e-08	-1.49932759541e-07
2.4971407497e-08	-1.29345707478e-07
2.49913044666e-08	-9.93649322822e-08
2.50112014363e-08	-6.24787261927e-08
2.50310984059e-08	-2.20617071278e-08
2.50509953755e-08	1.79717076776e-08
2.50708923452e-08	5.38046300846e-08
2.50907893148e-08	8.22445542781e-08
2.51106862844e-08	1.01177938916e-07
2.51305832541e-08	1.09777737123e-07
2.51504802237e-08	1.08608951166e-07
2.51703771934e-08	9.95023299311e-08
2.5190274163e-08	8.52902104498e-08
2.52101711326e-08	6.92283279591e-08
2.52300681023e-08	5.43255325169e-08
2.52499650719e-08	4.26726884939e-08
2.52698620415e-08	3.51118174535e-08
2.52897590112e-08	3.12042942596e-08
2.53096559808e-08	2.94982971383e-08
2.53295529504e-08	2.78639422646e-08
2.53494499201e-08	2.39683615177e-08
2.53693468897e-08	1.57159760761e-08
2.53892438593e-08	1.78229819792e-09
2.5409140829e-08	-1.80444352793e-08
2.54290377986e-08	-4.27216413357e-08
2.54489347682e-08	-7.02002438402e-08
2.54688317379e-08	-9.77680869596e-08
2.54887287075e-08	-1.22488401644e-07
2.55086256771e-08	-1.41506845353e-07
2.55285226468e-08	-1.52376060214e-07
2.55484196164e-08	-1.53335136588e-07
2.5568316586e-08	-1.43633258176e-07
2.55882135557e-08	-1.23685225617e-07
2.56081105253e-08	-9.50622691676e-08
2.56280074949e-08	-6.02170899811e-08
2.56479044646e-08	-2.22579465969e-08
2.56678014342e-08	1.54055452839e-08
2.56876984038e-08	4.93588210304e-08
2.57075953735e-08	7.66277707953e-08
2.57274923431e-08	9.51314689246e-08
2.57473893127e-08	1.04057612305e-07
2.57672862824e-08	1.03984675093e-07
2.5787183252e-08	9.66491384702e-08
2.58070802216e-08	8.4528906541e-08
2.58269771913e-08	7.03523710399e-08
2.58468741609e-08	5.66515048206e-08
2.58667711305e-08	4.53271766787e-08
2.58866681002e-08	3.73013442356e-08
2.59065650698e-08	3.23494901977e-08
2.59264620395e-08	2.91713071476e-08
2.59463590091e-08	2.58070702586e-08
2.59662559787e-08	2.01666825461e-08
2.59861529484e-08	1.05813464657e-08
2.6006049918e-08	-3.91371912656e-09
2.60259468876e-08	-2.33685870654e-08
2.60458438573e-08	-4.69010323911e-08
2.60657408269e-08	-7.27148048441e-08
2.60856377965e-08	-9.83248966691e-08
2.61055347662e-08	-1.20894313227e-07
2.61254317358e-08	-1.37716341442e-07
2.61453287054e-08	-1.46613317042e-07
2.61652256751e-08	-1.46196768469e-07
2.61851226447e-08	-1.35959055569e-07
2.62050196143e-08	-1.16314879506e-07
2.6224916584e-08	-8.86248017196e-08
2.62448135536e-08	-5.51750147793e-08
2.62647105232e-08	-1.8928277612e-08
2.62846074929e-08	1.68055400707e-08
2.63045044625e-08	4.88862319514e-08
2.63244014321e-08	7.46893320525e-08
2.63442984018e-08	9.24516854184e-08
2.63641953714e-08	1.01399855623e-07
2.6384092341e-08	1.01880289094e-07
2.64039893107e-08	9.53050616204e-08
2.64238862803e-08	8.39071034875e-08
2.64437832499e-08	7.02965863297e-08
2.64636802196e-08	5.68376918864e-08
2.64835771892e-08	4.52530066752e-08
2.65034741588e-08	3.63075081111e-08
2.65233711285e-08	2.9864036577e-08
2.65432680981e-08	2.4933687115e-08
2.65631650677e-08	2.00192733502e-08
2.65830620374e-08	1.33335626984e-08
2.6602959007e-08	3.34214012021e-09
2.66228559766e-08	-1.09158584394e-08
2.66427529463e-08	-2.94422370928e-08
2.66626499159e-08	-5.13182349948e-08
2.66825468856e-08	-7.4808902184e-08
2.67024438552e-08	-9.77173897354e-08
2.67223408248e-08	-1.17611641315e-07
2.67422377945e-08	-1.32132399244e-07
2.67621347641e-08	-1.39264699328e-07
2.67820317337e-08	-1.37656087418e-07
2.68019287034e-08	-1.26854615701e-07
2.6821825673e-08	-1.07393226756e-07
2.68417226426e-08	-8.07085172028e-08
2.68616196123e-08	-4.89762435052e-08
2.68815165819e-08	-1.4852830077e-08
2.69014135515e-08	1.87104465255e-08
2.69213105212e-08	4.88077773753e-08
2.69412074908e-08	7.29295024371e-08
2.69611044604e-08	8.9383206614e-08
2.69810014301e-08	9.75322720365e-08
2.70008983997e-08	9.78170007215e-08
2.70207953693e-08	9.16069993195e-08
2.7040692339e-08	8.0882166742e-08
2.70605893086e-08	6.79095819578e-08
2.70804862782e-08	5.48394680777e-08
2.71003832479e-08	4.33576374803e-08
2.71202802175e-08	3.43206920661e-08
2.71401771871e-08	2.76303282476e-08
2.71600741568e-08	2.23433964663e-08
2.71799711264e-08	1.69959211149e-08
2.7199868096e-08	1.00129504688e-08
2.72197650657e-08	7.12515046963e-11
2.72396620353e-08	-1.36355060576e-08
2.72595590049e-08	-3.11787218266e-08
2.72794559746e-08	-5.183839491e-08
2.72993529442e-08	-7.40647081443e-08
2.73192499138e-08	-9.57305488214e-08
2.73391468835e-08	-1.14442570975e-07
2.73590438531e-08	-1.27946734096e-07
2.73789408227e-08	-1.34416808351e-07
2.73988377924e-08	-1.32652985485e-07
2.7418734762e-08	-1.22223298149e-07
2.74386317317e-08	-1.03530922502e-07
2.74585287013e-08	-7.78713342697e-08
2.74784256709e-08	-4.73260541867e-08
2.74983226406e-08	-1.45302063714e-08
2.75182196102e-08	1.76770189597e-08
2.75381165798e-08	4.66104204122e-08
2.75580135495e-08	7.00070970083e-08
2.75779105191e-08	8.63074163249e-08
2.75978074887e-08	9.4791332117e-08
2.76177044584e-08	9.57709858085e-08
2.7637601428e-08	9.04339501062e-08
2.76574983976e-08	8.06962532351e-08
2.76773953673e-08	6.86830574637e-08
2.76972923369e-08	5.63805961917e-08
2.77171893065e-08	4.52348700719e-08
2.77370862762e-08	3.60015732781e-08
2.77569832458e-08	2.86726322685e-08
2.77768802154e-08	2.25040075463e-08
2.77967771851e-08	1.62416959881e-08
2.78166741547e-08	8.4085458596e-09
2.78365711243e-08	-2.26206875453e-09
2.7856468094e-08	-1.64837352656e-08
2.78763650636e-08	-3.41880159738e-08
2.78962620332e-08	-5.4558444873e-08
2.79161590029e-08	-7.60946292644e-08
2.79360559725e-08	-9.68498810039e-08
2.79559529421e-08	-1.14597639822e-07
2.79758499118e-08	-1.27178864773e-07
2.79957468814e-08	-1.32778382067e-07
2.8015643851e-08	-1.30237197027e-07
2.80355408207e-08	-1.19259127018e-07
2.80554377903e-08	-1.00380447066e-07
2.80753347599e-08	-7.49521831267e-08
2.80952317296e-08	-4.49393589008e-08
2.81151286992e-08	-1.28366446361e-08
2.81350256688e-08	1.86450233031e-08
2.81549226385e-08	4.68534508968e-08
2.81748196081e-08	6.95871165135e-08
2.81947165778e-08	8.53948023405e-08
2.82146135474e-08	9.37071860108e-08
2.8234510517e-08	9.48723979377e-08
2.82544074867e-08	8.99697880641e-08
2.82743044563e-08	8.06864477454e-08
2.82942014259e-08	6.89779540153e-08
2.83140983956e-08	5.67464866208e-08
2.83339953652e-08	4.54505553193e-08
2.83538923348e-08	3.58227296715e-08
2.83737893045e-08	2.78270206877e-08
2.83936862741e-08	2.0752949581e-08
2.84135832437e-08	1.34996884782e-08
2.84334802134e-08	4.85210893686e-09
2.8453377183e-08	-6.25261042941e-09
2.84732741526e-08	-2.04204777532e-08
2.84931711223e-08	-3.76543098923e-08
2.85130680919e-08	-5.71468596888e-08
2.85329650615e-08	-7.74572015416e-08
2.85528620312e-08	-9.66287387882e-08
2.85727590008e-08	-1.12611445502e-07
2.85926559704e-08	-1.23460111467e-07
2.86125529401e-08	-1.27641811787e-07
2.86324499097e-08	-1.24150830061e-07
2.86523468793e-08	-1.12741801672e-07
2.8672243849e-08	-9.39494313457e-08
2.86921408186e-08	-6.916250328e-08
2.87120377882e-08	-4.03698940943e-08
2.87319347579e-08	-9.98817384357e-09
2.87518317275e-08	1.95090379407e-08
2.87717286971e-08	4.57670452647e-08
2.87916256668e-08	6.68390214287e-08
2.88115226364e-08	8.13957257151e-08
2.8831419606e-08	8.89094167178e-08
2.88513165757e-08	8.9747707932e-08
2.88712135453e-08	8.50345287517e-08
2.88911105149e-08	7.63973702078e-08
2.89110074846e-08	6.56123049225e-08
2.89309044542e-08	5.43042943946e-08
2.89508014239e-08	4.37274465526e-08
2.89706983935e-08	3.45548905045e-08
2.89905953631e-08	2.6797700059e-08
2.90104923328e-08	1.98269383134e-08
2.90303893024e-08	1.25713714993e-08
2.9050286272e-08	3.84780562968e-09
2.90701832417e-08	-7.29778770747e-09
2.90900802113e-08	-2.12995363569e-08
2.91099771809e-08	-3.80074816064e-08
2.91298741506e-08	-5.66431523907e-08
2.91497711202e-08	-7.58781766308e-08
2.91696680898e-08	-9.39365207842e-08
2.91895650595e-08	-1.08848496438e-07
2.92094620291e-08	-1.18738398669e-07
2.92293589987e-08	-1.22149927506e-07
2.92492559684e-08	-1.1825873969e-07
2.9269152938e-08	-1.06985936554e-07
2.92890499076e-08	-8.89317277597e-08
2.93089468773e-08	-6.537109698e-08
2.93288438469e-08	-3.81136189276e-08
2.93487408165e-08	-9.42167499574e-09
2.93686377862e-08	1.83428827683e-08
2.93885347558e-08	4.29555164772e-08
2.94084317254e-08	6.26898710721e-08
2.94283286951e-08	7.64362653172e-08
2.94482256647e-08	8.37983122892e-08
2.94681226343e-08	8.50738004488e-08
2.9488019604e-08	8.118157524e-08
2.95079165736e-08	7.35359364512e-08
2.95278135432e-08	6.37911981016e-08
2.95477105129e-08	5.34627453419e-08
2.95676074825e-08	4.36627800582e-08
2.95875044521e-08	3.48893429702e-08
2.96074014218e-08	2.70767159805e-08
2.96272983914e-08	1.9665568729e-08
2.96471953611e-08	1.18173932862e-08
2.96670923307e-08	2.56826249156e-09
2.96869893003e-08	-8.89583784414e-09
2.970688627e-08	-2.30141186108e-08
2.97267832396e-08	-3.95936368136e-08
2.97466802092e-08	-5.77853995765e-08
2.97665771789e-08	-7.62011396205e-08
2.97864741485e-08	-9.31398744797e-08
2.98063711181e-08	-1.06845185144e-07
2.98262680878e-08	-1.15672378342e-07
2.98461650574e-08	-1.18322986964e-07
2.9866062027e-08	-1.13980441085e-07
2.98859589967e-08	-1.02547332403e-07
2.99058559663e-08	-8.46698711143e-08
2.99257529359e-08	-6.16799908926e-08
2.99456499056e-08	-3.53973987899e-08
2.99655468752e-08	-7.87063925145e-09
2.99854438448e-08	1.87616997493e-08
3.00053408145e-08	4.2495784669e-08
3.00252377841e-08	6.16249522523e-08
3.00451347537e-08	7.50353521539e-08
3.00650317234e-08	8.23026482522e-08
3.0084928693e-08	8.37615345972e-08
3.01048256626e-08	8.03052202514e-08
3.01247226323e-08	7.32018534677e-08
3.01446196019e-08	6.3819719287e-08
3.01645165715e-08	5.34697015553e-08
3.01844135412e-08	4.3220047985e-08
3.02043105108e-08	3.36886927244e-08
3.02242074804e-08	2.49526568297e-08
3.02441044501e-08	1.65363491789e-08
3.02640014197e-08	7.67876695562e-09
3.02838983893e-08	-2.43206810246e-09
3.0303795359e-08	-1.43620431103e-08
3.03236923286e-08	-2.83256422762e-08
3.03435892982e-08	-4.40875069785e-08
3.03634862679e-08	-6.09404793295e-08
3.03833832375e-08	-7.77159527843e-08
3.04032802072e-08	-9.28570287329e-08
3.04231771768e-08	-1.04691295633e-07
3.04430741464e-08	-1.11695023008e-07
3.04629711161e-08	-1.12779545702e-07
3.04828680857e-08	-1.07408133942e-07
3.05027650553e-08	-9.56046548595e-08
3.0522662025e-08	-7.79839695042e-08
3.05425589946e-08	-5.57067352247e-08
3.05624559642e-08	-3.04597449485e-08
3.05823529339e-08	-4.2418943913e-09
3.06022499035e-08	2.08650359212e-08
3.06221468731e-08	4.30127009565e-08
3.06420438428e-08	6.07777224104e-08
3.06619408124e-08	7.32201570486e-08
3.0681837782e-08	7.99665187401e-08
3.07017347517e-08	8.1198002988e-08
3.07216317213e-08	7.76852999707e-08
3.07415286909e-08	7.06169842601e-08
3.07614256606e-08	6.13835524632e-08
3.07813226302e-08	5.12403488528e-08
3.08012195998e-08	4.1111444915e-08
3.08211165695e-08	3.14598835871e-08
3.08410135391e-08	2.2379694542e-08
3.08609105087e-08	1.35779156807e-08
3.08808074784e-08	4.51426052095e-09
3.0900704448e-08	-5.5303237545e-09
3.09206014176e-08	-1.71434688667e-08
3.09404983873e-08	-3.05967837733e-08
3.09603953569e-08	-4.56332180931e-08
3.09802923265e-08	-6.14805983901e-08
3.10001892962e-08	-7.69819692437e-08
3.10200862658e-08	-9.07820592033e-08
3.10399832354e-08	-1.0146705165e-07
3.10598802051e-08	-1.07689864137e-07
3.10797771747e-08	-1.08357944839e-07
3.10996741443e-08	-1.02866579255e-07
3.1119571114e-08	-9.12322519753e-08
3.11394680836e-08	-7.41392298664e-08
3.11593650533e-08	-5.27852321852e-08
3.11792620229e-08	-2.8750839931e-08
3.11991589925e-08	-3.79011044771e-09
3.12190559622e-08	2.0248037913e-08
3.12389529318e-08	4.15866736603e-08
3.12588499014e-08	5.87579620515e-08
3.12787468711e-08	7.0808567898e-08
3.12986438407e-08	7.74378747792e-08
3.13185408103e-08	7.89156757719e-08
3.133843778e-08	7.59702274422e-08
3.13583347496e-08	6.9594058516e-08
3.13782317192e-08	6.09304109389e-08
3.13981286889e-08	5.11175208828e-08
3.14180256585e-08	4.11218010754e-08
3.14379226281e-08	3.15096642112e-08
3.14578195978e-08	2.23640945762e-08
3.14777165674e-08	1.33303741379e-08
3.1497613537e-08	3.87008336489e-09
3.15175105067e-08	-6.59349019827e-09
3.15374074763e-08	-1.84376496293e-08
3.15573044459e-08	-3.18121635701e-08
3.15772014156e-08	-4.65093563662e-08
3.15970983852e-08	-6.19206446117e-08
3.16169953548e-08	-7.69837527059e-08
3.16368923245e-08	-9.03095696003e-08
3.16567892941e-08	-1.00434455419e-07
3.16766862637e-08	-1.06092173269e-07
3.16965832334e-08	-1.06361888186e-07
3.1716480203e-08	-1.00784255608e-07
3.17363771726e-08	-8.93633114174e-08
3.17562741423e-08	-7.26380307015e-08
3.17761711119e-08	-5.16730835898e-08
3.17960680815e-08	-2.80456724511e-08
3.18159650512e-08	-3.5714275981e-09
3.18358620208e-08	1.98946583652e-08
3.18557589904e-08	4.07366371746e-08
3.18756559601e-08	5.76591503432e-08
3.18955529297e-08	6.97743729461e-08
3.19154498994e-08	7.66579688616e-08
3.1935346869e-08	7.84280800303e-08
3.19552438386e-08	7.5738185501e-08
3.19751408083e-08	6.96211230888e-08
3.19950377779e-08	6.12358093122e-08
3.20149347475e-08	5.16236440262e-08
3.20348317172e-08	4.15783176777e-08
3.20547286868e-08	3.15725117161e-08
3.20746256564e-08	2.17944204906e-08
3.20945226261e-08	1.2110478842e-08
3.21144195957e-08	2.12328465921e-09
3.21343165653e-08	-8.70441230205e-09
3.2154213535e-08	-2.07974490962e-08
3.21741105046e-08	-3.4256220971e-08
3.21940074742e-08	-4.8746720438e-08
3.22139044439e-08	-6.35411510075e-08
3.22338014135e-08	-7.76404220915e-08
3.22536983831e-08	-8.98679957118e-08
3.22735953528e-08	-9.89672770402e-08
3.22934923224e-08	-1.03729391299e-07
3.2313389292e-08	-1.03227648651e-07
3.23332862617e-08	-9.70028182223e-08
3.23531832313e-08	-8.51848867001e-08
3.23730802009e-08	-6.84718841626e-08
3.23929771706e-08	-4.79911435036e-08
3.24128741402e-08	-2.51651997019e-08
3.24327711098e-08	-1.62619229194e-09
3.24526680795e-08	2.08918695677e-08
3.24725650491e-08	4.07558431448e-08
3.24924620187e-08	5.66708600047e-08
3.25123589884e-08	6.78366731677e-08
3.2532255958e-08	7.40212655614e-08
3.25521529276e-08	7.54477937903e-08
3.25720498973e-08	7.27270048628e-08
3.25919468669e-08	6.67060291448e-08
3.26118438365e-08	5.8423630378e-08
3.26317408062e-08	4.89181282148e-08
3.26516377758e-08	3.90589569577e-08
3.26715347455e-08	2.93303283883e-08
3.26914317151e-08	1.98173584209e-08
3.27113286847e-08	1.02826271942e-08
3.27312256544e-08	3.68639785364e-10
3.2751122624e-08	-1.029439467e-08
3.27710195936e-08	-2.19814655367e-08
3.27909165633e-08	-3.47744801843e-08
3.28108135329e-08	-4.84633169151e-08
3.28307105025e-08	-6.24311056185e-08
3.28506074722e-08	-7.56902096555e-08
3.28705044418e-08	-8.7007705929e-08
3.28904014114e-08	-9.51621856871e-08
3.29102983811e-08	-9.91331674527e-08
3.29301953507e-08	-9.81929062505e-08
3.29500923203e-08	-9.19776894648e-08
3.296998929e-08	-8.05558215689e-08
3.29898862596e-08	-6.45017692591e-08
3.30097832292e-08	-4.48901076311e-08
3.30296801989e-08	-2.31846133403e-08
3.30495771685e-08	-1.01776931327e-09
3.30694741381e-08	2.00377368031e-08
3.30893711078e-08	3.86023870647e-08
3.31092680774e-08	5.3561723945e-08
3.3129165047e-08	6.41454036554e-08
3.31490620167e-08	7.0032413646e-08
3.31689589863e-08	7.14041732408e-08
3.31888559559e-08	6.889190729e-08
3.32087529256e-08	6.33907220049e-08
3.32286498952e-08	5.58514905435e-08
3.32485468648e-08	4.71121310852e-08
3.32684438345e-08	3.7824243293e-08
3.32883408041e-08	2.84305325948e-08
3.33082377737e-08	1.9104763993e-08
3.33281347434e-08	9.72887193029e-09
3.3348031713e-08	-5.73130813641e-11
3.33679286826e-08	-1.06710196235e-08
3.33878256523e-08	-2.23788170217e-08
3.34077226219e-08	-3.513769542e-08
3.34276195916e-08	-4.85733551159e-08
3.34475165612e-08	-6.20251867645e-08
3.34674135308e-08	-7.46124726447e-08
3.34873105005e-08	-8.52823731634e-08
3.35072074701e-08	-9.28970393943e-08
3.35271044397e-08	-9.64020188121e-08
3.35470014094e-08	-9.50483851625e-08
3.3566898379e-08	-8.8552184252e-08
3.35867953486e-08	-7.71337269612e-08
3.36066923183e-08	-6.14493913531e-08
3.36265892879e-08	-4.25021653427e-08
3.36464862575e-08	-2.15697575356e-08
3.36663832272e-08	-1.41617967353e-10
3.36862801968e-08	2.02238243929e-08
3.37061771664e-08	3.81117430948e-08
3.37260741361e-08	5.24515328948e-08
3.37459711057e-08	6.26094021072e-08
3.37658680753e-08	6.83835423843e-08
3.3785765045e-08	6.99305715557e-08
3.38056620146e-08	6.77064804222e-08
3.38255589842e-08	6.24255989123e-08
3.38454559539e-08	5.49867138488e-08
3.38653529235e-08	4.62594158535e-08
3.38852498931e-08	3.69357699981e-08
3.39051468628e-08	2.73726978861e-08
3.39250438324e-08	1.76757115611e-08
3.3944940802e-08	7.72756081346e-09
3.39648377717e-08	-2.6459447966e-09
3.39847347413e-08	-1.36500259984e-08
3.40046317109e-08	-2.54204497452e-08
3.40245286806e-08	-3.79657443261e-08
3.40444256502e-08	-5.09713373731e-08
3.40643226198e-08	-6.37854000729e-08
3.40842195895e-08	-7.54709503781e-08
3.41041165591e-08	-8.49820480653e-08
3.41240135288e-08	-9.13263988878e-08
3.41439104984e-08	-9.36833188803e-08
3.4163807468e-08	-9.1485269138e-08
3.41837044377e-08	-8.44667624733e-08
3.42036014073e-08	-7.27838411763e-08
3.42234983769e-08	-5.70641631725e-08
3.42433953466e-08	-3.83802358783e-08
3.42632923162e-08	-1.80621846368e-08
3.42831892858e-08	2.47615705717e-09
3.43030862555e-08	2.18668922969e-08
3.43229832251e-08	3.89013514734e-08
3.43428801947e-08	5.25499075366e-08
3.43627771644e-08	6.21448137395e-08
3.4382674134e-08	6.74055584682e-08
3.44025711036e-08	6.85422847368e-08
3.44224680733e-08	6.60810357545e-08
3.44423650429e-08	6.07567756106e-08
3.44622620125e-08	5.33126787161e-08
3.44821589822e-08	4.44750334339e-08
3.45020559518e-08	3.48648754311e-08
3.45219529214e-08	2.49532625674e-08
3.45418498911e-08	1.49628949231e-08
3.45617468607e-08	4.85105910997e-09
3.45816438303e-08	-5.59733770444e-09
3.46015408e-08	-1.65956315357e-08
3.46214377696e-08	-2.82172507582e-08
3.46413347392e-08	-4.0301429749e-08
3.46612317089e-08	-5.24950785064e-08
3.46811286785e-08	-6.42380086902e-08
3.47010256481e-08	-7.47991109051e-08
3.47209226178e-08	-8.32659594607e-08
3.47408195874e-08	-8.86883952944e-08
3.4760716557e-08	-9.02411159132e-08
3.47806135267e-08	-8.74166303788e-08
3.48005104963e-08	-8.01050532573e-08
3.48204074659e-08	-6.85729872885e-08
3.48403044356e-08	-5.34245003792e-08
3.48602014052e-08	-3.55549865105e-08
3.48800983749e-08	-1.61334607895e-08
3.48999953445e-08	3.48210615897e-09
3.49198923141e-08	2.19226734544e-08
3.49397892838e-08	3.80062026295e-08
3.49596862534e-08	5.08552844281e-08
3.4979583223e-08	5.99503664489e-08
3.49994801927e-08	6.50718021689e-08
3.50193771623e-08	6.63171491055e-08
3.50392741319e-08	6.40633572857e-08
3.50591711016e-08	5.89661866002e-08
3.50790680712e-08	5.18066940458e-08
3.50989650408e-08	4.33313935844e-08
3.51188620105e-08	3.40894565909e-08
3.51387589801e-08	2.44193145704e-08
3.51586559497e-08	1.44730707419e-08
3.51785529194e-08	4.28653024187e-09
3.5198449889e-08	-6.19879791941e-09
3.52183468586e-08	-1.7106408734e-08
3.52382438283e-08	-2.85267756084e-08
3.52581407979e-08	-4.04003479559e-08
3.52780377675e-08	-5.23843581846e-08
3.52979347372e-08	-6.38477359871e-08
3.53178317068e-08	-7.40041343761e-08
3.53377286764e-08	-8.19870322744e-08
3.53576256461e-08	-8.7024233153e-08
3.53775226157e-08	-8.8399836784e-08
3.53974195853e-08	-8.56284856354e-08
3.5417316555e-08	-7.8477604859e-08
3.54372135246e-08	-6.71708022537e-08
3.54571104942e-08	-5.23115240014e-08
3.54770074639e-08	-3.48996813671e-08
3.54969044335e-08	-1.60515085668e-08
3.55168014031e-08	2.98222735395e-09
3.55366983728e-08	2.1027238617e-08
3.55565953424e-08	3.6918784474e-08
3.5576492312e-08	4.97332024452e-08
3.55963892817e-08	5.88378341604e-08
3.56162862513e-08	6.40297628252e-08
3.5636183221e-08	6.54607532624e-08
3.56560801906e-08	6.35436805396e-08
3.56759771602e-08	5.88250017586e-08
3.56958741299e-08	5.19196703408e-08
3.57157710995e-08	4.34744009681e-08
3.57356680691e-08	3.409825311e-08
3.57555650388e-08	2.42352911073e-08
3.57754620084e-08	1.41062965753e-08
3.5795358978e-08	3.69660546617e-09
3.58152559477e-08	-7.08277214656e-09
3.58351529173e-08	-1.82912565094e-08
3.58550498869e-08	-2.98718774161e-08
3.58749468566e-08	-4.16266132675e-08
3.58948438262e-08	-5.32416208898e-08
3.59147407958e-08	-6.42134523332e-08
3.59346377655e-08	-7.38638803455e-08
3.59545347351e-08	-8.13316205495e-08
3.59744317047e-08	-8.57913775576e-08
3.59943286744e-08	-8.65590408239e-08
3.6014225644e-08	-8.3281292973e-08
3.60341226136e-08	-7.58825109415e-08
3.60540195833e-08	-6.46149587169e-08
3.60739165529e-08	-5.0004111074e-08
3.60938135225e-08	-3.29050493519e-08
3.61137104922e-08	-1.44465293062e-08
3.61336074618e-08	4.09659151046e-09
3.61535044314e-08	2.1481294965e-08
3.61734014011e-08	3.66784078665e-08
3.61932983707e-08	4.88903246776e-08
3.62131953403e-08	5.76094727478e-08
3.623309231e-08	6.25542071475e-08
3.62529892796e-08	6.37860182451e-08
3.62728862492e-08	6.16612823023e-08
3.62927832189e-08	5.67891547121e-08
3.63126801885e-08	4.98717263042e-08
3.63325771581e-08	4.15299687972e-08
3.63524741278e-08	3.22541744424e-08
3.63723710974e-08	2.23896030604e-08
3.63922680671e-08	1.21884689008e-08
3.64121650367e-08	1.78847792132e-09
3.64320620063e-08	-8.80293615779e-09
3.6451958976e-08	-1.96618952231e-08
3.64718559456e-08	-3.08199794574e-08
3.64917529152e-08	-4.21242951631e-08
3.65116498849e-08	-5.31920676394e-08
3.65315468545e-08	-6.34436574387e-08
3.65514438241e-08	-7.22110300444e-08
3.65713407938e-08	-7.88141818475e-08
3.65912377634e-08	-8.25852666253e-08
3.6611134733e-08	-8.29241884048e-08
3.66310317027e-08	-7.939847535e-08
3.66509286723e-08	-7.19074364497e-08
3.66708256419e-08	-6.073839387e-08
3.66907226116e-08	-4.65400624705e-08
3.67106195812e-08	-3.0189589495e-08
3.67305165508e-08	-1.27107604442e-08
3.67504135205e-08	4.81804685037e-09
3.67703104901e-08	2.12705053571e-08
3.67902074597e-08	3.56112508371e-08
3.68101044294e-08	4.69995988794e-08
3.6830001399e-08	5.49599938893e-08
3.68498983686e-08	5.93672879745e-08
3.68697953383e-08	6.03777436936e-08
3.68896923079e-08	5.83276751343e-08
3.69095892775e-08	5.36793542949e-08
3.69294862472e-08	4.70017305076e-08
3.69493832168e-08	3.89142229551e-08
3.69692801864e-08	2.997968096e-08
3.69891771561e-08	2.0583138749e-08
3.70090741257e-08	1.08654791831e-08
3.70289710953e-08	8.55203685646e-10
3.7048868065e-08	-9.47184908284e-09
3.70687650346e-08	-2.00727683364e-08
3.70886620042e-08	-3.08539540583e-08
3.71085589739e-08	-4.16442986761e-08
3.71284559435e-08	-5.21657810282e-08
3.71483529132e-08	-6.19561006943e-08
3.71682498828e-08	-7.0345372194e-08
3.71881468524e-08	-7.65671686054e-08
3.72080438221e-08	-7.99275809982e-08
3.72279407917e-08	-7.99141091079e-08
3.72478377613e-08	-7.62640866014e-08
3.7267734731e-08	-6.89391157493e-08
3.72876317006e-08	-5.81560719581e-08
3.73075286702e-08	-4.44242900244e-08
3.73274256399e-08	-2.85590928684e-08
3.73473226095e-08	-1.16474421219e-08
3.73672195791e-08	5.19488319028e-09
3.73871165488e-08	2.08942942947e-08
3.74070135184e-08	3.46023441011e-08
3.7426910488e-08	4.55975239788e-08
3.74468074577e-08	5.34051238787e-08
3.74667044273e-08	5.77660088652e-08
3.74866013969e-08	5.87559654264e-08
3.75064983666e-08	5.67280871167e-08
3.75263953362e-08	5.22308489792e-08
3.75462923058e-08	4.58189113317e-08
3.75661892755e-08	3.79794968808e-08
3.75860862451e-08	2.91171424749e-08
3.76059832147e-08	1.95870146769e-08
3.76258801844e-08	9.66924318391e-09
3.7645777154e-08	-4.96904684066e-10
3.76656741236e-08	-1.08833297929e-08
3.76855710933e-08	-2.15323225916e-08
3.77054680629e-08	-3.23652216139e-08
3.77253650325e-08	-4.31510009946e-08
3.77452620022e-08	-5.34385122819e-08
3.77651589718e-08	-6.27164098432e-08
3.77850559414e-08	-7.04165898924e-08
3.78049529111e-08	-7.59458487209e-08
3.78248498807e-08	-7.87047227391e-08
3.78447468503e-08	-7.8150861782e-08
3.786464382e-08	-7.39698648999e-08
3.78845407896e-08	-6.6165789292e-08
3.79044377593e-08	-5.51040706398e-08
3.79243347289e-08	-4.14138696669e-08
3.79442316985e-08	-2.58688022114e-08
3.79641286682e-08	-9.39337230221e-09
3.79840256378e-08	7.01625024746e-09
3.80039226074e-08	2.22874874112e-08
3.80238195771e-08	3.54817402126e-08
3.80437165467e-08	4.58879263476e-08
3.80636135163e-08	5.31259907177e-08
3.8083510486e-08	5.70934517441e-08
3.81034074556e-08	5.7878217774e-08
3.81233044252e-08	5.57331034656e-08
3.81432013949e-08	5.10400326448e-08
3.81630983645e-08	4.43518608506e-08
3.81829953341e-08	3.62446641589e-08
3.82028923038e-08	2.72299924831e-08
3.82227892734e-08	1.76146812692e-08
3.8242686243e-08	7.57093587822e-09
3.82625832127e-08	-2.78882783533e-09
3.82824801823e-08	-1.33448629924e-08
3.83023771519e-08	-2.39532997881e-08
3.83222741216e-08	-3.44694335297e-08
3.83421710912e-08	-4.47166073059e-08
3.83620680608e-08	-5.44089999721e-08
3.83819650305e-08	-6.30644194644e-08
3.84018620001e-08	-7.00613327353e-08
3.84217589697e-08	-7.47578994265e-08
3.84416559394e-08	-7.66467564972e-08
3.8461552909e-08	-7.53836815193e-08
3.84814498786e-08	-7.0806223107e-08
3.85013468483e-08	-6.29201863944e-08
3.85212438179e-08	-5.19699270285e-08
3.85411407875e-08	-3.84967471234e-08
3.85610377572e-08	-2.33251640225e-08
3.85809347268e-08	-7.45349826303e-09
3.86008316965e-08	8.13448242099e-09
3.86207286661e-08	2.25592842185e-08
3.86406256357e-08	3.50501778712e-08
3.86605226054e-08	4.49745769515e-08
3.8680419575e-08	5.18568974428e-08
3.87003165446e-08	5.55125154733e-08
3.87202135143e-08	5.6037656293e-08
3.87401104839e-08	5.37935243017e-08
3.87600074535e-08	4.92271894359e-08
3.87799044232e-08	4.28006998732e-08
3.87998013928e-08	3.49099202879e-08
3.88196983624e-08	2.59772416911e-08
3.88395953321e-08	1.63862186042e-08
3.88594923017e-08	6.44791775528e-09
3.88793892713e-08	-3.68902908221e-09
3.8899286241e-08	-1.39859226422e-08
3.89191832106e-08	-2.43948043988e-08
3.89390801802e-08	-3.47638149378e-08
3.89589771499e-08	-4.478941662e-08
3.89788741195e-08	-5.40759863554e-08
3.89987710891e-08	-6.21995610572e-08
3.90186680588e-08	-6.87095678131e-08
3.90385650284e-08	-7.31023632738e-08
3.9058461998e-08	-7.48350430513e-08
3.90783589677e-08	-7.34737852781e-08
3.90982559373e-08	-6.88225370027e-08
3.91181529069e-08	-6.09849024613e-08
3.91380498766e-08	-5.03263422047e-08
3.91579468462e-08	-3.73875117532e-08
3.91778438158e-08	-2.28484360321e-08
3.91977407855e-08	-7.51966577894e-09
3.92176377551e-08	7.65644880829e-09
3.92375347247e-08	2.17182716256e-08
3.92574316944e-08	3.38360912622e-08
3.9277328664e-08	4.34384759274e-08
3.92972256336e-08	5.01993326907e-08
3.93171226033e-08	5.39903908248e-08
3.93370195729e-08	5.48213350271e-08
3.93569165426e-08	5.28764232399e-08
3.93768135122e-08	4.85074593826e-08
3.93967104818e-08	4.22219805785e-08
3.94166074515e-08	3.45258648338e-08
3.94365044211e-08	2.58393040298e-08
3.94564013907e-08	1.64155284921e-08
3.94762983604e-08	6.45665121368e-09
3.949619533e-08	-3.84097731398e-09
3.95160922996e-08	-1.42785516744e-08
3.95359892693e-08	-2.46816309613e-08
3.95558862389e-08	-3.49145139467e-08
3.95757832085e-08	-4.47801795644e-08
3.95956801782e-08	-5.39660334198e-08
3.96155771478e-08	-6.19738216301e-08
3.96354741174e-08	-6.82401264385e-08
3.96553710871e-08	-7.2239870974e-08
3.96752680567e-08	-7.35857383916e-08
3.96951650263e-08	-7.19955011164e-08
3.9715061996e-08	-6.73140903018e-08
3.97349589656e-08	-5.95455915686e-08
3.97548559352e-08	-4.89491824851e-08
3.97747529049e-08	-3.60755691986e-08
3.97946498745e-08	-2.17212079434e-08
3.98145468441e-08	-6.76811895417e-09
3.98344438138e-08	7.93146792688e-09
3.98543407834e-08	2.1581348264e-08
3.9874237753e-08	3.34426246695e-08
3.98941347227e-08	4.28772750638e-08
3.99140316923e-08	4.94420682173e-08
3.99339286619e-08	5.29670671767e-08
3.99538256316e-08	5.35648894129e-08
3.99737226012e-08	5.15288789416e-08
3.99936195708e-08	4.72061785217e-08
4.00135165405e-08	4.09572535887e-08
4.00334135101e-08	3.31809957288e-08
4.00533104797e-08	2.43214230977e-08
4.00732074494e-08	1.47865115707e-08
4.0093104419e-08	4.86910867181e-09
4.01130013887e-08	-5.26388310718e-09
4.01328983583e-08	-1.55282737779e-08
4.01527953279e-08	-2.57846792806e-08
4.01726922976e-08	-3.57994736078e-08
4.01925892672e-08	-4.52441959453e-08
4.02124862368e-08	-5.3789339205e-08
4.02323832065e-08	-6.10859061112e-08
4.02522801761e-08	-6.67295836365e-08
4.02721771457e-08	-7.02418816445e-08
4.02920741154e-08	-7.11543748366e-08
4.0311971085e-08	-6.91481218951e-08
4.03318680546e-08	-6.41263682155e-08
4.03517650243e-08	-5.62640316559e-08
4.03716619939e-08	-4.5894758216e-08
4.03915589635e-08	-3.35109184846e-08
4.04114559332e-08	-1.97244229838e-08
4.04313529028e-08	-5.34143484998e-09
4.04512498724e-08	8.74339534107e-09
4.04711468421e-08	2.1654400939e-08
4.04910438117e-08	3.26957447783e-08
4.05109407813e-08	4.13816785283e-08
4.0530837751e-08	4.74123709182e-08
4.05507347206e-08	5.06413613266e-08
4.05706316902e-08	5.10542719212e-08
4.05905286599e-08	4.88487366113e-08
4.06104256295e-08	4.44000143318e-08
4.06303225991e-08	3.81940772343e-08
4.06502195688e-08	3.06706766651e-08
4.06701165384e-08	2.21786304877e-08
4.0690013508e-08	1.29762591783e-08
4.07099104777e-08	3.31583027702e-09
4.07298074473e-08	-6.55820242557e-09
4.07497044169e-08	-1.64283395776e-08
4.07696013866e-08	-2.61532804302e-08
4.07894983562e-08	-3.56042377803e-08
4.08093953258e-08	-4.45854979603e-08
4.08292922955e-08	-5.27456194277e-08
4.08491892651e-08	-5.96358376015e-08
4.08690862348e-08	-6.47828954925e-08
4.08889832044e-08	-6.7804123205e-08
4.0908880174e-08	-6.83849776806e-08
4.09287771437e-08	-6.62984760424e-08
4.09486741133e-08	-6.13858190945e-08
4.09685710829e-08	-5.37057402994e-08
4.09884680526e-08	-4.35478249017e-08
4.10083650222e-08	-3.1486624863e-08
4.10282619918e-08	-1.82293131701e-08
4.10481589615e-08	-4.5424179973e-09
4.10680559311e-08	8.84986395278e-09
4.10879529007e-08	2.12074215966e-08
4.11078498704e-08	3.18488204698e-08
4.112774684e-08	4.01847408682e-08
4.11476438096e-08	4.58679991766e-08
4.11675407793e-08	4.88020930334e-08
4.11874377489e-08	4.91043579132e-08
4.12073347185e-08	4.70061607416e-08
4.12272316882e-08	4.27712230078e-08
4.12471286578e-08	3.67277408486e-08
4.12670256274e-08	2.9274737301e-08
4.12869225971e-08	2.08354471454e-08
4.13068195667e-08	1.1772983477e-08
4.13267165363e-08	2.32460317662e-09
4.1346613506e-08	-7.37087857416e-09
4.13665104756e-08	-1.71814740213e-08
4.13864074452e-08	-2.6903503425e-08
4.14063044149e-08	-3.62638132856e-08
4.14262013845e-08	-4.49805988012e-08
4.14460983541e-08	-5.27703996056e-08
4.14659953238e-08	-5.93056483922e-08
4.14858922934e-08	-6.41804689394e-08
4.1505789263e-08	-6.69401742925e-08
4.15256862327e-08	-6.71941080554e-08
4.15455832023e-08	-6.47096953799e-08
4.15654801719e-08	-5.94947060506e-08
4.15853771416e-08	-5.17042089143e-08
4.16052741112e-08	-4.16485477217e-08
4.16251710809e-08	-2.97562330331e-08
4.16450680505e-08	-1.66616871411e-08
4.16649650201e-08	-3.13407144681e-09
4.16848619898e-08	9.98258986584e-09
4.17047589594e-08	2.19392628509e-08
4.1724655929e-08	3.21278363913e-08
4.17445528987e-08	4.01261814886e-08
4.17644498683e-08	4.56179591879e-08
4.17843468379e-08	4.84287312474e-08
4.18042438076e-08	4.85504045855e-08
4.18241407772e-08	4.6201773074e-08
4.18440377468e-08	4.17494057103e-08
4.18639347165e-08	3.55982159306e-08
4.18838316861e-08	2.81130603241e-08
4.19037286557e-08	1.95969054317e-08
4.19236256254e-08	1.03446771149e-08
4.1943522595e-08	6.59940158076e-10
4.19634195646e-08	-9.17474007878e-09
4.19833165343e-08	-1.89391773375e-08
4.20032135039e-08	-2.84919785543e-08
4.20231104735e-08	-3.76591522411e-08
4.20430074432e-08	-4.61672620133e-08
4.20629044128e-08	-5.36383168992e-08
4.20828013824e-08	-5.96625540084e-08
4.21026983521e-08	-6.38790069729e-08
4.21225953217e-08	-6.59751648868e-08
4.21424922913e-08	-6.57059473497e-08
4.2162389261e-08	-6.28566212413e-08
4.21822862306e-08	-5.73524658876e-08
4.22021832002e-08	-4.93093779141e-08
4.22220801699e-08	-3.91241670172e-08
4.22419771395e-08	-2.73374425319e-08
4.22618741091e-08	-1.46098289022e-08
4.22817710788e-08	-1.59319935022e-09
4.23016680484e-08	1.10118731911e-08
4.2321565018e-08	2.25205525339e-08
4.23414619877e-08	3.22678772591e-08
4.23613589573e-08	3.97682171638e-08
4.2381255927e-08	4.47411601101e-08
4.24011528966e-08	4.71571119931e-08
4.24210498662e-08	4.70856846846e-08
4.24409468359e-08	4.47032384443e-08
4.24608438055e-08	4.02367348329e-08
4.24807407751e-08	3.4036894192e-08
4.25006377448e-08	2.6503832018e-08
4.25205347144e-08	1.8055395401e-08
4.2540431684e-08	8.99990570957e-09
4.25603286537e-08	-4.33648172926e-10
4.25802256233e-08	-1.00790540358e-08
4.26001225929e-08	-1.97141432068e-08
4.26200195626e-08	-2.90763342292e-08
4.26399165322e-08	-3.79057176758e-08
4.26598135018e-08	-4.59600357772e-08
4.26797104715e-08	-5.29922203896e-08
4.26996074411e-08	-5.86746260467e-08
4.27195044107e-08	-6.26292901984e-08
4.27394013804e-08	-6.44687290219e-08
4.275929835e-08	-6.39162465177e-08
4.27791953196e-08	-6.08685724046e-08
4.27990922893e-08	-5.53726735575e-08
4.28189892589e-08	-4.75820556289e-08
4.28388862285e-08	-3.77690803077e-08
4.28587831982e-08	-2.63722448324e-08
4.28786801678e-08	-1.401621752e-08
4.28985771374e-08	-1.42205347498e-09
4.29184741071e-08	1.06761515184e-08
4.29383710767e-08	2.16532818342e-08
4.29582680463e-08	3.10051859742e-08
4.2978165016e-08	3.83176832486e-08
4.29980619856e-08	4.32790194793e-08
4.30179589552e-08	4.57128379594e-08
4.30378559249e-08	4.5670084603e-08
4.30577528945e-08	4.33561631041e-08
4.30776498642e-08	3.91016179435e-08
4.30975468338e-08	3.32106502299e-08
4.31174438034e-08	2.59902002142e-08
4.31373407731e-08	1.77222663211e-08
4.31572377427e-08	8.74382966032e-09
4.31771347123e-08	-6.26470320064e-10
4.3197031682e-08	-1.01219370663e-08
4.32169286516e-08	-1.95630001087e-08
4.32368256212e-08	-2.87787482733e-08
4.32567225909e-08	-3.75535584851e-08
4.32766195605e-08	-4.5566228124e-08
4.32965165301e-08	-5.24610790364e-08
4.33164134998e-08	-5.78954697517e-08
4.33363104694e-08	-6.15862632003e-08
4.3356207439e-08	-6.32726511185e-08
4.33761044087e-08	-6.2695256986e-08
4.33960013783e-08	-5.96724731849e-08
4.34158983479e-08	-5.41723963465e-08
4.34357953176e-08	-4.6388354491e-08
4.34556922872e-08	-3.66933932128e-08
4.34755892568e-08	-2.55870400423e-08
4.34954862265e-08	-1.36116824478e-08
4.35153831961e-08	-1.36822064789e-09
4.35352801657e-08	1.04916741961e-08
4.35551771354e-08	2.1276647999e-08
4.3575074105e-08	3.04078433544e-08
4.35949710746e-08	3.74510378265e-08
4.36148680443e-08	4.22052401916e-08
4.36347650139e-08	4.45742749378e-08
4.36546619835e-08	4.45949197569e-08
4.36745589532e-08	4.23535055916e-08
4.36944559228e-08	3.80825575519e-08
4.37143528924e-08	3.21266462322e-08
4.37342498621e-08	2.48757601184e-08
4.37541468317e-08	1.66884426278e-08
4.37740438013e-08	7.82493092544e-09
4.3793940771e-08	-1.47209033852e-09
4.38138377406e-08	-1.09719549002e-08
4.38337347103e-08	-2.03815524458e-08
4.38536316799e-08	-2.94303710291e-08
4.38735286495e-08	-3.78749867025e-08
4.38934256192e-08	-4.55004247613e-08
4.39133225888e-08	-5.20468006471e-08
4.39332195584e-08	-5.71734410926e-08
4.39531165281e-08	-6.05143384291e-08
4.39730134977e-08	-6.17703577177e-08
4.39929104673e-08	-6.07661974072e-08
4.4012807437e-08	-5.74590437452e-08
4.40327044066e-08	-5.18877456557e-08
4.40526013762e-08	-4.41920668948e-08
4.40724983459e-08	-3.46444082311e-08
4.40923953155e-08	-2.37128734426e-08
4.41122922851e-08	-1.20117391589e-08
4.41321892548e-08	-2.15658504943e-10
4.41520862244e-08	1.10574678303e-08
4.4171983194e-08	2.12509672082e-08
4.41918801637e-08	2.98980005198e-08
4.42117771333e-08	3.65646108946e-08
4.42316741029e-08	4.09526990097e-08
4.42515710726e-08	4.29343600672e-08
4.42714680422e-08	4.25943973426e-08
4.42913650118e-08	4.01488478019e-08
4.43112619815e-08	3.58480001239e-08
4.43311589511e-08	2.99720461783e-08
4.43510559207e-08	2.27909211503e-08
4.43709528904e-08	1.46523166933e-08
4.439084986e-08	5.90274407131e-09
4.44107468296e-08	-3.12590286988e-09
4.44306437993e-08	-1.22118892776e-08
4.44505407689e-08	-2.11851851617e-08
4.44704377385e-08	-2.98412281552e-08
4.44903347082e-08	-3.79145888019e-08
4.45102316778e-08	-4.5094420642e-08
4.45301286474e-08	-5.10857702807e-08
4.45500256171e-08	-5.56438664034e-08
4.45699225867e-08	-5.85297286193e-08
4.45898195564e-08	-5.9513002526e-08
4.4609716526e-08	-5.83510093577e-08
4.46296134956e-08	-5.49286198748e-08
4.46495104653e-08	-4.92859015822e-08
4.46694074349e-08	-4.16764329714e-08
4.46893044045e-08	-3.24368123472e-08
4.47092013742e-08	-2.20047269295e-08
4.47290983438e-08	-1.08474980109e-08
4.47489953134e-08	4.53471177275e-10
4.47688922831e-08	1.12672715602e-08
4.47887892527e-08	2.09709654087e-08
4.48086862223e-08	2.90729555985e-08
4.4828583192e-08	3.52441915652e-08
4.48484801616e-08	3.93094765627e-08
4.48683771312e-08	4.11667144817e-08
4.48882741009e-08	4.0805360868e-08
4.49081710705e-08	3.83413016891e-08
4.49280680401e-08	3.40189352244e-08
4.49479650098e-08	2.81962240223e-08
4.49678619794e-08	2.12100594865e-08
4.4987758949e-08	1.33620989828e-08
4.50076559187e-08	4.87270801486e-09
4.50275528883e-08	-3.99625044167e-09
4.50474498579e-08	-1.29679502692e-08
4.50673468276e-08	-2.1746947354e-08
4.50872437972e-08	-3.01127762725e-08
4.51071407668e-08	-3.78607651896e-08
4.51270377365e-08	-4.4790049003e-08
4.51469347061e-08	-5.06128898792e-08
4.51668316757e-08	-5.50035359481e-08
4.51867286454e-08	-5.76402783281e-08
4.5206625615e-08	-5.83133861198e-08
4.52265225846e-08	-5.69187044164e-08
4.52464195543e-08	-5.34155759624e-08
4.52663165239e-08	-4.78262514036e-08
4.52862134935e-08	-4.0273821611e-08
4.53061104632e-08	-3.107494706e-08
4.53260074328e-08	-2.06986694451e-08
4.53459044025e-08	-9.73266089943e-09
4.53658013721e-08	1.25347399127e-09
4.53856983417e-08	1.17087646245e-08
4.54055953114e-08	2.11496864466e-08
4.5425492281e-08	2.90858501728e-08
4.54453892506e-08	3.51158000456e-08
4.54652862203e-08	3.89623941999e-08
4.54851831899e-08	4.05712228257e-08
4.55050801595e-08	4.00301658487e-08
4.55249771292e-08	3.75150257526e-08
4.55448740988e-08	3.32121175006e-08
4.55647710684e-08	2.73609828128e-08
4.55846680381e-08	2.02469241373e-08
4.56045650077e-08	1.224547308e-08
4.56244619773e-08	3.68844776943e-09
4.5644358947e-08	-5.13089082332e-09
4.56642559166e-08	-1.40236124935e-08
4.56841528862e-08	-2.27757137594e-08
4.57040498559e-08	-3.11370200734e-08
4.57239468255e-08	-3.88048455591e-08
4.57438437951e-08	-4.54753674717e-08
4.57637407648e-08	-5.092415023e-08
4.57836377344e-08	-5.49193615029e-08
4.5803534704e-08	-5.72523042308e-08
4.58234316737e-08	-5.76526772988e-08
4.58433286433e-08	-5.59510269227e-08
4.58632256129e-08	-5.20865341969e-08
4.58831225826e-08	-4.61883189473e-08
4.59030195522e-08	-3.85176157636e-08
4.59229165218e-08	-2.93852622235e-08
4.59428134915e-08	-1.91851015074e-08
4.59627104611e-08	-8.38341218667e-09
4.59826074307e-08	2.42735165301e-09
4.60025044004e-08	1.2633127433e-08
4.602240137e-08	2.16854250112e-08
4.60422983396e-08	2.91681523379e-08
4.60621953093e-08	3.48067779044e-08
4.60820922789e-08	3.84106328966e-08
4.61019892486e-08	3.98599695473e-08
4.61218862182e-08	3.91353935925e-08
4.61417831878e-08	3.63901087042e-08
4.61616801575e-08	3.19000719173e-08
4.61815771271e-08	2.59953694126e-08
4.62014740967e-08	1.89657747285e-08
4.62213710664e-08	1.10689573063e-08
4.6241268036e-08	2.56417731492e-09
4.62611650056e-08	-6.24491347523e-09
4.62810619753e-08	-1.50432626356e-08
4.63009589449e-08	-2.35569110885e-08
4.63208559145e-08	-3.15738084566e-08
4.63407528842e-08	-3.89196657125e-08
4.63606498538e-08	-4.53386164168e-08
4.63805468234e-08	-5.05455837185e-08
4.64004437931e-08	-5.4219615464e-08
4.64203407627e-08	-5.61532971233e-08
4.64402377323e-08	-5.62007897997e-08
4.6460134702e-08	-5.43062839142e-08
4.64800316716e-08	-5.04318720118e-08
4.64999286412e-08	-4.46086509953e-08
4.65198256109e-08	-3.70203103728e-08
4.65397225805e-08	-2.80082730342e-08
4.65596195501e-08	-1.80606996025e-08
4.65795165198e-08	-7.69131958123e-09
4.65994134894e-08	2.60763766136e-09
4.6619310459e-08	1.23565575549e-08
4.66392074287e-08	2.10828048353e-08
4.66591043983e-08	2.83135701551e-08
4.66790013679e-08	3.36931904599e-08
4.66988983376e-08	3.70278741002e-08
4.67187953072e-08	3.83007723315e-08
4.67386922768e-08	3.75905493399e-08
4.67585892465e-08	3.50147111305e-08
4.67784862161e-08	3.07340499717e-08
4.67983831858e-08	2.49757583504e-08
4.68182801554e-08	1.80609305289e-08
4.6838177125e-08	1.03403703378e-08
4.68580740947e-08	2.12424411394e-09
4.68779710643e-08	-6.36517816233e-09
4.68978680339e-08	-1.49210652722e-08
4.69177650036e-08	-2.33034676e-08
4.69376619732e-08	-3.12170378436e-08
4.69575589428e-08	-3.8373936917e-08
4.69774559125e-08	-4.4530061416e-08
4.69973528821e-08	-4.94901009063e-08
4.70172498517e-08	-5.30477919369e-08
4.70371468214e-08	-5.49699379349e-08
4.7057043791e-08	-5.50228236307e-08
4.70769407606e-08	-5.30747890082e-08
4.70968377303e-08	-4.91557443638e-08
4.71167346999e-08	-4.34105018599e-08
4.71366316695e-08	-3.60682648193e-08
4.71565286392e-08	-2.73867417633e-08
4.71764256088e-08	-1.77364505305e-08
4.71963225784e-08	-7.58211271545e-09
4.72162195481e-08	2.50492937504e-09
4.72361165177e-08	1.19774590246e-08
4.72560134873e-08	2.03656185249e-08
4.7275910457e-08	2.73353766289e-08
4.72958074266e-08	3.26079572233e-08
4.73157043962e-08	3.59695917496e-08
4.73356013659e-08	3.7276858933e-08
4.73554983355e-08	3.65434722482e-08
4.73753953051e-08	3.39293997342e-08
4.73952922748e-08	2.96893141183e-08
4.74151892444e-08	2.40852049416e-08
4.7435086214e-08	1.73548553306e-08
4.74549831837e-08	9.73679803451e-09
4.74748801533e-08	1.52043400092e-09
4.74947771229e-08	-6.96160551428e-09
4.75146740926e-08	-1.54013015674e-08
4.75345710622e-08	-2.35631816281e-08
4.75544680319e-08	-3.1256540467e-08
4.75743650015e-08	-3.8256121826e-08
4.75942619711e-08	-4.42899619202e-08
4.76141589408e-08	-4.90517386709e-08
4.76340559104e-08	-5.23006740138e-08
4.765395288e-08	-5.38641771186e-08
4.76738498497e-08	-5.36530961881e-08
4.76937468193e-08	-5.15884615027e-08
4.77136437889e-08	-4.76337405075e-08
4.77335407586e-08	-4.18430694538e-08
4.77534377282e-08	-3.44485400205e-08
4.77733346978e-08	-2.58122998531e-08
4.77932316675e-08	-1.63847282408e-08
4.78131286371e-08	-6.59598153874e-09
4.78330256067e-08	3.09807224319e-09
4.78529225764e-08	1.22482735065e-08
4.7872819546e-08	2.03601544513e-08
4.78927165156e-08	2.70079407727e-08
4.79126134853e-08	3.18812816147e-08
4.79325104549e-08	3.48415341023e-08
4.79524074245e-08	3.58764147279e-08
4.79723043942e-08	3.5018143052e-08
4.79922013638e-08	3.23494440124e-08
4.80120983334e-08	2.80238445782e-08
4.80319953031e-08	2.23086260576e-08
4.80518922727e-08	1.55386690182e-08
4.80717892423e-08	8.02859645432e-09
4.8091686212e-08	5.7282418392e-11
4.81115831816e-08	-8.1661397644e-09
4.81314801512e-08	-1.63938249642e-08
4.81513771209e-08	-2.43465816396e-08
4.81712740905e-08	-3.17157500263e-08
4.81911710601e-08	-3.82653979614e-08
4.82110680298e-08	-4.3795438387e-08
4.82309649994e-08	-4.81314934575e-08
4.8250861969e-08	-5.10572455426e-08
4.82707589387e-08	-5.23543519648e-08
4.82906559083e-08	-5.18439797759e-08
4.8310552878e-08	-4.94909038196e-08
4.83304498476e-08	-4.53592612359e-08
4.83503468172e-08	-3.96182819884e-08
4.83702437869e-08	-3.24336220103e-08
4.83901407565e-08	-2.40805011487e-08
4.84100377261e-08	-1.49160843677e-08
4.84299346958e-08	-5.43606093473e-09
4.84498316654e-08	3.85537113345e-09
4.8469728635e-08	1.24723698036e-08
4.84896256047e-08	2.00522638494e-08
4.85095225743e-08	2.62634713977e-08
4.85294195439e-08	3.0857780331e-08
4.85493165136e-08	3.35910144145e-08
4.85692134832e-08	3.43897106347e-08
4.85891104528e-08	3.32921956669e-08
4.86090074225e-08	3.05045979587e-08
4.86289043921e-08	2.62234518544e-08
4.86488013617e-08	2.0675082979e-08
4.86686983314e-08	1.40735130216e-08
