% time-domain voltage integration by openEMS v0.0.36 @Thu Jan 22 08:34:31 2026
% start-coordinates: (-0.0258065,0.0115,0.0015) m -> [43,65,9]
% stop-coordinates: (-0.0258065,0.0115,0) m -> [43,65,7]
% t/s	voltage
0	0
1.98969696342e-11	0
3.97939392684e-11	-9.617000077e-22
5.96909089027e-11	-9.25235501279e-13
7.95878785369e-11	-2.6710574863e-09
9.94848481711e-11	-5.79186654193e-08
1.19381817805e-10	-3.91454435089e-07
1.3927878744e-10	-3.11521290541e-07
1.59175757074e-10	-8.78241692703e-08
1.79072726708e-10	1.05327751498e-06
1.98969696342e-10	3.98077872887e-06
2.18866665976e-10	9.80114600679e-06
2.38763635611e-10	1.92558427443e-05
2.58660605245e-10	3.16738369293e-05
2.78557574879e-10	4.32489759987e-05
2.98454544513e-10	4.56366888102e-05
3.18351514148e-10	2.5458231903e-05
3.38248483782e-10	-3.33098578267e-05
3.58145453416e-10	-0.000143302982906
3.7804242305e-10	-0.000304654749925
3.97939392684e-10	-0.000495706117363
4.17836362319e-10	-0.000668562104693
4.37733331953e-10	-0.000754955719458
4.57630301587e-10	-0.000684688420733
4.77527271221e-10	-0.000412960129324
4.97424240856e-10	5.31479927304e-05
5.1732121049e-10	0.000641948427074
5.37218180124e-10	0.00122802873375
5.57115149758e-10	0.00166696170345
5.77012119392e-10	0.00184269808233
5.96909089027e-10	0.00170874182368
6.16806058661e-10	0.00130560086109
6.36703028295e-10	0.000746630015783
6.56599997929e-10	0.000178279267857
6.76496967564e-10	-0.000268427975243
6.96393937198e-10	-0.000516144616995
7.16290906832e-10	-0.000556556304218
7.36187876466e-10	-0.000441132477135
7.560848461e-10	-0.000254904734902
7.75981815735e-10	-8.548025653e-05
7.95878785369e-10	2.48168555572e-06
8.15775755003e-10	-1.8697573978e-05
8.35672724637e-10	-0.000137991155498
8.55569694272e-10	-0.000314221018925
8.75466663906e-10	-0.00049106242659
8.9536363354e-10	-0.0006143944629
9.15260603174e-10	-0.000647500390187
9.35157572808e-10	-0.000580237276154
9.55054542443e-10	-0.000429847772466
9.74951512077e-10	-0.00023357354803
9.94848481711e-10	-3.6039033148e-05
1.01474545135e-09	0.000124034591863
1.03464242098e-09	0.000223310431466
1.05453939061e-09	0.000257024701568
1.07443636025e-09	0.000236005093029
1.09433332988e-09	0.000180129369255
1.11423029952e-09	0.000110896522528
1.13412726915e-09	4.5974375098e-05
1.15402423878e-09	-2.8896782851e-06
1.17392120842e-09	-2.93975135719e-05
1.19381817805e-09	-3.08600829158e-05
1.21371514769e-09	-6.65169568492e-06
1.23361211732e-09	4.19490406784e-05
1.25350908696e-09	0.000110301505629
1.27340605659e-09	0.000188083147805
1.29330302622e-09	0.000257615378359
1.31319999586e-09	0.000294493307592
1.33309696549e-09	0.000272214398137
1.35299393513e-09	0.000170582810824
1.37289090476e-09	-1.39010280691e-05
1.3927878744e-09	-0.000260265849647
1.41268484403e-09	-0.000522262067534
1.43258181366e-09	-0.000737611670047
1.4524787833e-09	-0.000846144888783
1.47237575293e-09	-0.00081095189671
1.49227272257e-09	-0.000633737130556
1.5121696922e-09	-0.000357109151082
1.53206666184e-09	-5.14545426995e-05
1.55196363147e-09	0.000208780140383
1.5718606011e-09	0.00036965131585
1.59175757074e-09	0.000412971334299
1.61165454037e-09	0.000356742122676
1.63155151001e-09	0.000242388516199
1.65144847964e-09	0.000116067541967
1.67134544927e-09	1.2762240658e-05
1.69124241891e-09	-5.11872876814e-05
1.71113938854e-09	-7.63929456298e-05
1.73103635818e-09	-7.31891122996e-05
1.75093332781e-09	-5.37848172826e-05
1.77083029745e-09	-2.73441874015e-05
1.79072726708e-09	1.04942637336e-06
1.81062423671e-09	2.89017625619e-05
1.83052120635e-09	5.40632991033e-05
1.85041817598e-09	7.32623630029e-05
1.87031514562e-09	8.18288353912e-05
1.89021211525e-09	7.44460885471e-05
1.91010908489e-09	4.67170248157e-05
1.93000605452e-09	-2.70228974841e-06
1.94990302415e-09	-6.99103657098e-05
1.96979999379e-09	-0.000144440389704
1.98969696342e-09	-0.000209868550883
2.00959393306e-09	-0.000247168725764
2.02949090269e-09	-0.000240430556005
2.04938787232e-09	-0.000183235453733
2.06928484196e-09	-8.30147109809e-05
2.08918181159e-09	3.89900051232e-05
2.10907878123e-09	0.000153085711645
2.12897575086e-09	0.000230209974688
2.1488727205e-09	0.000251598816249
2.16876969013e-09	0.00021502290474
2.18866665976e-09	0.000135075766593
2.2085636294e-09	3.74640239897e-05
2.22846059903e-09	-5.02834391227e-05
2.24835756867e-09	-0.000107774430944
2.2682545383e-09	-0.000127031198645
2.28815150794e-09	-0.000112603705929
2.30804847757e-09	-7.73017600295e-05
2.3279454472e-09	-3.61025540769e-05
2.34784241684e-09	-9.14373913474e-07
2.36773938647e-09	2.20686752073e-05
2.38763635611e-09	3.21762981912e-05
2.40753332574e-09	3.22497635352e-05
2.42743029538e-09	2.62836620095e-05
2.44732726501e-09	1.77201545739e-05
2.46722423464e-09	8.76715512277e-06
2.48712120428e-09	5.61821536849e-07
2.50701817391e-09	-6.34253274256e-06
2.52691514355e-09	-1.16278333735e-05
2.54681211318e-09	-1.50867795128e-05
2.56670908281e-09	-1.6696953935e-05
2.58660605245e-09	-1.67215957845e-05
2.60650302208e-09	-1.55306106535e-05
2.62639999172e-09	-1.32019313241e-05
2.64629696135e-09	-9.11594361241e-06
2.66619393099e-09	-1.9296148821e-06
2.68609090062e-09	9.78729576673e-06
2.70598787025e-09	2.63165738943e-05
2.72588483989e-09	4.5566335757e-05
2.74578180952e-09	6.27624285698e-05
2.76567877916e-09	7.15989153832e-05
2.78557574879e-09	6.67327803967e-05
2.80547271843e-09	4.65423654532e-05
2.82536968806e-09	1.4709390598e-05
2.84526665769e-09	-2.0530736947e-05
2.86516362733e-09	-4.93265270052e-05
2.88506059696e-09	-6.41011502012e-05
2.9049575666e-09	-6.24516433163e-05
2.92485453623e-09	-4.76503755635e-05
2.94475150586e-09	-2.66665329036e-05
2.9646484755e-09	-6.83036705595e-06
2.98454544513e-09	7.01760882293e-06
3.00444241477e-09	1.37321517286e-05
3.0243393844e-09	1.51231420205e-05
3.04423635404e-09	1.41794835145e-05
3.06413332367e-09	1.33625944727e-05
3.0840302933e-09	1.3733247215e-05
3.10392726294e-09	1.49616839735e-05
3.12382423257e-09	1.58419379659e-05
3.14372120221e-09	1.48268850353e-05
3.16361817184e-09	1.04297155303e-05
3.18351514148e-09	1.6380948864e-06
3.20341211111e-09	-1.15281695798e-05
3.22330908074e-09	-2.74030589935e-05
3.24320605038e-09	-4.23647288699e-05
3.26310302001e-09	-5.13124196004e-05
3.28299998965e-09	-4.91112332384e-05
3.30289695928e-09	-3.27366542479e-05
3.32279392892e-09	-3.22909249917e-06
3.34269089855e-09	3.35067616106e-05
3.36258786818e-09	6.77996249578e-05
3.38248483782e-09	8.91649033292e-05
3.40238180745e-09	9.01201601664e-05
3.42227877709e-09	6.92466564942e-05
3.44217574672e-09	3.21159150189e-05
3.46207271635e-09	-1.0545808891e-05
3.48196968599e-09	-4.67192894575e-05
3.50186665562e-09	-6.73322101647e-05
3.52176362526e-09	-6.90905981173e-05
3.54166059489e-09	-5.48702373635e-05
3.56155756453e-09	-3.17153389915e-05
3.58145453416e-09	-7.66448056311e-06
3.60135150379e-09	1.11505246423e-05
3.62124847343e-09	2.19763524001e-05
3.64114544306e-09	2.52782274401e-05
3.6610424127e-09	2.34482777159e-05
3.68093938233e-09	1.9197869733e-05
3.70083635197e-09	1.44329824252e-05
3.7207333216e-09	9.86193526842e-06
3.74063029123e-09	5.18045703757e-06
3.76052726087e-09	-4.36578744711e-07
3.7804242305e-09	-7.76923911872e-06
3.80032120014e-09	-1.70669236468e-05
3.82021816977e-09	-2.76418904832e-05
3.8401151394e-09	-3.76424959541e-05
3.86001210904e-09	-4.41625779786e-05
3.87990907867e-09	-4.38709066657e-05
3.89980604831e-09	-3.4099275581e-05
3.91970301794e-09	-1.41271075336e-05
3.93959998758e-09	1.37928468575e-05
3.95949695721e-09	4.43092012574e-05
3.97939392684e-09	7.00004202372e-05
3.99929089648e-09	8.34362399473e-05
4.01918786611e-09	7.97124776e-05
4.03908483575e-09	5.84637036809e-05
4.05898180538e-09	2.44981056312e-05
4.07887877502e-09	-1.34111996886e-05
4.09877574465e-09	-4.53020857094e-05
4.11867271428e-09	-6.33427371213e-05
4.13856968392e-09	-6.43953389954e-05
4.15846665355e-09	-5.07424883835e-05
4.17836362319e-09	-2.87196453428e-05
4.19826059282e-09	-5.95487063038e-06
4.21815756246e-09	1.14833001135e-05
4.23805453209e-09	2.08341716643e-05
4.25795150172e-09	2.27084310609e-05
4.27784847136e-09	1.98016450668e-05
4.29774544099e-09	1.51179847308e-05
4.31764241063e-09	1.06284401227e-05
4.33753938026e-09	6.81945221004e-06
4.35743634989e-09	3.04960576614e-06
4.37733331953e-09	-1.69570614617e-06
4.39723028916e-09	-8.07620563137e-06
4.4171272588e-09	-1.59944365805e-05
4.43702422843e-09	-2.44808788921e-05
4.45692119807e-09	-3.18015299854e-05
4.4768181677e-09	-3.57481458195e-05
4.49671513733e-09	-3.40889928339e-05
4.51661210697e-09	-2.52072668445e-05
4.5365090766e-09	-8.84742985363e-06
4.55640604624e-09	1.32655018206e-05
4.57630301587e-09	3.72559607058e-05
4.59619998551e-09	5.76704951527e-05
4.61609695514e-09	6.88684995112e-05
4.63599392477e-09	6.68475040584e-05
4.65589089441e-09	5.08706798428e-05
4.67578786404e-09	2.41713469222e-05
4.69568483368e-09	-6.72932674206e-06
4.71558180331e-09	-3.40282658726e-05
4.73547877294e-09	-5.11641628691e-05
4.75537574258e-09	-5.49281630811e-05
4.77527271221e-09	-4.62687930849e-05
4.79516968185e-09	-2.95405488941e-05
4.81506665148e-09	-1.05878848444e-05
4.83496362112e-09	5.41744566362e-06
4.85486059075e-09	1.55291081683e-05
4.87475756038e-09	1.93704636331e-05
4.89465453002e-09	1.84497976079e-05
4.91455149965e-09	1.49332950059e-05
4.93444846929e-09	1.05679177977e-05
4.95434543892e-09	6.16337501924e-06
4.97424240856e-09	1.72127596443e-06
4.99413937819e-09	-3.13274222208e-06
5.01403634782e-09	-8.68428969625e-06
5.03393331746e-09	-1.48545491356e-05
5.05383028709e-09	-2.10783155126e-05
5.07372725673e-09	-2.62977764578e-05
5.09362422636e-09	-2.90147518172e-05
5.113521196e-09	-2.75019865512e-05
5.13341816563e-09	-2.02966884899e-05
5.15331513526e-09	-6.89016178512e-06
5.1732121049e-09	1.15962930067e-05
5.19310907453e-09	3.21171792166e-05
5.21300604417e-09	5.00852092955e-05
5.2329030138e-09	6.05261084274e-05
5.25279998343e-09	5.96653808316e-05
5.27269695307e-09	4.64138865937e-05
5.2925939227e-09	2.314640642e-05
5.31249089234e-09	-4.69095243716e-06
5.33238786197e-09	-3.01317813864e-05
5.35228483161e-09	-4.68898542749e-05
5.37218180124e-09	-5.14052590006e-05
5.39207877087e-09	-4.39067953266e-05
5.41197574051e-09	-2.80818176179e-05
5.43187271014e-09	-9.48194474404e-06
5.45176967978e-09	6.53640586279e-06
5.47166664941e-09	1.65710525835e-05
5.49156361905e-09	1.98500492843e-05
5.51146058868e-09	1.78412237801e-05
5.53135755831e-09	1.30497332975e-05
5.55125452795e-09	7.76275510361e-06
5.57115149758e-09	3.22210814829e-06
5.59104846722e-09	-5.12517203788e-07
5.61094543685e-09	-4.15367730966e-06
5.63084240649e-09	-8.50113156048e-06
5.65073937612e-09	-1.38633713505e-05
5.67063634575e-09	-1.97518711502e-05
5.69053331539e-09	-2.48759070018e-05
5.71043028502e-09	-2.74433268714e-05
5.73032725466e-09	-2.56206167251e-05
5.75022422429e-09	-1.81224668268e-05
5.77012119392e-09	-4.81953020426e-06
5.79001816356e-09	1.28494252749e-05
5.80991513319e-09	3.18090515066e-05
5.82981210283e-09	4.78514266433e-05
5.84970907246e-09	5.66563467146e-05
5.8696060421e-09	5.51366920263e-05
5.88950301173e-09	4.26227870776e-05
5.90939998136e-09	2.14058300116e-05
5.929296951e-09	-3.68087557945e-06
5.94919392063e-09	-2.66068000201e-05
5.96909089027e-09	-4.19768548454e-05
5.9889878599e-09	-4.67201116408e-05
6.00888482954e-09	-4.09410949942e-05
6.02878179917e-09	-2.76507744275e-05
6.0486787688e-09	-1.15016982818e-05
6.06857573844e-09	2.93205107482e-06
6.08847270807e-09	1.26245131469e-05
6.10836967771e-09	1.67283633346e-05
6.12826664734e-09	1.62694987011e-05
6.14816361697e-09	1.31776905619e-05
6.16806058661e-09	9.20120419323e-06
6.18795755624e-09	5.22756522514e-06
6.20785452588e-09	1.22433090155e-06
6.22775149551e-09	-3.29680176492e-06
6.24764846515e-09	-8.70067697178e-06
6.26754543478e-09	-1.47696614476e-05
6.28744240441e-09	-2.06147124118e-05
6.30733937405e-09	-2.48567585004e-05
6.32723634368e-09	-2.60071155935e-05
6.34713331332e-09	-2.28324797718e-05
6.36703028295e-09	-1.47448304233e-05
6.38692725259e-09	-2.0929484208e-06
6.40682422222e-09	1.36538951665e-05
6.42672119185e-09	2.9919599001e-05
6.44661816149e-09	4.34023550042e-05
6.46651513112e-09	5.0764894695e-05
6.48641210076e-09	4.95727072121e-05
6.50630907039e-09	3.91849589505e-05
6.52620604003e-09	2.12301483771e-05
6.54610300966e-09	-5.6777332702e-07
6.56599997929e-09	-2.13080566027e-05
6.58589694893e-09	-3.62914979632e-05
6.60579391856e-09	-4.24369900429e-05
6.6256908882e-09	-3.91726189264e-05
6.64558785783e-09	-2.84807529169e-05
6.66548482746e-09	-1.40780362017e-05
6.6853817971e-09	-7.04958722508e-08
6.70527876673e-09	1.03470083559e-05
6.72517573637e-09	1.56976102517e-05
6.745072706e-09	1.62594642461e-05
6.76496967564e-09	1.34665801852e-05
6.78486664527e-09	9.04436046767e-06
6.8047636149e-09	4.27633926847e-06
6.82466058454e-09	-3.01730779029e-07
6.84455755417e-09	-4.76059358334e-06
6.86445452381e-09	-9.35871230467e-06
6.88435149344e-09	-1.41085233736e-05
6.90424846308e-09	-1.85350754691e-05
6.92414543271e-09	-2.16809439735e-05
6.94404240234e-09	-2.23419847316e-05
6.96393937198e-09	-1.94000122065e-05
6.98383634161e-09	-1.22158558042e-05
7.00373331125e-09	-9.65175473766e-07
7.02363028088e-09	1.31270899146e-05
7.04352725051e-09	2.77741291939e-05
7.06342422015e-09	3.99470682169e-05
7.08332118978e-09	4.65450902993e-05
7.10321815942e-09	4.52922868135e-05
7.12311512905e-09	3.55815900548e-05
7.14301209869e-09	1.89340280485e-05
7.16290906832e-09	-1.19683170396e-06
7.18280603795e-09	-2.02713017643e-05
7.20270300759e-09	-3.39600865118e-05
7.22259997722e-09	-3.94281778426e-05
7.24249694686e-09	-3.61471047654e-05
7.26239391649e-09	-2.5954845114e-05
7.28229088613e-09	-1.23174454529e-05
7.30218785576e-09	8.93004965974e-07
7.32208482539e-09	1.0624171864e-05
7.34198179503e-09	1.54383860718e-05
7.36187876466e-09	1.55888628797e-05
7.3817757343e-09	1.2494585917e-05
7.40167270393e-09	7.87864019003e-06
7.42156967357e-09	3.0355375884e-06
7.4414666432e-09	-1.5025878497e-06
7.46136361283e-09	-5.82672987548e-06
7.48126058247e-09	-1.02182152659e-05
7.5011575521e-09	-1.46669799506e-05
7.52105452174e-09	-1.86321840374e-05
7.54095149137e-09	-2.10916577998e-05
7.560848461e-09	-2.08536603168e-05
7.58074543064e-09	-1.69785698745e-05
7.60064240027e-09	-9.1526126198e-06
7.62053936991e-09	2.06573974992e-06
7.64043633954e-09	1.5198453184e-05
7.66033330918e-09	2.80200456473e-05
7.68023027881e-09	3.7933130443e-05
7.70012724844e-09	4.25289490522e-05
7.72002421808e-09	4.02391979151e-05
7.73992118771e-09	3.08743519781e-05
7.75981815735e-09	1.58952880156e-05
7.77971512698e-09	-1.78143551466e-06
7.79961209662e-09	-1.84318741958e-05
7.81950906625e-09	-3.05020257656e-05
7.83940603588e-09	-3.55931679223e-05
7.85930300552e-09	-3.31339324475e-05
7.87919997515e-09	-2.44890079557e-05
7.89909694479e-09	-1.2444078493e-05
7.91899391442e-09	-2.84223744984e-07
7.93889088405e-09	9.21115770325e-06
7.95878785369e-09	1.4481207927e-05
7.97868482332e-09	1.53732912622e-05
7.99858179296e-09	1.28290139401e-05
8.01847876259e-09	8.26846462587e-06
8.03837573223e-09	2.97448411857e-06
8.05827270186e-09	-2.2589758828e-06
8.07816967149e-09	-7.12918540557e-06
8.09806664113e-09	-1.15757047752e-05
8.11796361076e-09	-1.54524313984e-05
8.1378605804e-09	-1.83259098776e-05
8.15775755003e-09	-1.94851299966e-05
8.17765451967e-09	-1.81457862709e-05
8.1975514893e-09	-1.37432093652e-05
8.21744845893e-09	-6.20322543909e-06
8.23734542857e-09	3.89585534322e-06
8.2572423982e-09	1.53009646056e-05
8.27713936784e-09	2.62083403868e-05
8.29703633747e-09	3.45381467923e-05
8.31693330711e-09	3.83372444048e-05
8.33683027674e-09	3.62769133062e-05
8.35672724637e-09	2.81101692963e-05
8.37662421601e-09	1.49585953295e-05
8.39652118564e-09	-7.78562935011e-07
8.41641815528e-09	-1.5903291569e-05
8.43631512491e-09	-2.72325632977e-05
8.45621209454e-09	-3.24780667142e-05
8.47610906418e-09	-3.09075285259e-05
8.49600603381e-09	-2.35266743402e-05
8.51590300345e-09	-1.27120583784e-05
8.53579997308e-09	-1.44396983615e-06
8.55569694272e-09	7.60378770792e-06
8.57559391235e-09	1.27783919197e-05
8.59549088198e-09	1.37416459438e-05
8.61538785162e-09	1.12869824989e-05
8.63528482125e-09	6.81143319525e-06
8.65518179089e-09	1.70319168546e-06
8.67507876052e-09	-3.09494362227e-06
8.69497573016e-09	-7.20551702216e-06
8.71487269979e-09	-1.06354659692e-05
8.73476966942e-09	-1.34391170832e-05
8.75466663906e-09	-1.54383169502e-05
8.77456360869e-09	-1.61466359714e-05
8.79446057833e-09	-1.48913291014e-05
8.81435754796e-09	-1.10952673822e-05
8.83425451759e-09	-4.57427017864e-06
8.85415148723e-09	4.2522115109e-06
8.87404845686e-09	1.42982494253e-05
8.8939454265e-09	2.39162909565e-05
8.91384239613e-09	3.11913336191e-05
8.93373936577e-09	3.43527026416e-05
8.9536363354e-09	3.22465730278e-05
8.97353330503e-09	2.47439393206e-05
8.99343027467e-09	1.29316999846e-05
9.0133272443e-09	-1.01898149296e-06
9.03322421394e-09	-1.43006177495e-05
9.05312118357e-09	-2.41768611886e-05
9.07301815321e-09	-2.8711791856e-05
9.09291512284e-09	-2.73136420219e-05
9.11281209247e-09	-2.08705487239e-05
9.13270906211e-09	-1.14523736556e-05
9.15260603174e-09	-1.64345078701e-06
9.17250300138e-09	6.24136805527e-06
9.19239997101e-09	1.07672685772e-05
9.21229694065e-09	1.16242881631e-05
9.23219391028e-09	9.47733587964e-06
9.25209087991e-09	5.51028961127e-06
9.27198784955e-09	9.16746614621e-07
9.29188481918e-09	-3.46369949966e-06
9.31178178882e-09	-7.25036829863e-06
9.33167875845e-09	-1.03717384263e-05
9.35157572808e-09	-1.28104447867e-05
9.37147269772e-09	-1.43730858326e-05
9.39136966735e-09	-1.46170659718e-05
9.41126663699e-09	-1.29725854094e-05
9.43116360662e-09	-9.00310715224e-06
9.45106057626e-09	-2.66229517365e-06
9.47095754589e-09	5.53266636416e-06
9.49085451552e-09	1.45120097841e-05
9.51075148516e-09	2.27944719882e-05
9.53064845479e-09	2.8787678275e-05
9.55054542443e-09	3.11039111693e-05
9.57044239406e-09	2.88975543299e-05
9.5903393637e-09	2.21308100663e-05
9.61023633333e-09	1.1720396742e-05
9.63013330296e-09	-5.523895652e-07
9.6500302726e-09	-1.23623212858e-05
9.66992724223e-09	-2.13892599277e-05
9.68982421187e-09	-2.59072221525e-05
9.7097211815e-09	-2.52565141636e-05
9.72961815113e-09	-2.00224003493e-05
9.74951512077e-09	-1.18304560601e-05
9.7694120904e-09	-2.86498391233e-06
9.78930906004e-09	4.75827027913e-06
9.80920602967e-09	9.54592678681e-06
9.82910299931e-09	1.09394641186e-05
9.84899996894e-09	9.29969746721e-06
9.86889693857e-09	5.60304283681e-06
9.88879390821e-09	1.01134338593e-06
9.90869087784e-09	-3.51722337655e-06
9.92858784748e-09	-7.4191193562e-06
9.94848481711e-09	-1.04768837446e-05
9.96838178675e-09	-1.26272311718e-05
9.98827875638e-09	-1.37489732879e-05
1.0008175726e-08	-1.35641498673e-05
1.00280726956e-08	-1.16965375128e-05
1.00479696653e-08	-7.83896348366e-06
1.00678666349e-08	-1.95822360638e-06
1.00877636046e-08	5.53487598154e-06
1.01076605742e-08	1.37532247209e-05
1.01275575438e-08	2.14060755752e-05
1.01474545135e-08	2.70360797003e-05
1.01673514831e-08	2.93218990919e-05
1.01872484527e-08	2.74385320154e-05
1.02071454224e-08	2.13133980651e-05
1.0227042392e-08	1.17629219858e-05
1.02469393616e-08	3.9619015979e-07
1.02668363313e-08	-1.06829611468e-05
1.02867333009e-08	-1.935306409e-05
1.03066302705e-08	-2.39858718487e-05
1.03265272402e-08	-2.38873590206e-05
1.03464242098e-08	-1.94869016923e-05
1.03663211794e-08	-1.22029236991e-05
1.03862181491e-08	-4.01457850785e-06
1.04061151187e-08	3.1179799862e-06
1.04260120883e-08	7.77693867349e-06
1.0445909058e-08	9.39432675295e-06
1.04658060276e-08	8.22851461635e-06
1.04857029972e-08	5.11063080921e-06
1.05055999669e-08	1.06213087747e-06
1.05254969365e-08	-3.0365810062e-06
1.05453939061e-08	-6.6200288984e-06
1.05652908758e-08	-9.44161001826e-06
1.05851878454e-08	-1.14126573862e-05
1.0605084815e-08	-1.2424678971e-05
1.06249817847e-08	-1.22272026601e-05
1.06448787543e-08	-1.046363559e-05
1.06647757239e-08	-6.82937570673e-06
1.06846726936e-08	-1.29561112772e-06
1.07045696632e-08	5.71610621591e-06
1.07244666328e-08	1.33094536068e-05
1.07443636025e-08	2.0238903744e-05
1.07642605721e-08	2.51693145401e-05
1.07841575417e-08	2.69605061476e-05
1.08040545114e-08	2.49521317528e-05
1.0823951481e-08	1.91725384866e-05
1.08438484507e-08	1.04084529085e-05
1.08637454203e-08	1.17018373658e-07
1.08836423899e-08	-9.83126437859e-06
1.09035393596e-08	-1.75829209184e-05
1.09234363292e-08	-2.17405704461e-05
1.09433332988e-08	-2.17235156015e-05
1.09632302685e-08	-1.78983391379e-05
1.09831272381e-08	-1.14666991067e-05
1.10030242077e-08	-4.11192377214e-06
1.10229211774e-08	2.45185083259e-06
1.1042818147e-08	6.91342779646e-06
1.10627151166e-08	8.64661160449e-06
1.10826120863e-08	7.74848263063e-06
1.11025090559e-08	4.88341811433e-06
1.11224060255e-08	9.67290532117e-07
1.11423029952e-08	-3.13368013849e-06
1.11621999648e-08	-6.79306731399e-06
1.11820969344e-08	-9.64997479969e-06
1.12019939041e-08	-1.15070333777e-05
1.12218908737e-08	-1.2207529835e-05
1.12417878433e-08	-1.15473799269e-05
1.1261684813e-08	-9.31776548896e-06
1.12815817826e-08	-5.40145788364e-06
1.13014787522e-08	7.84953897437e-08
1.13213757219e-08	6.65388279231e-06
1.13412726915e-08	1.35066757139e-05
1.13611696611e-08	1.95565125978e-05
1.13810666308e-08	2.36568075707e-05
1.14009636004e-08	2.48612432188e-05
1.142086057e-08	2.26591973842e-05
1.14407575397e-08	1.71451792994e-05
1.14606545093e-08	9.06500144993e-06
1.14805514789e-08	-2.80801231156e-07
1.15004484486e-08	-9.28108556764e-06
1.15203454182e-08	-1.63251424965e-05
1.15402423878e-08	-2.01679486054e-05
1.15601393575e-08	-2.02371556952e-05
1.15800363271e-08	-1.67931320902e-05
1.15999332968e-08	-1.0857156667e-05
1.16198302664e-08	-3.96054656449e-06
1.1639727236e-08	2.28854321449e-06
1.16596242057e-08	6.60862610857e-06
1.16795211753e-08	8.33237618281e-06
1.16994181449e-08	7.47707076698e-06
1.17193151146e-08	4.62757975583e-06
1.17392120842e-08	6.6529725018e-07
1.17591090538e-08	-3.50265668203e-06
1.17790060235e-08	-7.16076192475e-06
1.17989029931e-08	-9.86411851045e-06
1.18187999627e-08	-1.14048002615e-05
1.18386969324e-08	-1.16935148071e-05
1.1858593902e-08	-1.06484535536e-05
1.18784908716e-08	-8.18450234874e-06
1.18983878413e-08	-4.26056249125e-06
1.19182848109e-08	9.84353221156e-07
1.19381817805e-08	7.11850566404e-06
1.19580787502e-08	1.33956496029e-05
1.19779757198e-08	1.88368394447e-05
1.19978726894e-08	2.24215300477e-05
1.20177696591e-08	2.33076443692e-05
1.20376666287e-08	2.10536391023e-05
1.20575635983e-08	1.57756412591e-05
1.2077460568e-08	8.18619628262e-06
1.20973575376e-08	-5.04614661168e-07
1.21172545072e-08	-8.79609706317e-06
1.21371514769e-08	-1.52253037413e-05
1.21570484465e-08	-1.87032164831e-05
1.21769454161e-08	-1.87572695722e-05
1.21968423858e-08	-1.56570695253e-05
1.22167393554e-08	-1.03353354461e-05
1.2236636325e-08	-4.14629062107e-06
1.22565332947e-08	1.48839933445e-06
1.22764302643e-08	5.419097306e-06
1.22963272339e-08	7.02871284375e-06
1.23162242036e-08	6.31862053524e-06
1.23361211732e-08	3.79607058676e-06
1.23560181429e-08	2.57223092603e-07
1.23759151125e-08	-3.47783895904e-06
1.23958120821e-08	-6.74821762914e-06
1.24157090518e-08	-9.13013627724e-06
1.24356060214e-08	-1.04011633084e-05
1.2455502991e-08	-1.04564041976e-05
1.24753999607e-08	-9.2318678071e-06
1.24952969303e-08	-6.69243786433e-06
1.25151938999e-08	-2.87605644189e-06
1.25350908696e-08	2.0238610432e-06
1.25549878392e-08	7.57720454203e-06
1.25748848088e-08	1.31082306325e-05
1.25947817785e-08	1.77597648872e-05
1.26146787481e-08	2.06574968615e-05
1.26345757177e-08	2.11100032175e-05
1.26544726874e-08	1.87955874935e-05
1.2674369657e-08	1.38766972668e-05
1.26942666266e-08	7.0206356213e-06
1.27141635963e-08	-7.08025140739e-07
1.27340605659e-08	-8.0362206063e-06
1.27539575355e-08	-1.37279889714e-05
1.27738545052e-08	-1.68490214492e-05
1.27937514748e-08	-1.69879349414e-05
1.28136484444e-08	-1.4352857761e-05
1.28335454141e-08	-9.72714633463e-06
1.28534423837e-08	-4.27413010584e-06
1.28733393533e-08	7.53976252099e-07
1.2893236323e-08	4.32982415077e-06
1.29131332926e-08	5.86538931202e-06
1.29330302622e-08	5.30478405381e-06
1.29529272319e-08	3.05481808027e-06
1.29728242015e-08	-1.77450502292e-07
1.29927211711e-08	-3.61653974323e-06
1.30126181408e-08	-6.59514716972e-06
1.30325151104e-08	-8.66688969836e-06
1.30524120801e-08	-9.60344186751e-06
1.30723090497e-08	-9.3378685051e-06
1.30922060193e-08	-7.881520105e-06
1.3112102989e-08	-5.28308169123e-06
1.31319999586e-08	-1.63679840171e-06
1.31518969282e-08	2.84275245122e-06
1.31717938979e-08	7.77052764533e-06
1.31916908675e-08	1.25733113236e-05
1.32115878371e-08	1.65358533195e-05
1.32314848068e-08	1.89297606994e-05
1.32513817764e-08	1.91732260646e-05
1.3271278746e-08	1.6989732103e-05
1.32911757157e-08	1.2515436083e-05
1.33110726853e-08	6.32991077509e-06
1.33309696549e-08	-6.30735030427e-07
1.33508666246e-08	-7.23266748537e-06
1.33707635942e-08	-1.23794143292e-05
1.33906605638e-08	-1.52455650095e-05
1.34105575335e-08	-1.5458982034e-05
1.34304545031e-08	-1.31884439725e-05
1.34503514727e-08	-9.11467395781e-06
1.34702484424e-08	-4.25612006438e-06
1.3490145412e-08	2.67819103783e-07
1.35100423816e-08	3.51473465798e-06
1.35299393513e-08	4.9237287385e-06
1.35498363209e-08	4.41993506684e-06
1.35697332905e-08	2.36108951412e-06
1.35896302602e-08	-6.05671147014e-07
1.36095272298e-08	-3.76103753297e-06
1.36294241994e-08	-6.47275010124e-06
1.36493211691e-08	-8.31203806229e-06
1.36692181387e-08	-9.05933484319e-06
1.36891151083e-08	-8.6566005848e-06
1.3709012078e-08	-7.13207145964e-06
1.37289090476e-08	-4.56047382613e-06
1.37488060172e-08	-1.05994831756e-06
1.37687029869e-08	3.15793283789e-06
1.37885999565e-08	7.73875012783e-06
1.38084969262e-08	1.21627581393e-05
1.38283938958e-08	1.57817812578e-05
1.38482908654e-08	1.79372482307e-05
1.38681878351e-08	1.81021787284e-05
1.38880848047e-08	1.60293893714e-05
1.39079817743e-08	1.18542443488e-05
1.3927878744e-08	6.11086397839e-06
1.39477757136e-08	-3.42194596215e-07
1.39676726832e-08	-6.47763044981e-06
1.39875696529e-08	-1.1302242001e-05
1.40074666225e-08	-1.4073348666e-05
1.40273635921e-08	-1.44474715853e-05
1.40472605618e-08	-1.25734181893e-05
1.40671575314e-08	-9.03379532247e-06
1.4087054501e-08	-4.71884823128e-06
1.41069514707e-08	-6.13483393863e-07
1.41268484403e-08	2.43980002779e-06
1.41467454099e-08	3.9140240915e-06
1.41666423796e-08	3.69087842955e-06
1.41865393492e-08	2.03861588943e-06
1.42064363188e-08	-5.0920226613e-07
1.42263332885e-08	-3.31722640112e-06
1.42462302581e-08	-5.80541291129e-06
1.42661272277e-08	-7.54422717364e-06
1.42860241974e-08	-8.28265001473e-06
1.4305921167e-08	-7.91920001575e-06
1.43258181366e-08	-6.46618218525e-06
1.43457151063e-08	-3.99561463382e-06
1.43656120759e-08	-6.5433877694e-07
1.43855090455e-08	3.32188437824e-06
1.44054060152e-08	7.57510042604e-06
1.44253029848e-08	1.16194578368e-05
1.44451999544e-08	1.48723070197e-05
1.44650969241e-08	1.67555454027e-05
1.44849938937e-08	1.6814452465e-05
1.45048908633e-08	1.48502840602e-05
1.4524787833e-08	1.0997667232e-05
1.45446848026e-08	5.73903571421e-06
1.45645817723e-08	-1.6381065393e-07
1.45844787419e-08	-5.80222467761e-06
1.46043757115e-08	-1.02941939986e-05
1.46242726812e-08	-1.29614772959e-05
1.46441696508e-08	-1.34737560984e-05
1.46640666204e-08	-1.19246906252e-05
1.46839635901e-08	-8.80999414221e-06
1.47038605597e-08	-4.91432024319e-06
1.47237575293e-08	-1.12159233367e-06
1.4743654499e-08	1.78422044428e-06
1.47635514686e-08	3.28576959419e-06
1.47834484382e-08	3.22794596741e-06
1.48033454079e-08	1.81211339623e-06
1.48232423775e-08	-4.96155422525e-07
1.48431393471e-08	-3.10000086756e-06
1.48630363168e-08	-5.425642712e-06
1.48829332864e-08	-7.03145360603e-06
1.4902830256e-08	-7.66089374338e-06
1.49227272257e-08	-7.22059212421e-06
1.49426241953e-08	-5.73891770728e-06
1.49625211649e-08	-3.3162989439e-06
1.49824181346e-08	-1.21891346794e-07
1.50023151042e-08	3.60509409347e-06
1.50222120738e-08	7.51707557356e-06
1.50421090435e-08	1.11656613626e-05
1.50620060131e-08	1.4033048501e-05
1.50819029827e-08	1.56174291988e-05
1.51017999524e-08	1.55289189934e-05
1.5121696922e-08	1.35979125844e-05
1.51415938916e-08	9.95430082185e-06
1.51614908613e-08	5.0438791277e-06
1.51813878309e-08	-4.25133507065e-07
1.52012848005e-08	-5.60904982194e-06
1.52211817702e-08	-9.69866459855e-06
1.52410787398e-08	-1.20877571135e-05
1.52609757094e-08	-1.24970642901e-05
1.52808726791e-08	-1.10296591629e-05
1.53007696487e-08	-8.14317854747e-06
1.53206666184e-08	-4.5482997848e-06
1.5340563588e-08	-1.05127577399e-06
1.53604605576e-08	1.62232367984e-06
1.53803575273e-08	2.99087116673e-06
1.54002544969e-08	2.90468199182e-06
1.54201514665e-08	1.54719708689e-06
1.54400484362e-08	-6.47770832529e-07
1.54599454058e-08	-3.12711881634e-06
1.54798423754e-08	-5.3504159041e-06
1.54997393451e-08	-6.88692148287e-06
1.55196363147e-08	-7.4614802088e-06
1.55395332843e-08	-6.95817539054e-06
1.5559430254e-08	-5.40344149158e-06
1.55793272236e-08	-2.92072240882e-06
1.55992241932e-08	2.84234943138e-07
1.56191211629e-08	3.93542632082e-06
1.56390181325e-08	7.67998994888e-06
1.56589151021e-08	1.10885807771e-05
1.56788120718e-08	1.36825942718e-05
1.56987090414e-08	1.50070109157e-05
1.5718606011e-08	1.47281416503e-05
1.57385029807e-08	1.27328253257e-05
1.57583999503e-08	9.18628848012e-06
1.57782969199e-08	4.52713425148e-06
1.57981938896e-08	-5.91396030813e-07
1.58180908592e-08	-5.40936275684e-06
1.58379878288e-08	-9.20158390727e-06
1.58578847985e-08	-1.14254239634e-05
1.58777817681e-08	-1.18268148981e-05
1.58976787377e-08	-1.05021695163e-05
1.59175757074e-08	-7.87690487414e-06
1.5937472677e-08	-4.60193518848e-06
1.59573696466e-08	-1.40119345815e-06
1.59772666163e-08	1.07739919031e-06
1.59971635859e-08	2.39614894326e-06
1.60170605555e-08	2.39728387896e-06
1.60369575252e-08	1.22081877407e-06
1.60568544948e-08	-7.56053026407e-07
1.60767514645e-08	-3.01872580621e-06
1.60966484341e-08	-5.04408444613e-06
1.61165454037e-08	-6.40600319457e-06
1.61364423734e-08	-6.83871098772e-06
1.6156339343e-08	-6.23975233793e-06
1.61762363126e-08	-4.64454706162e-06
1.61961332823e-08	-2.18881757519e-06
1.62160302519e-08	9.09920316872e-07
1.62359272215e-08	4.36199479736e-06
1.62558241912e-08	7.80655955168e-06
1.62757211608e-08	1.08391814138e-05
1.62956181304e-08	1.30465450638e-05
1.63155151001e-08	1.40585061672e-05
1.63354120697e-08	1.36141165967e-05
1.63553090393e-08	1.16380706459e-05
1.6375206009e-08	8.28870042824e-06
1.63951029786e-08	3.96320569962e-06
1.64149999482e-08	-7.40066354865e-07
1.64348969179e-08	-5.13495160703e-06
1.64547938875e-08	-8.57922759678e-06
1.64746908571e-08	-1.06044089989e-05
1.64945878268e-08	-1.09987522592e-05
1.65144847964e-08	-9.84828147921e-06
1.6534381766e-08	-7.5198797731e-06
1.65542787357e-08	-4.58369822809e-06
1.65741757053e-08	-1.69811158912e-06
1.65940726749e-08	5.43409583997e-07
1.66139696446e-08	1.73398444758e-06
1.66338666142e-08	1.73676028226e-06
1.66537635838e-08	6.91182691526e-07
1.66736605535e-08	-1.05167498532e-06
1.66935575231e-08	-3.03175033878e-06
1.67134544927e-08	-4.77953153677e-06
1.67333514624e-08	-5.90072818341e-06
1.6753248432e-08	-6.14364807916e-06
1.67731454016e-08	-5.41593340131e-06
1.67930423713e-08	-3.76749073894e-06
1.68129393409e-08	-1.36586396593e-06
1.68328363106e-08	1.55238427624e-06
1.68527332802e-08	4.71072826258e-06
1.68726302498e-08	7.79400033935e-06
1.68925272195e-08	1.04493938125e-05
1.69124241891e-08	1.23142481243e-05
1.69323211587e-08	1.30651310428e-05
1.69522181284e-08	1.2486556443e-05
1.6972115098e-08	1.0539721643e-05
1.69920120676e-08	7.39486904422e-06
1.70119090373e-08	3.42332896253e-06
1.70318060069e-08	-8.50301574928e-07
1.70517029765e-08	-4.8260415042e-06
1.70715999462e-08	-7.93122308096e-06
1.70914969158e-08	-9.74440808932e-06
1.71113938854e-08	-1.00793104139e-05
1.71312908551e-08	-9.03174804989e-06
1.71511878247e-08	-6.95437756804e-06
1.71710847943e-08	-4.3657223614e-06
1.7190981764e-08	-1.8372257955e-06
1.72108787336e-08	1.25939607187e-07
1.72307757032e-08	1.17249908271e-06
1.72506726729e-08	1.17530271382e-06
1.72705696425e-08	2.40778973648e-07
1.72904666121e-08	-1.32540026243e-06
1.73103635818e-08	-3.09603558435e-06
1.73302605514e-08	-4.6296711389e-06
1.7350157521e-08	-5.56989812139e-06
1.73700544907e-08	-5.69486064705e-06
1.73899514603e-08	-4.92606727676e-06
1.74098484299e-08	-3.30723844399e-06
1.74297453996e-08	-9.87015027931e-07
1.74496423692e-08	1.8132589048e-06
1.74695393388e-08	4.80855510432e-06
1.74894363085e-08	7.67840697335e-06
1.75093332781e-08	1.00883275991e-05
1.75292302478e-08	1.17265985864e-05
1.75491272174e-08	1.23291629279e-05
1.7569024187e-08	1.17263061838e-05
1.75889211567e-08	9.88577721728e-06
1.76088181263e-08	6.95543371876e-06
1.76287150959e-08	3.27616396589e-06
1.76486120656e-08	-6.67453718961e-07
1.76685090352e-08	-4.33084255747e-06
1.76884060048e-08	-7.20999901205e-06
1.77083029745e-08	-8.94265940588e-06
1.77281999441e-08	-9.3651192401e-06
1.77480969137e-08	-8.54774225445e-06
1.77679938834e-08	-6.77124467074e-06
1.7787890853e-08	-4.48439368483e-06
1.78077878226e-08	-2.20672166051e-06
1.78276847923e-08	-4.12780110537e-07
1.78475817619e-08	5.75436899908e-07
1.78674787315e-08	6.38534487507e-07
1.78873757012e-08	-1.24285676861e-07
1.79072726708e-08	-1.44814271152e-06
1.79271696404e-08	-2.96811663247e-06
1.79470666101e-08	-4.2994611249e-06
1.79669635797e-08	-5.10512677465e-06
1.79868605493e-08	-5.15643091603e-06
1.8006757519e-08	-4.36783716395e-06
1.80266544886e-08	-2.78747870652e-06
1.80465514582e-08	-5.75562012273e-07
1.80664484279e-08	2.04479351851e-06
1.80863453975e-08	4.8145755045e-06
1.81062423671e-08	7.44987391954e-06
1.81261393368e-08	9.65075878412e-06
1.81460363064e-08	1.11239423859e-05
1.8165933276e-08	1.16212722787e-05
1.81858302457e-08	1.09948105091e-05
1.82057272153e-08	9.24019741433e-06
1.82256241849e-08	6.50683409731e-06
1.82455211546e-08	3.09875781568e-06
1.82654181242e-08	-5.58740481438e-07
1.82853150939e-08	-3.98594920625e-06
1.83052120635e-08	-6.71394400342e-06
1.83251090331e-08	-8.3935397015e-06
1.83450060028e-08	-8.85974986886e-06
1.83649029724e-08	-8.17661521069e-06
1.8384799942e-08	-6.60718933432e-06
1.84046969117e-08	-4.55870667793e-06
1.84245938813e-08	-2.48268099767e-06
1.84444908509e-08	-7.97831432919e-07
1.84643878206e-08	1.93469603005e-07
1.84842847902e-08	3.57462340617e-07
1.85041817598e-08	-2.40942569008e-07
1.85240787295e-08	-1.3733446167e-06
1.85439756991e-08	-2.69802455932e-06
1.85638726687e-08	-3.85341127185e-06
1.85837696384e-08	-4.53606776318e-06
1.8603666608e-08	-4.54719020127e-06
1.86235635776e-08	-3.80403434974e-06
1.86434605473e-08	-2.33766661495e-06
1.86633575169e-08	-2.76716320968e-07
1.86832544865e-08	2.1723046757e-06
1.87031514562e-08	4.74880425827e-06
1.87230484258e-08	7.16745739737e-06
1.87429453954e-08	9.14955626286e-06
1.87628423651e-08	1.04392834146e-05
1.87827393347e-08	1.08303383968e-05
1.88026363043e-08	1.01957252809e-05
1.8822533274e-08	8.52238508742e-06
1.88424302436e-08	5.94665334575e-06
1.88623272132e-08	2.75822026197e-06
1.88822241829e-08	-6.39951963421e-07
1.89021211525e-08	-3.79751077162e-06
1.89220181221e-08	-6.3014792886e-06
1.89419150918e-08	-7.85126258052e-06
1.89618120614e-08	-8.30180943012e-06
1.8981709031e-08	-7.70016072238e-06
1.90016060007e-08	-6.27412441645e-06
1.90215029703e-08	-4.39053678747e-06
1.904139994e-08	-2.47294940436e-06
1.90612969096e-08	-9.17621804319e-07
1.90811938792e-08	2.78424394651e-10
1.91010908489e-08	1.72177884394e-07
1.91209878185e-08	-3.4529733739e-07
1.91408847881e-08	-1.35057996431e-06
1.91607817578e-08	-2.54934866462e-06
1.91806787274e-08	-3.61253739811e-06
1.9200575697e-08	-4.24495851803e-06
1.92204726667e-08	-4.23095207225e-06
1.92403696363e-08	-3.48631272118e-06
1.92602666059e-08	-2.04514742563e-06
1.92801635756e-08	-4.62433646931e-08
1.93000605452e-08	2.30232012655e-06
1.93199575148e-08	4.75308502246e-06
1.93398544845e-08	7.03860678186e-06
1.93597514541e-08	8.88462363946e-06
1.93796484237e-08	1.00388601822e-05
1.93995453934e-08	1.03128109004e-05
1.9419442363e-08	9.60825127549e-06
1.94393393326e-08	7.94821471573e-06
1.94592363023e-08	5.47920149074e-06
1.94791332719e-08	2.47263074016e-06
1.94990302415e-08	-7.15082734359e-07
1.95189272112e-08	-3.67460904727e-06
1.95388241808e-08	-6.02416048423e-06
1.95587211504e-08	-7.47339004192e-06
1.95786181201e-08	-7.8977082012e-06
1.95985150897e-08	-7.34978721084e-06
1.96184120593e-08	-6.04566002949e-06
1.9638309029e-08	-4.32280080531e-06
1.96582059986e-08	-2.55736779309e-06
1.96781029682e-08	-1.10418369559e-06
1.96979999379e-08	-2.26723649632e-07
1.97178969075e-08	-4.15859897629e-08
1.97377938771e-08	-5.04198766293e-07
1.97576908468e-08	-1.41845663393e-06
1.97775878164e-08	-2.5030587949e-06
1.97974847861e-08	-3.43883812093e-06
1.98173817557e-08	-3.9599954107e-06
1.98372787253e-08	-3.87604370644e-06
1.9857175695e-08	-3.10560312755e-06
1.98770726646e-08	-1.67536813933e-06
1.98969696342e-08	2.82265943952e-07
1.99168666039e-08	2.55980205566e-06
1.99367635735e-08	4.90193201585e-06
1.99566605431e-08	7.03886894371e-06
1.99765575128e-08	8.71524298418e-06
1.99964544824e-08	9.71598728938e-06
2.0016351452e-08	9.87831117527e-06
2.00362484217e-08	9.12033010536e-06
2.00561453913e-08	7.46648333916e-06
2.00760423609e-08	5.0678424941e-06
2.00959393306e-08	2.18651291561e-06
2.01158363002e-08	-8.30344589531e-07
2.01357332698e-08	-3.60648596143e-06
2.01556302395e-08	-5.80116829951e-06
2.01755272091e-08	-7.1677275173e-06
2.01954241787e-08	-7.58846113058e-06
2.02153211484e-08	-7.10815993443e-06
2.0235218118e-08	-5.92546962253e-06
2.02551150876e-08	-4.34738808508e-06
2.02750120573e-08	-2.72735485396e-06
2.02949090269e-08	-1.39066787597e-06
2.03148059965e-08	-5.68454282757e-07
2.03347029662e-08	-3.53516270479e-07
2.03545999358e-08	-7.09693750878e-07
2.03744969054e-08	-1.46589991346e-06
2.03943938751e-08	-2.37336951159e-06
2.04142908447e-08	-3.14847704885e-06
2.04341878143e-08	-3.53756183813e-06
2.0454084784e-08	-3.36206153406e-06
2.04739817536e-08	-2.55355746503e-06
2.04938787232e-08	-1.15239004117e-06
2.05137756929e-08	7.12925725566e-07
2.05336726625e-08	2.84251814264e-06
2.05535696322e-08	5.00118881064e-06
2.05734666018e-08	6.93816059538e-06
2.05933635714e-08	8.41318842504e-06
2.06132605411e-08	9.2267191576e-06
2.06331575107e-08	9.24686491999e-06
2.06530544803e-08	8.42286362968e-06
2.067295145e-08	6.80143830323e-06
2.06928484196e-08	4.53206757811e-06
2.07127453892e-08	1.85344072179e-06
2.07326423589e-08	-9.23650844697e-07
2.07525393285e-08	-3.4605284327e-06
2.07724362981e-08	-5.45156194676e-06
2.07923332678e-08	-6.67795688969e-06
2.08122302374e-08	-7.05067986928e-06
2.0832127207e-08	-6.62275783725e-06
2.08520241767e-08	-5.5734453781e-06
2.08719211463e-08	-4.17564160671e-06
2.08918181159e-08	-2.74001217804e-06
2.09117150856e-08	-1.55385259859e-06
2.09316120552e-08	-8.26548841815e-07
2.09515090248e-08	-6.47510034923e-07
2.09714059945e-08	-9.69701687836e-07
2.09913029641e-08	-1.63358100735e-06
2.10111999337e-08	-2.40937220042e-06
2.10310969034e-08	-3.04404170492e-06
2.1050993873e-08	-3.31307091983e-06
2.10708908426e-08	-3.06143192574e-06
2.10907878123e-08	-2.22283506446e-06
2.11106847819e-08	-8.36526339754e-07
2.11305817515e-08	9.68785911937e-07
2.11504787212e-08	2.99511077628e-06
2.11703756908e-08	5.0140993153e-06
2.11902726604e-08	6.79009303894e-06
2.12101696301e-08	8.11320842331e-06
2.12300665997e-08	8.80582319951e-06
2.12499635693e-08	8.75407613421e-06
2.1269860539e-08	7.9178357737e-06
2.12897575086e-08	6.35214018985e-06
2.13096544783e-08	4.20604987994e-06
2.13295514479e-08	1.70690771029e-06
2.13494484175e-08	-8.6111242581e-07
2.13693453872e-08	-3.20298897805e-06
2.13892423568e-08	-5.05169691678e-06
2.14091393264e-08	-6.20941796114e-06
2.14290362961e-08	-6.5916190124e-06
2.14489332657e-08	-6.24415793027e-06
2.14688302353e-08	-5.32962462785e-06
2.1488727205e-08	-4.09893027609e-06
2.15086241746e-08	-2.82765677184e-06
2.15285211442e-08	-1.7714374394e-06
2.15484181139e-08	-1.11051872409e-06
2.15683150835e-08	-9.22690986727e-07
2.15882120531e-08	-1.17551894618e-06
2.16081090228e-08	-1.73225743083e-06
2.16280059924e-08	-2.38082975557e-06
2.1647902962e-08	-2.88978731078e-06
2.16677999317e-08	-3.05581329485e-06
2.16876969013e-08	-2.73985926924e-06
2.17075938709e-08	-1.89362327774e-06
2.17274908406e-08	-5.58352240887e-07
2.17473878102e-08	1.15145360269e-06
2.17672847798e-08	3.0546882499e-06
2.17871817495e-08	4.94018422614e-06
2.18070787191e-08	6.58311705592e-06
2.18269756887e-08	7.78461526352e-06
2.18468726584e-08	8.38641881273e-06
2.1866769628e-08	8.29420423543e-06
2.18866665976e-08	7.4815170592e-06
2.19065635673e-08	5.99823192715e-06
2.19264605369e-08	3.97957660425e-06
2.19463575065e-08	1.63124599339e-06
2.19662544762e-08	-7.81425455898e-07
2.19861514458e-08	-2.9833189501e-06
2.20060484155e-08	-4.7292128329e-06
2.20259453851e-08	-5.84548843108e-06
2.20458423547e-08	-6.2608501139e-06
2.20657393244e-08	-6.00904445491e-06
2.2085636294e-08	-5.22837740391e-06
2.21055332636e-08	-4.13446491621e-06
2.21254302333e-08	-2.97886651879e-06
2.21453272029e-08	-1.99471060114e-06
2.21652241725e-08	-1.35148638947e-06
2.21851211422e-08	-1.12071649028e-06
2.22050181118e-08	-1.2689729374e-06
2.22249150814e-08	-1.67833263731e-06
2.22448120511e-08	-2.17300350869e-06
2.22647090207e-08	-2.55459735854e-06
2.22846059903e-08	-2.63915865162e-06
2.230450296e-08	-2.29703937293e-06
2.23243999296e-08	-1.47651968518e-06
2.23442968992e-08	-2.15202788922e-07
2.23641938689e-08	1.37386285815e-06
2.23840908385e-08	3.1209278859e-06
2.24039878081e-08	4.83399458062e-06
2.24238847778e-08	6.31573129795e-06
2.24437817474e-08	7.38430526326e-06
2.2463678717e-08	7.89140767665e-06
2.24835756867e-08	7.74428895056e-06
2.25034726563e-08	6.92754679221e-06
2.25233696259e-08	5.49957167095e-06
2.25432665956e-08	3.59644252512e-06
2.25631635652e-08	1.40820412753e-06
2.25830605348e-08	-8.30238121807e-07
2.26029575045e-08	-2.87788031983e-06
2.26228544741e-08	-4.50869833912e-06
2.26427514437e-08	-5.55587371309e-06
2.26626484134e-08	-5.94913831264e-06
2.2682545383e-08	-5.72497606299e-06
2.27024423526e-08	-5.01522504237e-06
2.27223393223e-08	-4.01710371989e-06
2.27422362919e-08	-2.95163738429e-06
2.27621332616e-08	-2.02651403924e-06
2.27820302312e-08	-1.3965271819e-06
2.28019272008e-08	-1.13785318945e-06
2.28218241705e-08	-1.23471545521e-06
2.28417211401e-08	-1.57885847329e-06
2.28616181097e-08	-1.99890598651e-06
2.28815150794e-08	-2.30978446325e-06
2.2901412049e-08	-2.3470255428e-06
2.29213090186e-08	-1.99706846615e-06
2.29412059883e-08	-1.21635144978e-06
2.29611029579e-08	-3.18409902889e-08
2.29809999275e-08	1.46089860209e-06
2.30008968972e-08	3.10543714477e-06
2.30207938668e-08	4.71168050353e-06
2.30406908364e-08	6.08494178778e-06
2.30605878061e-08	7.05180400473e-06
2.30804847757e-08	7.48801221562e-06
2.31003817453e-08	7.31685622668e-06
2.3120278715e-08	6.52207677376e-06
2.31401756846e-08	5.15405736223e-06
2.31600726542e-08	3.33708965172e-06
2.31799696239e-08	1.25663325434e-06
2.31998665935e-08	-8.59688412902e-07
2.32197635631e-08	-2.78120182884e-06
2.32396605328e-08	-4.30794852946e-06
2.32595575024e-08	-5.29980525243e-06
2.3279454472e-08	-5.69492362956e-06
2.32993514417e-08	-5.51543917027e-06
2.33192484113e-08	-4.87354031975e-06
2.33391453809e-08	-3.94986159336e-06
2.33590423506e-08	-2.95891743463e-06
2.33789393202e-08	-2.09677409657e-06
2.33988362898e-08	-1.50532912357e-06
2.34187332595e-08	-1.2445414086e-06
2.34386302291e-08	-1.29401922777e-06
2.34585271987e-08	-1.55964835358e-06
2.34784241684e-08	-1.89929966155e-06
2.3498321138e-08	-2.14510271235e-06
2.35182181077e-08	-2.1368596208e-06
2.35381150773e-08	-1.75925543999e-06
2.35580120469e-08	-9.69928521499e-07
2.35779090166e-08	1.9437716503e-07
2.35978059862e-08	1.63065885772e-06
2.36177029558e-08	3.19159425999e-06
2.36375999255e-08	4.70512668471e-06
2.36574968951e-08	5.99184181738e-06
2.36773938647e-08	6.88728277964e-06
2.36972908344e-08	7.26176313037e-06
2.3717187804e-08	7.03861519469e-06
2.37370847736e-08	6.21742879048e-06
2.37569817433e-08	4.86585827275e-06
2.37768787129e-08	3.10851237373e-06
2.37967756825e-08	1.11592521534e-06
2.38166726522e-08	-9.06673250256e-07
2.38365696218e-08	-2.74730712135e-06
2.38564665914e-08	-4.21181471211e-06
2.38763635611e-08	-5.16136424267e-06
2.38962605307e-08	-5.54066855329e-06
2.39161575003e-08	-5.38422045793e-06
2.393605447e-08	-4.80626090393e-06
2.39559514396e-08	-3.96680002268e-06
2.39758484092e-08	-3.05052469685e-06
2.39957453789e-08	-2.23089227802e-06
2.40156423485e-08	-1.64552363913e-06
2.40355393181e-08	-1.35932998546e-06
2.40554362878e-08	-1.35981866833e-06
2.40753332574e-08	-1.55535940394e-06
2.4095230227e-08	-1.80362883384e-06
2.41151271967e-08	-1.94999063297e-06
2.41350241663e-08	-1.86137560831e-06
2.41549211359e-08	-1.4436886886e-06
2.41748181056e-08	-6.58525294739e-07
2.41947150752e-08	4.68284014232e-07
2.42146120448e-08	1.84512208534e-06
2.42345090145e-08	3.32746981258e-06
2.42544059841e-08	4.73940963275e-06
2.42743029538e-08	5.90724789618e-06
2.42941999234e-08	6.68287293593e-06
2.4314096893e-08	6.96240681464e-06
2.43339938627e-08	6.68698658046e-06
2.43538908323e-08	5.85356724514e-06
2.43737878019e-08	4.52345170743e-06
2.43936847716e-08	2.81914697098e-06
2.44135817412e-08	9.14764882509e-07
2.44334787108e-08	-9.89535521967e-07
2.44533756805e-08	-2.70151622317e-06
2.44732726501e-08	-4.05781088375e-06
2.44931696197e-08	-4.94383311889e-06
2.45130665894e-08	-5.30987358616e-06
2.4532963559e-08	-5.1784520565e-06
2.45528605286e-08	-4.64658342025e-06
2.45727574983e-08	-3.87086811315e-06
2.45926544679e-08	-3.02937291963e-06
2.46125514375e-08	-2.28304247685e-06
2.46324484072e-08	-1.74478867621e-06
2.46523453768e-08	-1.46490401676e-06
2.46722423464e-08	-1.42612094578e-06
2.46921393161e-08	-1.55528516643e-06
2.47120362857e-08	-1.73363616796e-06
2.47319332553e-08	-1.819254976e-06
2.4751830225e-08	-1.67851811739e-06
2.47717271946e-08	-1.22379753975e-06
2.47916241642e-08	-4.27922870472e-07
2.48115211339e-08	6.69343734216e-07
2.48314181035e-08	1.97373094579e-06
2.48513150731e-08	3.35289735176e-06
2.48712120428e-08	4.65642733616e-06
2.48911090124e-08	5.72662861487e-06
2.4911005982e-08	6.41744577479e-06
2.49309029517e-08	6.62851812194e-06
2.49507999213e-08	6.31043371868e-06
2.49706968909e-08	5.47737954548e-06
2.49905938606e-08	4.2016658881e-06
2.50104908302e-08	2.59906676092e-06
2.50303877999e-08	8.21520700356e-07
2.50502847695e-08	-9.56292240062e-07
2.50701817391e-08	-2.55310987995e-06
2.50900787088e-08	-3.81197298793e-06
2.51099756784e-08	-4.62886714558e-06
2.5129872648e-08	-4.96948041473e-06
2.51497696177e-08	-4.86694898427e-06
2.51696665873e-08	-4.41547945229e-06
2.51895635569e-08	-3.74556304905e-06
2.52094605266e-08	-3.00362898997e-06
2.52293574962e-08	-2.33495541124e-06
2.52492544658e-08	-1.84748444099e-06
2.52691514355e-08	-1.5911886635e-06
2.52890484051e-08	-1.5473088979e-06
2.53089453747e-08	-1.63820413945e-06
2.53288423444e-08	-1.74667070496e-06
2.5348739314e-08	-1.75285714477e-06
2.53686362836e-08	-1.55164201487e-06
2.53885332533e-08	-1.06859880589e-06
2.54084302229e-08	-2.76105438957e-07
2.54283271925e-08	7.93110189079e-07
2.54482241622e-08	2.05273886422e-06
2.54681211318e-08	3.36969674208e-06
2.54880181014e-08	4.59008651887e-06
2.55079150711e-08	5.56740951652e-06
2.55278120407e-08	6.18253261564e-06
2.55477090103e-08	6.34817070022e-06
2.556760598e-08	6.02171053288e-06
2.55875029496e-08	5.21060451319e-06
2.56073999192e-08	3.97803023588e-06
2.56272968889e-08	2.44070349709e-06
2.56471938585e-08	7.53982476454e-07
2.56670908281e-08	-9.19133924526e-07
2.56869877978e-08	-2.41918485244e-06
2.57068847674e-08	-3.61356126177e-06
2.5726781737e-08	-4.41049064648e-06
2.57466787067e-08	-4.7692701628e-06
2.57665756763e-08	-4.70844065603e-06
2.5786472646e-08	-4.31252669841e-06
2.58063696156e-08	-3.70913153347e-06
2.58262665852e-08	-3.03775880184e-06
2.58461635549e-08	-2.4223049877e-06
2.58660605245e-08	-1.9526212327e-06
2.58859574941e-08	-1.66890066566e-06
2.59058544638e-08	-1.56115493155e-06
2.59257514334e-08	-1.57189890615e-06
2.5945648403e-08	-1.60722953524e-06
2.59655453727e-08	-1.55070540586e-06
2.59854423423e-08	-1.30076659843e-06
2.60053393119e-08	-7.92562616425e-07
2.60252362816e-08	-1.50580028446e-08
2.60451332512e-08	9.96470419068e-07
2.60650302208e-08	2.15968157136e-06
2.60849271905e-08	3.36246500865e-06
2.61048241601e-08	4.47333695774e-06
2.61247211297e-08	5.35613980901e-06
2.61446180994e-08	5.89033015785e-06
2.6164515069e-08	5.99348550168e-06
2.61844120386e-08	5.63694652556e-06
2.62043090083e-08	4.83847520627e-06
2.62242059779e-08	3.6642034047e-06
2.62441029475e-08	2.21649736432e-06
2.62639999172e-08	6.27312601864e-07
2.62838968868e-08	-9.51042892439e-07
2.63037938564e-08	-2.36456094171e-06
2.63236908261e-08	-3.48648609361e-06
2.63435877957e-08	-4.23232904723e-06
2.63634847653e-08	-4.5737790515e-06
2.6383381735e-08	-4.53712300441e-06
2.64032787046e-08	-4.19294474341e-06
2.64231756742e-08	-3.64316179002e-06
2.64430726439e-08	-3.0122911312e-06
2.64629696135e-08	-2.41680174895e-06
2.64828665832e-08	-1.94986546376e-06
2.65027635528e-08	-1.65060617974e-06
2.65226605224e-08	-1.50803526822e-06
2.65425574921e-08	-1.46269042034e-06
2.65624544617e-08	-1.43141011222e-06
2.65823514313e-08	-1.31863038177e-06
2.6602248401e-08	-1.04415363467e-06
2.66221453706e-08	-5.46809218349e-07
2.66420423402e-08	1.91732141275e-07
2.66619393099e-08	1.14351632874e-06
2.66818362795e-08	2.22938308525e-06
2.67017332491e-08	3.33793695972e-06
2.67216302188e-08	4.34357502854e-06
2.67415271884e-08	5.12726774105e-06
2.6761424158e-08	5.58778310733e-06
2.67813211277e-08	5.65317077417e-06
2.68012180973e-08	5.29041267328e-06
2.68211150669e-08	4.51207188235e-06
2.68410120366e-08	3.37904248227e-06
2.68609090062e-08	1.99759256247e-06
2.68808059758e-08	4.97971399227e-07
2.69007029455e-08	-9.81138953193e-07
2.69205999151e-08	-2.30593639117e-06
2.69404968847e-08	-3.36398056788e-06
2.69603938544e-08	-4.07538004765e-06
2.6980290824e-08	-4.40541725766e-06
2.70001877936e-08	-4.37585163127e-06
2.70200847633e-08	-4.05531091019e-06
2.70399817329e-08	-3.54720100404e-06
2.70598787025e-08	-2.96424673252e-06
2.70797756722e-08	-2.40870269863e-06
2.70996726418e-08	-1.95625773358e-06
2.71195696114e-08	-1.64624123045e-06
2.71394665811e-08	-1.4760829572e-06
2.71593635507e-08	-1.39920149422e-06
2.71792605203e-08	-1.33540777369e-06
2.719915749e-08	-1.19442103141e-06
2.72190544596e-08	-8.96060754485e-07
2.72389514293e-08	-3.89193402839e-07
2.72588483989e-08	3.33498945793e-07
2.72787453685e-08	1.24318376038e-06
2.72986423382e-08	2.27197097047e-06
2.73185393078e-08	3.32073875597e-06
2.73384362774e-08	4.27228360422e-06
2.73583332471e-08	5.00709165863e-06
2.73782302167e-08	5.42435327588e-06
2.73981271863e-08	5.45697844245e-06
2.7418024156e-08	5.08304447067e-06
2.74379211256e-08	4.31958596891e-06
2.74578180952e-08	3.22399318975e-06
2.74777150649e-08	1.89148067875e-06
2.74976120345e-08	4.41151229325e-07
2.75175090041e-08	-9.88929343748e-07
2.75374059738e-08	-2.2679266749e-06
2.75573029434e-08	-3.28736314259e-06
2.7577199913e-08	-3.97956341658e-06
2.75970968827e-08	-4.31546141044e-06
2.76169938523e-08	-4.31623107033e-06
2.76368908219e-08	-4.03614671995e-06
2.76567877916e-08	-3.56584655492e-06
2.76766847612e-08	-3.01196348573e-06
2.76965817308e-08	-2.47312459578e-06
2.77164787005e-08	-2.02502167213e-06
2.77363756701e-08	-1.70160416246e-06
2.77562726397e-08	-1.49472759858e-06
2.77761696094e-08	-1.36187009048e-06
2.7796066579e-08	-1.23745996916e-06
2.78159635486e-08	-1.0450956438e-06
2.78358605183e-08	-7.13106771855e-07
2.78557574879e-08	-1.94266043252e-07
2.78756544575e-08	5.25757002379e-07
2.78955514272e-08	1.41220351679e-06
2.79154483968e-08	2.39582811901e-06
2.79353453664e-08	3.37870221756e-06
2.79552423361e-08	4.25461280429e-06
2.79751393057e-08	4.91555124427e-06
2.79950362754e-08	5.27506676917e-06
2.8014933245e-08	5.26634266862e-06
2.80348302146e-08	4.86672479383e-06
2.80547271843e-08	4.09361086895e-06
2.80746241539e-08	3.01400189073e-06
2.80945211235e-08	1.7200837874e-06
2.81144180932e-08	3.28900185309e-07
2.81343150628e-08	-1.03491260006e-06
2.81542120324e-08	-2.25473002047e-06
2.81741090021e-08	-3.22803725794e-06
2.81940059717e-08	-3.8865634906e-06
2.82139029413e-08	-4.20395645051e-06
2.8233799911e-08	-4.20314586336e-06
2.82536968806e-08	-3.94286917071e-06
2.82735938502e-08	-3.50735683696e-06
2.82934908199e-08	-2.99007319882e-06
2.83133877895e-08	-2.47630316608e-06
2.83332847591e-08	-2.03655349651e-06
2.83531817288e-08	-1.70488567619e-06
2.83730786984e-08	-1.47916313153e-06
2.8392975668e-08	-1.32122863761e-06
2.84128726377e-08	-1.16244268611e-06
2.84327696073e-08	-9.34409769116e-07
2.84526665769e-08	-5.74056912228e-07
2.84725635466e-08	-4.64669316358e-08
2.84924605162e-08	6.56066561078e-07
2.85123574858e-08	1.50420686396e-06
2.85322544555e-08	2.43661816057e-06
2.85521514251e-08	3.3607336718e-06
2.85720483947e-08	4.17210549131e-06
2.85919453644e-08	4.76835180052e-06
2.8611842334e-08	5.06800756739e-06
2.86317393036e-08	5.02026318827e-06
2.86516362733e-08	4.60952833237e-06
2.86715332429e-08	3.85416035442e-06
2.86914302125e-08	2.81301493033e-06
2.87113271822e-08	1.57532173262e-06
2.87312241518e-08	2.5253970648e-07
2.87511211215e-08	-1.03347088043e-06
2.87710180911e-08	-2.17304989292e-06
2.87909150607e-08	-3.0797391446e-06
2.88108120304e-08	-3.69777239939e-06
2.8830709e-08	-4.00320118388e-06
2.88506059696e-08	-4.01358238378e-06
2.88705029393e-08	-3.78151071345e-06
2.88903999089e-08	-3.38430868396e-06
2.89102968785e-08	-2.91286289666e-06
2.89301938482e-08	-2.44643865699e-06
2.89500908178e-08	-2.04334367027e-06
2.89699877874e-08	-1.72835262902e-06
2.89898847571e-08	-1.49617176248e-06
2.90097817267e-08	-1.31665370873e-06
2.90296786963e-08	-1.13353394227e-06
2.9049575666e-08	-8.83422330844e-07
2.90694726356e-08	-5.08187156356e-07
2.90893696052e-08	2.80735896752e-08
2.91092665749e-08	7.25926184941e-07
2.91291635445e-08	1.55026936e-06
2.91490605141e-08	2.43724355187e-06
2.91689574838e-08	3.30506190949e-06
2.91888544534e-08	4.05939522352e-06
2.9208751423e-08	4.60819637738e-06
2.92286483927e-08	4.8739873364e-06
2.92485453623e-08	4.80419316773e-06
2.92684423319e-08	4.38687789028e-06
2.92883393016e-08	3.64879997505e-06
2.93082362712e-08	2.65060918991e-06
2.93281332408e-08	1.4761179159e-06
2.93480302105e-08	2.24909697977e-07
2.93679271801e-08	-9.93892228962e-07
2.93878241497e-08	-2.07830089494e-06
2.94077211194e-08	-2.94089841191e-06
2.9427618089e-08	-3.5299543697e-06
2.94475150586e-08	-3.82868756788e-06
2.94674120283e-08	-3.85845737583e-06
2.94873089979e-08	-3.66673543795e-06
2.95072059676e-08	-3.31922399255e-06
2.95271029372e-08	-2.89030617751e-06
2.95469999068e-08	-2.45168291713e-06
2.95668968765e-08	-2.06222955512e-06
2.95867938461e-08	-1.74725914803e-06
2.96066908157e-08	-1.50178999547e-06
2.96265877854e-08	-1.29179949226e-06
2.9646484755e-08	-1.06559468804e-06
2.96663817246e-08	-7.72409435967e-07
2.96862786943e-08	-3.68810191276e-07
2.97061756639e-08	1.72102865292e-07
2.97260726335e-08	8.52263440265e-07
2.97459696032e-08	1.64360960753e-06
2.97658665728e-08	2.48632159128e-06
2.97857635424e-08	3.29489455453e-06
2.98056605121e-08	3.98093925469e-06
2.98255574817e-08	4.4604832965e-06
2.98454544513e-08	4.66872074867e-06
2.9865351421e-08	4.5679514642e-06
2.98852483906e-08	4.14455689679e-06
2.99051453602e-08	3.41942120485e-06
2.99250423299e-08	2.44737725552e-06
2.99449392995e-08	1.31475422904e-06
2.99648362691e-08	1.20097425338e-07
2.99847332388e-08	-1.03295997178e-06
3.00046302084e-08	-2.0551220814e-06
3.0024527178e-08	-2.87341947569e-06
3.00444241477e-08	-3.43962665283e-06
3.00643211173e-08	-3.73174668766e-06
3.00842180869e-08	-3.76317302653e-06
3.01041150566e-08	-3.58019281066e-06
3.01240120262e-08	-3.24881307279e-06
3.01439089958e-08	-2.8408221624e-06
3.01638059655e-08	-2.41881480179e-06
3.01837029351e-08	-2.02771434488e-06
3.02035999048e-08	-1.6901464619e-06
3.02234968744e-08	-1.40942916005e-06
3.0243393844e-08	-1.16312014597e-06
3.02632908137e-08	-9.0960804755e-07
3.02831877833e-08	-5.97633800226e-07
3.03030847529e-08	-1.83335906456e-07
3.03229817226e-08	3.52026418682e-07
3.03428786922e-08	1.0049304251e-06
3.03627756618e-08	1.74105025508e-06
3.03826726315e-08	2.50755431352e-06
3.04025696011e-08	3.23761878462e-06
3.04224665707e-08	3.85260830171e-06
3.04423635404e-08	4.2730603127e-06
3.046226051e-08	4.43341536993e-06
3.04821574796e-08	4.29846681982e-06
3.05020544493e-08	3.86253691431e-06
3.05219514189e-08	3.15642955684e-06
3.05418483885e-08	2.2313415684e-06
3.05617453582e-08	1.15971124615e-06
3.05816423278e-08	2.96335862515e-08
3.06015392974e-08	-1.06445588699e-06
3.06214362671e-08	-2.03159197554e-06
3.06413332367e-08	-2.79975199646e-06
3.06612302063e-08	-3.32557510774e-06
3.0681127176e-08	-3.60165711299e-06
3.07010241456e-08	-3.64140942111e-06
3.07209211152e-08	-3.48053345078e-06
3.07408180849e-08	-3.17260139582e-06
3.07607150545e-08	-2.78155982869e-06
3.07806120241e-08	-2.36946652876e-06
3.08005089938e-08	-1.98445741262e-06
3.08204059634e-08	-1.65054916579e-06
3.0840302933e-08	-1.36265646233e-06
3.08601999027e-08	-1.0934215311e-06
3.08800968723e-08	-8.10574988463e-07
3.08999938419e-08	-4.78136499282e-07
3.09198908116e-08	-6.11635009307e-08
3.09397877812e-08	4.6025257916e-07
3.09596847509e-08	1.08818534272e-06
3.09795817205e-08	1.79394999122e-06
3.09994786901e-08	2.52429003922e-06
3.10193756598e-08	3.20649371588e-06
3.10392726294e-08	3.76583102479e-06
3.1059169599e-08	4.13777001995e-06
3.10790665687e-08	4.26917199547e-06
3.10989635383e-08	4.12620124735e-06
3.11188605079e-08	3.6980798086e-06
3.11387574776e-08	3.00601573144e-06
3.11586544472e-08	2.10287385016e-06
3.11785514168e-08	1.06655414811e-06
3.11984483865e-08	-1.68863394379e-08
3.12183453561e-08	-1.06144705114e-06
3.12382423257e-08	-1.98888471914e-06
3.12581392954e-08	-2.73720922905e-06
3.1278036265e-08	-3.25980283833e-06
3.12979332346e-08	-3.53637085482e-06
3.13178302043e-08	-3.57999545031e-06
3.13377271739e-08	-3.43259557667e-06
3.13576241435e-08	-3.14781368616e-06
3.13775211132e-08	-2.7825997222e-06
3.13974180828e-08	-2.38831739807e-06
3.14173150524e-08	-2.00323120225e-06
3.14372120221e-08	-1.65148031783e-06
3.14571089917e-08	-1.33866512897e-06
3.14770059613e-08	-1.05004318129e-06
3.1496902931e-08	-7.48668554706e-07
3.15167999006e-08	-3.9448926259e-07
3.15366968702e-08	4.30642792537e-08
3.15565938399e-08	5.7453527802e-07
3.15764908095e-08	1.19286977451e-06
3.15963877791e-08	1.8682989662e-06
3.16162847488e-08	2.55765769452e-06
3.16361817184e-08	3.20120784636e-06
3.1656078688e-08	3.72767499357e-06
3.16759756577e-08	4.06690264754e-06
3.16958726273e-08	4.165248356e-06
3.1715769597e-08	3.99424266107e-06
3.17356665666e-08	3.55568874966e-06
3.17555635362e-08	2.87560771994e-06
3.17754605059e-08	1.99929843347e-06
3.17953574755e-08	9.91235197034e-07
3.18152544451e-08	-6.57128893522e-08
3.18351514148e-08	-1.08434841195e-06
3.18550483844e-08	-1.9834893692e-06
3.1874945354e-08	-2.70180919415e-06
3.18948423237e-08	-3.20205197113e-06
3.19147392933e-08	-3.47720765603e-06
3.19346362629e-08	-3.53470818482e-06
3.19545332326e-08	-3.40250812769e-06
3.19744302022e-08	-3.12691258841e-06
3.19943271718e-08	-2.7658001045e-06
3.20142241415e-08	-2.37459403252e-06
3.20341211111e-08	-1.99153703306e-06
3.20540180807e-08	-1.63768686434e-06
3.20739150504e-08	-1.30966532197e-06
3.209381202e-08	-9.91803176476e-07
3.21137089896e-08	-6.59356487631e-07
3.21336059593e-08	-2.88717359354e-07
3.21535029289e-08	1.48698298119e-07
3.21733998985e-08	6.70429756155e-07
3.21932968682e-08	1.2735498558e-06
3.22131938378e-08	1.92518803033e-06
3.22330908074e-08	2.57835449702e-06
3.22529877771e-08	3.17127216931e-06
3.22728847467e-08	3.64050549706e-06
3.22927817163e-08	3.93203526983e-06
3.2312678686e-08	4.00176736548e-06
3.23325756556e-08	3.81835945973e-06
3.23524726252e-08	3.37596088684e-06
3.23723695949e-08	2.70090470167e-06
3.23922665645e-08	1.8452291215e-06
3.24121635341e-08	8.78827421502e-07
3.24320605038e-08	-1.2175478048e-07
3.24519574734e-08	-1.08277805566e-06
3.24718544431e-08	-1.93398796e-06
3.24917514127e-08	-2.61843365479e-06
3.25116483823e-08	-3.09366203055e-06
3.2531545352e-08	-3.34733181262e-06
3.25514423216e-08	-3.39267660365e-06
3.25713392912e-08	-3.26793099248e-06
3.25912362609e-08	-3.01585384932e-06
3.26111332305e-08	-2.68368864909e-06
3.26310302001e-08	-2.3148299988e-06
3.26509271698e-08	-1.9434251044e-06
3.26708241394e-08	-1.59375275643e-06
3.2690721109e-08	-1.27150809703e-06
3.27106180787e-08	-9.60774940495e-07
3.27305150483e-08	-6.31485164604e-07
3.27504120179e-08	-2.54227700225e-07
3.27703089876e-08	1.8978560945e-07
3.27902059572e-08	7.06961372998e-07
3.28101029268e-08	1.28745386974e-06
3.28299998965e-08	1.90722056459e-06
3.28498968661e-08	2.52599750183e-06
3.28697938357e-08	3.08912149194e-06
3.28896908054e-08	3.53236987394e-06
3.2909587775e-08	3.79545508622e-06
3.29294847446e-08	3.83734266052e-06
3.29493817143e-08	3.64077561699e-06
3.29692786839e-08	3.20737694892e-06
3.29891756535e-08	2.56060093307e-06
3.30090726232e-08	1.74338543957e-06
3.30289695928e-08	8.16862979036e-07
3.30488665624e-08	-1.44878953279e-07
3.30687635321e-08	-1.06206692863e-06
3.30886605017e-08	-1.86595718787e-06
3.31085574713e-08	-2.50986056471e-06
3.3128454441e-08	-2.96447171877e-06
3.31483514106e-08	-3.21721029195e-06
3.31682483802e-08	-3.27673728862e-06
3.31881453499e-08	-3.16813043355e-06
3.32080423195e-08	-2.93112805139e-06
3.32279392892e-08	-2.61718309957e-06
3.32478362588e-08	-2.27049827117e-06
3.32677332284e-08	-1.92024106127e-06
3.32876301981e-08	-1.57959897251e-06
3.33075271677e-08	-1.24951100133e-06
3.33274241373e-08	-9.19464952176e-07
3.3347321107e-08	-5.74007344767e-07
3.33672180766e-08	-1.9026776954e-07
3.33871150462e-08	2.52931457112e-07
3.34070120159e-08	7.67211218999e-07
3.34269089855e-08	1.33972804406e-06
3.34468059551e-08	1.94141284737e-06
3.34667029248e-08	2.52572681347e-06
3.34865998944e-08	3.04216064251e-06
3.3506496864e-08	3.43803412761e-06
3.35263938337e-08	3.66772428606e-06
3.35462908033e-08	3.68915698346e-06
3.35661877729e-08	3.47876448359e-06
3.35860847426e-08	3.03747424368e-06
3.36059817122e-08	2.39541566316e-06
3.36258786818e-08	1.59982158721e-06
3.36457756515e-08	7.12544448334e-07
3.36656726211e-08	-2.01539393174e-07
3.36855695907e-08	-1.07688327944e-06
3.37054665604e-08	-1.85109877293e-06
3.372536353e-08	-2.47040361501e-06
3.37452604996e-08	-2.9023518664e-06
3.37651574693e-08	-3.13771204219e-06
3.37850544389e-08	-3.19173068419e-06
3.38049514085e-08	-3.0919073879e-06
3.38248483782e-08	-2.87287798528e-06
3.38447453478e-08	-2.57069791587e-06
3.38646423174e-08	-2.22362371005e-06
3.38845392871e-08	-1.8643063413e-06
3.39044362567e-08	-1.51305511054e-06
3.39243332263e-08	-1.17321559401e-06
3.3944230196e-08	-8.32165937936e-07
3.39641271656e-08	-4.69030922545e-07
3.39840241353e-08	-6.60388081997e-08
3.40039211049e-08	3.85760642985e-07
3.40238180745e-08	8.86475987727e-07
3.40437150442e-08	1.42895447652e-06
3.40636120138e-08	1.99016415081e-06
3.40835089834e-08	2.53241239534e-06
3.41034059531e-08	3.00441513446e-06
3.41233029227e-08	3.35317781719e-06
3.41431998923e-08	3.53139580511e-06
3.4163096862e-08	3.50948062078e-06
3.41829938316e-08	3.27750842644e-06
3.42028908012e-08	2.83743952423e-06
3.42227877709e-08	2.21104050979e-06
3.42426847405e-08	1.43961142385e-06
3.42625817101e-08	5.81020486834e-07
3.42824786798e-08	-2.96239889508e-07
3.43023756494e-08	-1.12440005751e-06
3.4322272619e-08	-1.84892871857e-06
3.43421695887e-08	-2.42981286647e-06
3.43620665583e-08	-2.83961071545e-06
3.43819635279e-08	-3.06619187995e-06
3.44018604976e-08	-3.115869049e-06
3.44217574672e-08	-3.0108685678e-06
3.44416544368e-08	-2.7892607477e-06
3.44615514065e-08	-2.49370123129e-06
3.44814483761e-08	-2.15729983211e-06
3.45013453457e-08	-1.80341550049e-06
3.45212423154e-08	-1.44696019788e-06
3.4541139285e-08	-1.09220513878e-06
3.45610362546e-08	-7.36907793453e-07
3.45809332243e-08	-3.69628168073e-07
3.46008301939e-08	2.76911231722e-08
3.46207271635e-08	4.71561747872e-07
3.46406241332e-08	9.62346859978e-07
3.46605211028e-08	1.48704668845e-06
3.46804180725e-08	2.01642183129e-06
3.47003150421e-08	2.51454525824e-06
3.47202120117e-08	2.93978587251e-06
3.47401089814e-08	3.25167854953e-06
3.4760005951e-08	3.40648568908e-06
3.47799029206e-08	3.37054029842e-06
3.47997998903e-08	3.12855149787e-06
3.48196968599e-08	2.68714302365e-06
3.48395938295e-08	2.07500613669e-06
3.48594907992e-08	1.33582653916e-06
3.48793877688e-08	5.18140950589e-07
3.48992847384e-08	-3.19135864402e-07
3.49191817081e-08	-1.11794412305e-06
3.49390786777e-08	-1.82066321486e-06
3.49589756473e-08	-2.38013387843e-06
3.4978872617e-08	-2.77190963516e-06
3.49987695866e-08	-2.99116118185e-06
3.50186665562e-08	-3.04742525259e-06
3.50385635259e-08	-2.96107577924e-06
3.50584604955e-08	-2.75965840046e-06
3.50783574651e-08	-2.47376806328e-06
3.50982544348e-08	-2.13910163893e-06
3.51181514044e-08	-1.78647559324e-06
3.5138048374e-08	-1.43091654081e-06
3.51579453437e-08	-1.07501688262e-06
3.51778423133e-08	-7.09801099674e-07
3.51977392829e-08	-3.23887221043e-07
3.52176362526e-08	9.02558952021e-08
3.52375332222e-08	5.38407164186e-07
3.52574301918e-08	1.02009346392e-06
3.52773271615e-08	1.52882938664e-06
3.52972241311e-08	2.04136176762e-06
3.53171211007e-08	2.52315817306e-06
3.53370180704e-08	2.92616346087e-06
3.535691504e-08	3.20781964547e-06
3.53768120096e-08	3.33253922236e-06
3.53967089793e-08	3.27760278651e-06
3.54166059489e-08	3.03198623897e-06
3.54365029186e-08	2.59812418335e-06
3.54563998882e-08	1.99600685846e-06
3.54762968578e-08	1.26608387063e-06
3.54961938275e-08	4.6343870963e-07
3.55160907971e-08	-3.50469022692e-07
3.55359877667e-08	-1.12017704623e-06
3.55558847364e-08	-1.79858704996e-06
3.5575781706e-08	-2.3466714083e-06
3.55956786756e-08	-2.73833268238e-06
3.56155756453e-08	-2.95838924558e-06
3.56354726149e-08	-3.01342981857e-06
3.56553695845e-08	-2.92573406568e-06
3.56752665542e-08	-2.72781812782e-06
3.56951635238e-08	-2.45268631716e-06
3.57150604934e-08	-2.1268870114e-06
3.57349574631e-08	-1.77110337063e-06
3.57548544327e-08	-1.40171709972e-06
3.57747514023e-08	-1.03009597296e-06
3.5794648372e-08	-6.54335110539e-07
3.58145453416e-08	-2.6539292719e-07
3.58344423112e-08	1.50082676953e-07
3.58543392809e-08	6.01281158197e-07
3.58742362505e-08	1.08210377903e-06
3.58941332201e-08	1.57756113595e-06
3.59140301898e-08	2.06156630611e-06
3.59339271594e-08	2.50633593168e-06
3.5953824129e-08	2.87701993784e-06
3.59737210987e-08	3.13384146011e-06
3.59936180683e-08	3.2392920275e-06
3.60135150379e-08	3.16454440963e-06
3.60334120076e-08	2.90382081403e-06
3.60533089772e-08	2.46450963459e-06
3.60732059468e-08	1.87729654044e-06
3.60931029165e-08	1.17483403983e-06
3.61129998861e-08	4.0451848804e-07
3.61328968557e-08	-3.82631455409e-07
3.61527938254e-08	-1.126712732e-06
3.6172690795e-08	-1.77786233735e-06
3.61925877647e-08	-2.29481793212e-06
3.62124847343e-08	-2.65989297077e-06
3.62323817039e-08	-2.86807448902e-06
3.62522786736e-08	-2.92463323603e-06
3.62721756432e-08	-2.84440784526e-06
3.62920726128e-08	-2.65138999112e-06
3.63119695825e-08	-2.3765453534e-06
3.63318665521e-08	-2.05280605314e-06
3.63517635217e-08	-1.70727776094e-06
3.63716604914e-08	-1.35057126727e-06
3.6391557461e-08	-9.84647385849e-07
3.64114544306e-08	-6.07095586247e-07
3.64313514003e-08	-2.13569428809e-07
3.64512483699e-08	1.98441085786e-07
3.64711453395e-08	6.33620231838e-07
3.64910423092e-08	1.09255046254e-06
3.65109392788e-08	1.56677492669e-06
3.65308362484e-08	2.0328749315e-06
3.65507332181e-08	2.45560556777e-06
3.65706301877e-08	2.79625965049e-06
3.65905271573e-08	3.01976649553e-06
3.6610424127e-08	3.10036216433e-06
3.66303210966e-08	3.01833233607e-06
3.66502180662e-08	2.76287880752e-06
3.66701150359e-08	2.33629941704e-06
3.66900120055e-08	1.76274295427e-06
3.67099089751e-08	1.08126954501e-06
3.67298059448e-08	3.43654519952e-07
3.67497029144e-08	-3.99782734917e-07
3.6769599884e-08	-1.10018970645e-06
3.67894968537e-08	-1.71738918198e-06
3.68093938233e-08	-2.21596883421e-06
3.68292907929e-08	-2.56738655935e-06
3.68491877626e-08	-2.7625653729e-06
3.68690847322e-08	-2.81026404991e-06
3.68889817018e-08	-2.73234286396e-06
3.69088786715e-08	-2.55404347627e-06
3.69287756411e-08	-2.30061277762e-06
3.69486726108e-08	-1.9949424086e-06
3.69685695804e-08	-1.65512585681e-06
3.698846655e-08	-1.29976916696e-06
3.70083635197e-08	-9.40098999536e-07
3.70282604893e-08	-5.72334954541e-07
3.70481574589e-08	-1.8740728791e-07
3.70680544286e-08	2.22413916617e-07
3.70879513982e-08	6.59700987171e-07
3.71078483678e-08	1.11496933641e-06
3.71277453375e-08	1.57102118692e-06
3.71476423071e-08	2.01077887141e-06
3.71675392767e-08	2.40759629833e-06
3.71874362464e-08	2.72886848052e-06
3.7207333216e-08	2.93854986921e-06
3.72272301856e-08	3.00231999972e-06
3.72471271553e-08	2.9011461038e-06
3.72670241249e-08	2.63368997366e-06
3.72869210945e-08	2.21050970595e-06
3.73068180642e-08	1.65626369153e-06
3.73267150338e-08	1.00045730278e-06
3.73466120034e-08	2.85232388819e-07
3.73665089731e-08	-4.38427605332e-07
3.73864059427e-08	-1.11634722089e-06
3.74063029123e-08	-1.70540522504e-06
3.7426199882e-08	-2.17487013288e-06
3.74460968516e-08	-2.50808591318e-06
3.74659938212e-08	-2.70105192612e-06
3.74858907909e-08	-2.75286367923e-06
3.75057877605e-08	-2.67742404958e-06
3.75256847301e-08	-2.49569063726e-06
3.75455816998e-08	-2.23863617066e-06
3.75654786694e-08	-1.93378917857e-06
3.7585375639e-08	-1.60098909419e-06
3.76052726087e-08	-1.24705286453e-06
3.76251695783e-08	-8.77464174209e-07
3.76450665479e-08	-4.93692851933e-07
3.76649635176e-08	-9.8482381361e-08
3.76848604872e-08	3.10236288215e-07
3.77047574569e-08	7.35511491712e-07
3.77246544265e-08	1.17613012662e-06
3.77445513961e-08	1.62009558835e-06
3.77644483658e-08	2.04048330943e-06
3.77843453354e-08	2.40601445967e-06
3.7804242305e-08	2.68613985099e-06
3.78241392747e-08	2.85463488581e-06
3.78440362443e-08	2.88902401735e-06
3.78639332139e-08	2.77317349173e-06
3.78838301836e-08	2.49785455253e-06
3.79037271532e-08	2.06818322113e-06
3.79236241228e-08	1.51284007188e-06
3.79435210925e-08	8.69963741934e-07
3.79634180621e-08	1.84385520186e-07
3.79833150317e-08	-5.01981958223e-07
3.80032120014e-08	-1.14750974944e-06
3.8023108971e-08	-1.71219505773e-06
3.80430059406e-08	-2.16383386942e-06
3.80629029103e-08	-2.47689320076e-06
3.80827998799e-08	-2.64665527538e-06
3.81026968495e-08	-2.68265296199e-06
3.81225938192e-08	-2.60481317582e-06
3.81424907888e-08	-2.42992177846e-06
3.81623877584e-08	-2.17782621803e-06
3.81822847281e-08	-1.87009214869e-06
3.82021816977e-08	-1.52669224462e-06
3.82220786673e-08	-1.16680740803e-06
3.8241975637e-08	-7.99053395895e-07
3.82618726066e-08	-4.21199175094e-07
3.82817695762e-08	-2.59593351259e-08
3.83016665459e-08	3.85888469623e-07
3.83215635155e-08	8.10435807352e-07
3.83414604851e-08	1.23591752299e-06
3.83613574548e-08	1.65065597457e-06
3.83812544244e-08	2.03829472412e-06
3.8401151394e-08	2.37630877109e-06
3.84210483637e-08	2.63515505594e-06
3.84409453333e-08	2.78088009509e-06
3.8460842303e-08	2.78864854408e-06
3.84807392726e-08	2.64940058514e-06
3.85006362422e-08	2.36480923377e-06
3.85205332119e-08	1.94577387447e-06
3.85404301815e-08	1.41159176792e-06
3.85603271511e-08	7.90738312162e-07
3.85802241208e-08	1.23236517879e-07
3.86001210904e-08	-5.41914232599e-07
3.862001806e-08	-1.15917970334e-06
3.86399150297e-08	-1.69185284449e-06
3.86598119993e-08	-2.11693122765e-06
3.86797089689e-08	-2.41982422722e-06
3.86996059386e-08	-2.59201590325e-06
3.87195029082e-08	-2.63161189196e-06
3.87393998778e-08	-2.55152428963e-06
3.87592968475e-08	-2.37474421283e-06
3.87791938171e-08	-2.1264058887e-06
3.87990907867e-08	-1.8298317741e-06
3.88189877564e-08	-1.49887478074e-06
3.8838884726e-08	-1.1416639154e-06
3.88587816956e-08	-7.6388428738e-07
3.88786786653e-08	-3.77291968334e-07
3.88985756349e-08	1.73635497092e-08
3.89184726045e-08	4.20818409452e-07
3.89383695742e-08	8.35835322732e-07
3.89582665438e-08	1.25567822806e-06
3.89781635134e-08	1.66650448818e-06
3.89980604831e-08	2.04324862807e-06
3.90179574527e-08	2.35744766997e-06
3.90378544223e-08	2.58837758338e-06
3.9057751392e-08	2.71530905138e-06
3.90776483616e-08	2.71795443041e-06
3.90975453312e-08	2.57910551227e-06
3.91174423009e-08	2.29366708027e-06
3.91373392705e-08	1.87363872328e-06
3.91572362402e-08	1.34401324203e-06
3.91771332098e-08	7.40512319908e-07
3.91970301794e-08	1.00927426416e-07
3.92169271491e-08	-5.39334195082e-07
3.92368241187e-08	-1.14301803933e-06
3.92567210883e-08	-1.67031140563e-06
3.9276618058e-08	-2.08948836189e-06
3.92965150276e-08	-2.38204518155e-06
3.93164119972e-08	-2.54460223914e-06
3.93363089669e-08	-2.58596514868e-06
3.93562059365e-08	-2.51907590609e-06
3.93761029061e-08	-2.35457991948e-06
3.93959998758e-08	-2.11154724639e-06
3.94158968454e-08	-1.8106491666e-06
3.9435793815e-08	-1.47183760646e-06
3.94556907847e-08	-1.11316609264e-06
3.94755877543e-08	-7.41138933336e-07
3.94954847239e-08	-3.53897846139e-07
3.95153816936e-08	5.0879611635e-08
3.95352786632e-08	4.64190208049e-07
3.95551756328e-08	8.79185222402e-07
3.95750726025e-08	1.28773882579e-06
3.95949695721e-08	1.67758639691e-06
3.96148665417e-08	2.03535023502e-06
3.96347635114e-08	2.33787352499e-06
3.9654660481e-08	2.55658676451e-06
3.96745574506e-08	2.66278368599e-06
3.96944544203e-08	2.64137747763e-06
3.97143513899e-08	2.48519586421e-06
3.97342483595e-08	2.19877699692e-06
3.97541453292e-08	1.7893823383e-06
3.97740422988e-08	1.27375153625e-06
3.97939392684e-08	6.80788787122e-07
3.98138362381e-08	5.15598514994e-08
3.98337332077e-08	-5.70770708919e-07
3.98536301773e-08	-1.14592029377e-06
3.9873527147e-08	-1.64520696444e-06
3.98934241166e-08	-2.04568618756e-06
3.99133210863e-08	-2.33174466757e-06
3.99332180559e-08	-2.49289359999e-06
3.99531150255e-08	-2.52700806413e-06
3.99730119952e-08	-2.44874183863e-06
3.99929089648e-08	-2.27969985644e-06
4.00128059344e-08	-2.04166985895e-06
4.00327029041e-08	-1.75098028876e-06
4.00525998737e-08	-1.41971258927e-06
4.00724968433e-08	-1.05982445575e-06
4.0092393813e-08	-6.81864719354e-07
4.01122907826e-08	-2.95939514672e-07
4.01321877522e-08	9.38473050383e-08
4.01520847219e-08	4.90435553502e-07
4.01719816915e-08	8.926635644e-07
4.01918786611e-08	1.29170712171e-06
4.02117756308e-08	1.66815641478e-06
4.02316726004e-08	2.00314809717e-06
4.025156957e-08	2.27426437505e-06
4.02714665397e-08	2.46617537414e-06
4.02913635093e-08	2.55821794326e-06
4.03112604789e-08	2.53289636021e-06
4.03311574486e-08	2.37504855249e-06
4.03510544182e-08	2.08517940337e-06
4.03709513878e-08	1.67676540741e-06
4.03908483575e-08	1.17644572128e-06
4.04107453271e-08	6.13389119053e-07
4.04306422967e-08	1.80695902685e-08
4.04505392664e-08	-5.76067691327e-07
4.0470436236e-08	-1.13049054562e-06
4.04903332056e-08	-1.61089786843e-06
4.05102301753e-08	-1.98851944333e-06
4.05301271449e-08	-2.25054338898e-06
4.05500241145e-08	-2.39580151629e-06
4.05699210842e-08	-2.43057672833e-06
4.05898180538e-08	-2.3618014211e-06
4.06097150234e-08	-2.20013100716e-06
4.06296119931e-08	-1.96350572423e-06
4.06495089627e-08	-1.67407790741e-06
4.06694059324e-08	-1.34996565748e-06
4.0689302902e-08	-1.00536118453e-06
4.07091998716e-08	-6.43350773544e-07
4.07290968413e-08	-2.64957435547e-07
4.07489938109e-08	1.24720784811e-07
4.07688907805e-08	5.17515502452e-07
4.07887877502e-08	9.05550166408e-07
4.08086847198e-08	1.2825853446e-06
4.08285816894e-08	1.63932759278e-06
4.08484786591e-08	1.9607507511e-06
4.08683756287e-08	2.22283824769e-06
4.08882725983e-08	2.40054077949e-06
4.0908169568e-08	2.47225386829e-06
4.09280665376e-08	2.42852433985e-06
4.09479635072e-08	2.26507324896e-06
4.09678604769e-08	1.983157631e-06
4.09877574465e-08	1.58891208457e-06
4.10076544161e-08	1.10019954036e-06
4.10275513858e-08	5.47529793948e-07
4.10474483554e-08	-3.27699929414e-08
4.1067345325e-08	-6.01142573942e-07
4.10872422947e-08	-1.12519273898e-06
4.11071392643e-08	-1.58122645644e-06
4.11270362339e-08	-1.94762174033e-06
4.11469332036e-08	-2.2043585659e-06
4.11668301732e-08	-2.34386050124e-06
4.11867271428e-08	-2.36864184444e-06
4.12066241125e-08	-2.29164072607e-06
4.12265210821e-08	-2.13071859889e-06
4.12464180517e-08	-1.90457427607e-06
4.12663150214e-08	-1.62389738989e-06
4.1286211991e-08	-1.29980793417e-06
4.13061089606e-08	-9.4848925869e-07
4.13260059303e-08	-5.81988359727e-07
4.13459028999e-08	-2.07409698305e-07
4.13657998695e-08	1.72822730349e-07
4.13856968392e-08	5.58347210244e-07
4.14055938088e-08	9.44691748828e-07
4.14254907785e-08	1.31850134721e-06
4.14453877481e-08	1.6626823367e-06
4.14652847177e-08	1.95891311705e-06
4.14851816874e-08	2.19403250412e-06
4.1505078657e-08	2.35033689933e-06
4.15249756266e-08	2.40971019139e-06
4.15448725963e-08	2.35386380609e-06
4.15647695659e-08	2.17602450903e-06
4.15846665355e-08	1.87882488945e-06
4.16045635052e-08	1.47998326838e-06
4.16244604748e-08	1.00077187426e-06
4.16443574444e-08	4.6734209036e-07
4.16642544141e-08	-9.40280884265e-08
4.16841513837e-08	-6.48677740855e-07
4.17040483533e-08	-1.16041439924e-06
4.1723945323e-08	-1.59755501272e-06
4.17438422926e-08	-1.93899472833e-06
4.17637392622e-08	-2.17412184611e-06
4.17836362319e-08	-2.30293164805e-06
4.18035332015e-08	-2.32484353546e-06
4.18234301711e-08	-2.24705820528e-06
4.18433271408e-08	-2.07959067211e-06
4.18632241104e-08	-1.84143482329e-06
4.188312108e-08	-1.55387596124e-06
4.19030180497e-08	-1.23270410768e-06
4.19229150193e-08	-8.85660540462e-07
4.19428119889e-08	-5.19375220165e-07
4.19627089586e-08	-1.39810040878e-07
4.19826059282e-08	2.45110342689e-07
4.20025028978e-08	6.26003611615e-07
4.20223998675e-08	9.94638980956e-07
4.20422968371e-08	1.34846453648e-06
4.20621938067e-08	1.67569390896e-06
4.20820907764e-08	1.95777829504e-06
4.2101987746e-08	2.17407966829e-06
4.21218847156e-08	2.3045446369e-06
4.21417816853e-08	2.33533876326e-06
4.21616786549e-08	2.25986184432e-06
4.21815756246e-08	2.07577249967e-06
4.22014725942e-08	1.78239315574e-06
4.22213695638e-08	1.38756792012e-06
4.22412665335e-08	9.13246537948e-07
4.22611635031e-08	3.88457166878e-07
4.22810604727e-08	-1.52710796897e-07
4.23009574424e-08	-6.78431689494e-07
4.2320854412e-08	-1.16246343396e-06
4.23407513816e-08	-1.58134190542e-06
4.23606483513e-08	-1.91253991488e-06
4.23805453209e-08	-2.13891985368e-06
4.24004422905e-08	-2.25516646424e-06
4.24203392602e-08	-2.26558483973e-06
4.24402362298e-08	-2.18422439957e-06
4.24601331994e-08	-2.02370006264e-06
4.24800301691e-08	-1.79600561978e-06
4.24999271387e-08	-1.51340236698e-06
4.25198241083e-08	-1.1895872376e-06
4.2539721078e-08	-8.40565235194e-07
4.25596180476e-08	-4.78195346432e-07
4.25795150172e-08	-1.08499797591e-07
4.25994119869e-08	2.67271843768e-07
4.26193089565e-08	6.44508986625e-07
4.26392059261e-08	1.01407033526e-06
4.26591028958e-08	1.36118177352e-06
4.26789998654e-08	1.6718391862e-06
4.2698896835e-08	1.93449290009e-06
4.27187938047e-08	2.13489545331e-06
4.27386907743e-08	2.25736607717e-06
4.27585877439e-08	2.28426267768e-06
4.27784847136e-08	2.20234244352e-06
4.27983816832e-08	2.00829106234e-06
4.28182786528e-08	1.71162901097e-06
4.28381756225e-08	1.32539031483e-06
4.28580725921e-08	8.69164495043e-07
4.28779695617e-08	3.62432473366e-07
4.28978665314e-08	-1.65238233762e-07
4.2917763501e-08	-6.82179233991e-07
4.29376604707e-08	-1.15448381166e-06
4.29575574403e-08	-1.55661899726e-06
4.29774544099e-08	-1.87187464462e-06
4.29973513796e-08	-2.09221479963e-06
4.30172483492e-08	-2.21190862248e-06
4.30371453188e-08	-2.23057736548e-06
4.30570422885e-08	-2.15161037431e-06
4.30769392581e-08	-1.98908753646e-06
4.30968362277e-08	-1.76092635229e-06
4.31167331974e-08	-1.48410072143e-06
4.3136630167e-08	-1.16943101602e-06
4.31565271366e-08	-8.25570594998e-07
4.31764241063e-08	-4.60420565673e-07
4.31963210759e-08	-8.38520968216e-08
4.32162180455e-08	2.9332231577e-07
4.32361150152e-08	6.62829933162e-07
4.32560119848e-08	1.02082964304e-06
4.32759089544e-08	1.36031758302e-06
4.32958059241e-08	1.66702881188e-06
4.33157028937e-08	1.92309869362e-06
4.33355998633e-08	2.10996915939e-06
4.3355496833e-08	2.21366303776e-06
4.33753938026e-08	2.2245466198e-06
4.33952907722e-08	2.13743362565e-06
4.34151877419e-08	1.9465328478e-06
4.34350847115e-08	1.65303902122e-06
4.34549816811e-08	1.26778292042e-06
4.34748786508e-08	8.14187927745e-07
4.34947756204e-08	3.18107936437e-07
4.351467259e-08	-1.89338607015e-07
4.35345695597e-08	-6.84424350084e-07
4.35544665293e-08	-1.14145166208e-06
4.35743634989e-08	-1.53582232088e-06
4.35942604686e-08	-1.84449373819e-06
4.36141574382e-08	-2.05435151202e-06
4.36340544079e-08	-2.16169780742e-06
4.36539513775e-08	-2.17196532049e-06
4.36738483471e-08	-2.09567110687e-06
4.36937453168e-08	-1.93950205585e-06
4.37136422864e-08	-1.71562140849e-06
4.3733539256e-08	-1.43523737961e-06
4.37534362257e-08	-1.11657499247e-06
4.37733331953e-08	-7.74484021804e-07
4.37932301649e-08	-4.17803036612e-07
4.38131271346e-08	-5.15722415884e-08
4.38330241042e-08	3.1946903789e-07
4.38529210738e-08	6.86420435159e-07
4.38728180435e-08	1.03852130451e-06
4.38927150131e-08	1.36113311555e-06
4.39126119827e-08	1.6450868543e-06
4.39325089524e-08	1.88077666508e-06
4.3952405922e-08	2.05432093026e-06
4.39723028916e-08	2.14830265577e-06
4.39921998613e-08	2.14873500681e-06
4.40120968309e-08	2.04768912226e-06
4.40319938005e-08	1.84708602546e-06
4.40518907702e-08	1.55528061896e-06
4.40717877398e-08	1.18409508332e-06
4.40916847094e-08	7.4852496823e-07
4.41115816791e-08	2.69301509093e-07
4.41314786487e-08	-2.24899494583e-07
4.41513756183e-08	-7.0212777814e-07
4.4171272588e-08	-1.13454314032e-06
4.41911695576e-08	-1.50157785583e-06
4.42110665272e-08	-1.79055604121e-06
4.42309634969e-08	-1.98979921606e-06
4.42508604665e-08	-2.09376321436e-06
4.42707574361e-08	-2.09915117466e-06
4.42906544058e-08	-2.01514501441e-06
4.43105513754e-08	-1.85353371762e-06
4.4330448345e-08	-1.63360334682e-06
4.43503453147e-08	-1.36462932687e-06
4.43702422843e-08	-1.05822942942e-06
4.4390139254e-08	-7.22259841268e-07
4.44100362236e-08	-3.67985308003e-07
4.44299331932e-08	-9.17288911495e-09
4.44498301629e-08	3.47129997635e-07
4.44697271325e-08	6.95087948088e-07
4.44896241021e-08	1.02975889149e-06
4.45095210718e-08	1.34230100457e-06
4.45294180414e-08	1.617044461e-06
4.4549315011e-08	1.83763302175e-06
4.45692119807e-08	1.99052897187e-06
4.45891089503e-08	2.06740912745e-06
4.46090059199e-08	2.05897481464e-06
4.46289028896e-08	1.95952600279e-06
4.46487998592e-08	1.76289535148e-06
4.46686968288e-08	1.47320992028e-06
4.46885937985e-08	1.10434262979e-06
4.47084907681e-08	6.79257908587e-07
4.47283877377e-08	2.2024563151e-07
4.47482847074e-08	-2.49040198241e-07
4.4768181677e-08	-7.04997063394e-07
4.47880786466e-08	-1.12471423108e-06
4.48079756163e-08	-1.4814233964e-06
4.48278725859e-08	-1.75639763711e-06
4.48477695555e-08	-1.93928707404e-06
4.48676665252e-08	-2.03107606467e-06
4.48875634948e-08	-2.03431295631e-06
4.49074604644e-08	-1.95521397472e-06
4.49273574341e-08	-1.79905129016e-06
4.49472544037e-08	-1.57847432547e-06
4.49671513733e-08	-1.30581690883e-06
4.4987048343e-08	-9.99999997475e-07
4.50069453126e-08	-6.72408191349e-07
4.50268422822e-08	-3.29181091274e-07
4.50467392519e-08	2.52937066847e-08
4.50666362215e-08	3.80965985869e-07
4.50865331911e-08	7.27544176016e-07
4.51064301608e-08	1.05373766246e-06
4.51263271304e-08	1.34927518047e-06
4.51462241001e-08	1.60675449479e-06
4.51661210697e-08	1.8155063799e-06
4.51860180393e-08	1.9617284579e-06
4.5205915009e-08	2.02759258627e-06
4.52258119786e-08	2.00373233383e-06
4.52457089482e-08	1.88740085605e-06
4.52656059179e-08	1.68256519828e-06
4.52855028875e-08	1.39546506261e-06
4.53053998571e-08	1.03478237179e-06
4.53252968268e-08	6.15939597992e-07
4.53451937964e-08	1.61161501921e-07
4.5365090766e-08	-3.01363087374e-07
4.53849877357e-08	-7.42480949611e-07
4.54048847053e-08	-1.14055421818e-06
4.54247816749e-08	-1.47798942862e-06
4.54446786446e-08	-1.74262618202e-06
4.54645756142e-08	-1.92109325781e-06
4.54844725838e-08	-2.00541899176e-06
4.55043695535e-08	-1.99752059871e-06
4.55242665231e-08	-1.90607471495e-06
4.55441634927e-08	-1.7443456386e-06
4.55640604624e-08	-1.52520385654e-06
4.5583957432e-08	-1.25764614722e-06
4.56038544016e-08	-9.50243219222e-07
4.56237513713e-08	-6.15832561834e-07
4.56436483409e-08	-2.67821747002e-07
4.56635453105e-08	8.15225718043e-08
4.56834422802e-08	4.2729486438e-07
4.57033392498e-08	7.62948900501e-07
4.57232362194e-08	1.08280744371e-06
4.57431331891e-08	1.37286434665e-06
4.57630301587e-08	1.61948901223e-06
4.57829271283e-08	1.80725464816e-06
4.5802824098e-08	1.92993928749e-06
4.58227210676e-08	1.97988492801e-06
4.58426180372e-08	1.94658605324e-06
4.58625150069e-08	1.82565764817e-06
4.58824119765e-08	1.61308707902e-06
4.59023089462e-08	1.31698203631e-06
4.59222059158e-08	9.53867044018e-07
4.59421028854e-08	5.44814042769e-07
4.59619998551e-08	1.0750976287e-07
4.59818968247e-08	-3.3750521311e-07
4.60017937943e-08	-7.66154187204e-07
4.6021690764e-08	-1.15507737064e-06
4.60415877336e-08	-1.47908946246e-06
4.60614847032e-08	-1.72489768602e-06
4.60813816729e-08	-1.88513672583e-06
4.61012786425e-08	-1.96049086298e-06
4.61211756121e-08	-1.95267955405e-06
4.61410725818e-08	-1.86333471675e-06
4.61609695514e-08	-1.69922208215e-06
4.6180866521e-08	-1.47397906858e-06
4.62007634907e-08	-1.2036164776e-06
4.62206604603e-08	-9.01739440451e-07
4.62405574299e-08	-5.77591947604e-07
4.62604543996e-08	-2.37252699264e-07
4.62803513692e-08	1.11296518668e-07
4.63002483388e-08	4.57154072819e-07
4.63201453085e-08	7.86536190844e-07
4.63400422781e-08	1.09197276288e-06
4.63599392477e-08	1.36512039717e-06
4.63798362174e-08	1.59954288392e-06
4.6399733187e-08	1.78258238748e-06
4.64196301566e-08	1.8986963255e-06
4.64395271263e-08	1.93657325553e-06
4.64594240959e-08	1.88909041299e-06
4.64793210655e-08	1.76012372322e-06
4.64992180352e-08	1.5492851162e-06
4.65191150048e-08	1.26381013388e-06
4.65390119744e-08	9.11282853622e-07
4.65589089441e-08	5.07273284711e-07
4.65788059137e-08	7.66718351031e-08
4.65987028833e-08	-3.54779288614e-07
4.6618599853e-08	-7.63798340131e-07
4.66384968226e-08	-1.13271664759e-06
4.66583937923e-08	-1.44638732991e-06
4.66782907619e-08	-1.68960627889e-06
4.66981877315e-08	-1.84931087688e-06
4.67180847012e-08	-1.91991125575e-06
4.67379816708e-08	-1.90544199086e-06
4.67578786404e-08	-1.81451133585e-06
4.67777756101e-08	-1.65832580024e-06
4.67976725797e-08	-1.44477616004e-06
4.68175695493e-08	-1.18150467188e-06
4.6837466519e-08	-8.79861431713e-07
4.68573634886e-08	-5.53476468212e-07
4.68772604582e-08	-2.16865757352e-07
4.68971574279e-08	1.2139457084e-07
4.69170543975e-08	4.57004503573e-07
4.69369513671e-08	7.83220912126e-07
4.69568483368e-08	1.08852441372e-06
4.69767453064e-08	1.35990160288e-06
4.6996642276e-08	1.58457049793e-06
4.70165392457e-08	1.75229575916e-06
4.70364362153e-08	1.8570592033e-06
4.70563331849e-08	1.89251147731e-06
4.70762301546e-08	1.84710376061e-06
4.70961271242e-08	1.71598867382e-06
4.71160240938e-08	1.50003876342e-06
4.71359210635e-08	1.21187827062e-06
4.71558180331e-08	8.64526981559e-07
4.71757150027e-08	4.75336690897e-07
4.71956119724e-08	6.086575155e-08
4.7215508942e-08	-3.60091789275e-07
4.72354059116e-08	-7.64490692973e-07
4.72553028813e-08	-1.12592920232e-06
4.72751998509e-08	-1.42614749166e-06
4.72950968205e-08	-1.65414468256e-06
4.73149937902e-08	-1.80474825129e-06
4.73348907598e-08	-1.87563023246e-06
4.73547877294e-08	-1.86539995184e-06
4.73746846991e-08	-1.77501641474e-06
4.73945816687e-08	-1.61385190722e-06
4.74144786384e-08	-1.39584909675e-06
4.7434375608e-08	-1.13494616016e-06
4.74542725776e-08	-8.41957330522e-07
4.74741695473e-08	-5.2477423651e-07
4.74940665169e-08	-1.90089139096e-07
4.75139634865e-08	1.50499772644e-07
4.75338604562e-08	4.8257305707e-07
4.75537574258e-08	7.96481685938e-07
4.75736543954e-08	1.0859247368e-06
4.75935513651e-08	1.34350125336e-06
4.76134483347e-08	1.55938954549e-06
4.76333453043e-08	1.7214122181e-06
4.7653242274e-08	1.81510375796e-06
4.76731392436e-08	1.83300198842e-06
4.76930362132e-08	1.77357486564e-06
4.77129331829e-08	1.63853087543e-06
4.77328301525e-08	1.4281656604e-06
4.77527271221e-08	1.14672297968e-06
4.77726240918e-08	8.0469084196e-07
4.77925210614e-08	4.19506889671e-07
4.7812418031e-08	1.53583634699e-08
4.78323150007e-08	-3.86124796137e-07
4.78522119703e-08	-7.66386307305e-07
4.78721089399e-08	-1.10984444746e-06
4.78920059096e-08	-1.39908348729e-06
4.79119028792e-08	-1.61980273106e-06
4.79317998488e-08	-1.7591219148e-06
4.79516968185e-08	-1.81574915814e-06
4.79715937881e-08	-1.79397545708e-06
4.79914907577e-08	-1.70250524434e-06
4.80113877274e-08	-1.54772641281e-06
4.8031284697e-08	-1.33510746991e-06
4.80511816666e-08	-1.07556627427e-06
4.80710786363e-08	-7.81908710223e-07
4.80909756059e-08	-4.6824922606e-07
4.81108725756e-08	-1.4621772948e-07
4.81307695452e-08	1.76885002645e-07
4.81506665148e-08	4.96932926808e-07
4.81705634845e-08	8.04327072501e-07
4.81904604541e-08	1.0853071899e-06
4.82103574237e-08	1.32822810883e-06
4.82302543934e-08	1.52515389118e-06
4.8250151363e-08	1.66791352285e-06
4.82700483326e-08	1.75100825572e-06
4.82899453023e-08	1.76643061423e-06
4.83098422719e-08	1.70419207279e-06
4.83297392415e-08	1.56160018605e-06
4.83496362112e-08	1.34649536676e-06
4.83695331808e-08	1.06746063011e-06
4.83894301504e-08	7.38427161195e-07
4.84093271201e-08	3.71813669631e-07
4.84292240897e-08	-1.69080465184e-08
4.84491210593e-08	-4.08492496717e-07
4.8469018029e-08	-7.77144748554e-07
4.84889149986e-08	-1.1039473975e-06
4.85088119682e-08	-1.37270052392e-06
4.85287089379e-08	-1.57621184371e-06
4.85486059075e-08	-1.70780259623e-06
4.85685028771e-08	-1.76415278474e-06
4.85883998468e-08	-1.74151790588e-06
4.86082968164e-08	-1.64405616943e-06
4.8628193786e-08	-1.48318207494e-06
4.86480907557e-08	-1.27188218357e-06
4.86679877253e-08	-1.02038200112e-06
