% time-domain voltage integration by openEMS v0.0.36 @Fri Jan 16 22:05:27 2026
% start-coordinates: (0.05,0.0115823,0.000542468) m -> [46,24,30]
% stop-coordinates: (0.05,0.0115823,0.00456047) m -> [46,24,56]
% t/s	voltage
0	-0
4.16644583955e-11	-0
8.3328916791e-11	-0
1.24993375187e-10	-0
1.66657833582e-10	9.85079161719e-24
2.08322291978e-10	2.12829240827e-17
2.49986750373e-10	7.6770211808e-13
2.91651208769e-10	1.10730308126e-09
3.33315667164e-10	8.72627089199e-08
3.7498012556e-10	4.51318857148e-07
4.16644583955e-10	9.33792436431e-07
4.58309042351e-10	1.18290344842e-06
4.99973500746e-10	4.64316560034e-07
5.41637959142e-10	-2.21355116681e-06
5.83302417537e-10	-8.42473043039e-06
6.24966875933e-10	-1.895499366e-05
6.66631334328e-10	-3.12965136975e-05
7.08295792724e-10	-4.26492334178e-05
7.49960251119e-10	-4.71953505148e-05
7.91624709515e-10	-2.64379131707e-05
8.3328916791e-10	2.82826983948e-05
8.74953626306e-10	0.000127990330697
9.16618084701e-10	0.000262235153375
9.58282543097e-10	0.000406483677395
9.99947001492e-10	0.000511507553256
1.04161145989e-09	0.000533524246407
1.08327591828e-09	0.00043792798499
1.12494037668e-09	0.000232372025152
1.16660483507e-09	-4.40327027036e-05
1.20826929347e-09	-0.00034722678987
1.24993375187e-09	-0.000668778167437
1.29159821026e-09	-0.00107723223528
1.33326266866e-09	-0.00169859879952
1.37492712705e-09	-0.00263896445449
1.41659158545e-09	-0.0038564388642
1.45825604384e-09	-0.00505721166439
1.49992050224e-09	-0.00569762397845
1.54158496063e-09	-0.00514456459769
1.58324941903e-09	-0.00296583269846
1.62491387742e-09	0.000777220409873
1.66657833582e-09	0.00538975714517
1.70824279422e-09	0.00967708638814
1.74990725261e-09	0.0123355657988
1.79157171101e-09	0.0124524990697
1.8332361694e-09	0.00989102603671
1.8749006278e-09	0.00537018529303
1.91656508619e-09	0.000199943110147
1.95822954459e-09	-0.00421054633739
1.99989400298e-09	-0.00684820627794
2.04155846138e-09	-0.00738564189214
2.08322291978e-09	-0.00617319272988
2.12488737817e-09	-0.00398452349282
2.16655183657e-09	-0.00166158969512
2.20821629496e-09	0.000186660126474
2.24988075336e-09	0.00131802966575
2.29154521175e-09	0.00181881298124
2.33320967015e-09	0.00196846143149
2.37487412854e-09	0.00205929891237
2.41653858694e-09	0.0022683698358
2.45820304533e-09	0.00258970554395
2.49986750373e-09	0.00284038330233
2.54153196213e-09	0.00273794346003
2.58319642052e-09	0.00201253612158
2.62486087892e-09	0.00055446801116
2.66652533731e-09	-0.00147700209254
2.70818979571e-09	-0.00361093924835
2.7498542541e-09	-0.00515969731987
2.7915187125e-09	-0.00543104834924
2.83318317089e-09	-0.00401539033919
2.87484762929e-09	-0.00101727361107
2.91651208769e-09	0.00288042374768
2.95817654608e-09	0.0065907369833
2.99984100448e-09	0.0089887186823
3.04150546287e-09	0.00933090975468
3.08316992127e-09	0.00754655759465
3.12483437966e-09	0.00425980725504
3.16649883806e-09	0.000537340010283
3.20816329645e-09	-0.00252286052455
3.24982775485e-09	-0.00418409811573
3.29149221324e-09	-0.0042760050419
3.33315667164e-09	-0.00315413033832
3.37482113004e-09	-0.00146984286403
3.41648558843e-09	0.000126584594256
3.45815004683e-09	0.00120922034284
3.49981450522e-09	0.00166620466462
3.54147896362e-09	0.00164551119872
3.58314342201e-09	0.00141481387001
3.62480788041e-09	0.00122194270756
3.6664723388e-09	0.00119146680566
3.7081367972e-09	0.00128701480787
3.7498012556e-09	0.00133890944539
3.79146571399e-09	0.00111687407752
3.83313017239e-09	0.000428778602668
3.87479463078e-09	-0.000771098707673
3.91645908918e-09	-0.00231018082741
3.95812354757e-09	-0.00378945100465
3.99978800597e-09	-0.00467145164248
4.04145246436e-09	-0.00446180443851
4.08311692276e-09	-0.0029201915977
4.12478138115e-09	-0.000225769888402
4.16644583955e-09	0.00300639408579
4.20811029795e-09	0.00588524446903
4.24977475634e-09	0.0075472449571
4.29143921474e-09	0.00747817615229
4.33310367313e-09	0.0057204493578
4.37476813153e-09	0.00286009883257
4.41643258992e-09	-0.000198940524172
4.45809704832e-09	-0.00257937135757
4.49976150671e-09	-0.00373598727174
4.54142596511e-09	-0.00360164429549
4.58309042351e-09	-0.00252936561765
4.6247548819e-09	-0.00108576226978
4.6664193403e-09	0.000198457198053
4.70808379869e-09	0.00100369828283
4.74974825709e-09	0.00127988871441
4.79141271548e-09	0.00118157510474
4.83307717388e-09	0.000946640703717
4.87474163227e-09	0.000771789150861
4.91640609067e-09	0.000737845668461
4.95807054907e-09	0.000793257354587
4.99973500746e-09	0.000787723353938
5.04139946586e-09	0.000540732098443
5.08306392425e-09	-7.51522222799e-05
5.12472838265e-09	-0.00105874273959
5.16639284104e-09	-0.00223696103519
5.20805729944e-09	-0.00327447773248
5.24972175783e-09	-0.00375816583482
5.29138621623e-09	-0.00334125578956
5.33305067462e-09	-0.00190041257338
5.37471513302e-09	0.000353801689926
5.41637959142e-09	0.00288875041775
5.45804404981e-09	0.0049927139994
5.49970850821e-09	0.00601985196772
5.5413729666e-09	0.005635925977
5.583037425e-09	0.0039579583372
5.62470188339e-09	0.00151957385924
5.66636634179e-09	-0.00092844355089
5.70803080018e-09	-0.00269971166927
5.74969525858e-09	-0.00340828925255
5.79135971698e-09	-0.00306766096992
5.83302417537e-09	-0.00202086295144
5.87468863377e-09	-0.000758030271527
5.91635309216e-09	0.000289883025744
5.95801755056e-09	0.00088955442186
5.99968200895e-09	0.00103570131512
6.04134646735e-09	0.000885068630282
6.08301092574e-09	0.000645991297915
6.12467538414e-09	0.000476547136614
6.16633984253e-09	0.000427068598036
6.20800430093e-09	0.000438610392052
6.24966875933e-09	0.000382354544627
6.29133321772e-09	0.0001203564957
6.33299767612e-09	-0.000427349905067
6.37466213451e-09	-0.00123035506601
6.41632659291e-09	-0.00212330381646
6.4579910513e-09	-0.00283125314013
6.4996555097e-09	-0.00304099204823
6.54131996809e-09	-0.00251721271388
6.58298442649e-09	-0.0012171400997
6.62464888489e-09	0.000640408521122
6.66631334328e-09	0.00260227927856
6.70797780168e-09	0.00410602115835
6.74964226007e-09	0.00467711699412
6.79130671847e-09	0.0041110223051
6.83297117686e-09	0.0025665896942
6.87463563526e-09	0.000517571825867
6.91630009365e-09	-0.00142118627127
6.95796455205e-09	-0.00271977042576
6.99962901044e-09	-0.00311438117251
7.04129346884e-09	-0.0026706028998
7.08295792724e-09	-0.00170918477033
7.12462238563e-09	-0.000647087758622
7.16628684403e-09	0.000172039093854
7.20795130242e-09	0.000583282836715
7.24961576082e-09	0.000612962507944
7.29128021921e-09	0.000413760876711
7.33294467761e-09	0.000165364076018
7.374609136e-09	-7.35118058515e-06
7.4162735944e-09	-7.64026695359e-05
7.4579380528e-09	-0.000102531281982
7.49960251119e-09	-0.000195572535063
7.54126696959e-09	-0.000458500020613
7.58293142798e-09	-0.000937440596431
7.62459588638e-09	-0.0015847290382
7.66626034477e-09	-0.00225136915691
7.70792480317e-09	-0.00271440751726
7.74958926156e-09	-0.00274202642686
7.79125371996e-09	-0.0021821108644
7.83291817835e-09	-0.0010442878056
7.87458263675e-09	0.000459412012333
7.91624709515e-09	0.00194960433959
7.95791155354e-09	0.00298898835581
7.99957601194e-09	0.00323555508521
8.04124047033e-09	0.00257854412666
8.08290492873e-09	0.00119607883926
8.12456938712e-09	-0.0005003633662
8.16623384552e-09	-0.00201217115557
8.20789830391e-09	-0.00293720586978
8.24956276231e-09	-0.00310405710434
8.29122722071e-09	-0.0026095303183
8.3328916791e-09	-0.00174556738511
8.3745561375e-09	-0.000862330072753
8.41622059589e-09	-0.000229808487688
8.45788505429e-09	4.05149485232e-05
8.49954951268e-09	-4.6049260618e-06
8.54121397108e-09	-0.000221663197692
8.58287842947e-09	-0.000457713240403
8.62454288787e-09	-0.000615824572847
8.66620734626e-09	-0.000684990972346
8.70787180466e-09	-0.000724041131377
8.74953626306e-09	-0.000825277261526
8.79120072145e-09	-0.0010648391509
8.83286517985e-09	-0.00146444546789
8.87452963824e-09	-0.00196834843659
8.91619409664e-09	-0.00244612039774
8.95785855503e-09	-0.00272081816161
8.99952301343e-09	-0.00262420107015
9.04118747182e-09	-0.00206497363047
9.08285193022e-09	-0.00108503345359
9.12451638862e-09	0.000119481375805
9.16618084701e-09	0.00123676099383
9.20784530541e-09	0.0019308235901
9.2495097638e-09	0.00196209898468
9.2911742222e-09	0.00128508005946
9.33283868059e-09	8.12826406218e-05
9.37450313899e-09	-0.00129765030758
9.41616759738e-09	-0.0024529588278
9.45783205578e-09	-0.00308422940793
9.49949651418e-09	-0.00308884766514
9.54116097257e-09	-0.00258010209382
9.58282543097e-09	-0.00181795114304
9.62448988936e-09	-0.00109213890818
9.66615434776e-09	-0.000612073386947
9.70781880615e-09	-0.000448024101274
9.74948326455e-09	-0.000540771280725
9.79114772294e-09	-0.000759370723927
9.83281218134e-09	-0.000975152553735
9.87447663973e-09	-0.00111417153246
9.91614109813e-09	-0.00117725978291
9.95780555653e-09	-0.00121998020845
9.99947001492e-09	-0.00131861360973
1.00411344733e-08	-0.00152794953419
1.00827989317e-08	-0.00185362054316
1.01244633901e-08	-0.002237663462
1.01661278485e-08	-0.00256839416306
1.02077923069e-08	-0.00270795085066
1.02494567653e-08	-0.00253805030252
1.02911212237e-08	-0.00200963823863
1.03327856821e-08	-0.00118327232803
1.03744501405e-08	-0.000233837852477
1.04161145989e-08	0.00058593027336
1.04577790573e-08	0.0010223875679
1.04994435157e-08	0.000913137358339
1.05411079741e-08	0.000256615345506
1.05827724325e-08	-0.000772684588924
1.06244368909e-08	-0.00187852451547
1.06661013492e-08	-0.00274628635339
1.07077658076e-08	-0.00315595582846
1.0749430266e-08	-0.00305460838149
1.07910947244e-08	-0.0025616937769
1.08327591828e-08	-0.00190381449721
1.08744236412e-08	-0.00131824805254
1.09160880996e-08	-0.000964289899798
1.0957752558e-08	-0.00088142942991
1.09994170164e-08	-0.00100447620707
1.10410814748e-08	-0.00121600487435
1.10827459332e-08	-0.00140907060034
1.11244103916e-08	-0.0015290445904
1.116607485e-08	-0.00158412729307
1.12077393084e-08	-0.00162587253914
1.12494037668e-08	-0.00171662206589
1.12910682252e-08	-0.00189452706474
1.13327326836e-08	-0.00215478663063
1.1374397142e-08	-0.00244114742426
1.14160616004e-08	-0.00266015666625
1.14577260588e-08	-0.00270637403764
1.14993905172e-08	-0.00249886607958
1.15410549756e-08	-0.00201925307306
1.1582719434e-08	-0.00133516405356
1.16243838923e-08	-0.000598936124533
1.16660483507e-08	-1.23840853803e-05
1.17077128091e-08	0.000236345439589
1.17493772675e-08	4.2565146714e-05
1.17910417259e-08	-0.000567619104686
1.18327061843e-08	-0.00143257315972
1.18743706427e-08	-0.00230699859063
1.19160351011e-08	-0.00294515618691
1.19576995595e-08	-0.00319010863154
1.19993640179e-08	-0.00302412576389
1.20410284763e-08	-0.00256468852319
1.20826929347e-08	-0.00200685895754
1.21243573931e-08	-0.00154238622096
1.21660218515e-08	-0.00128964739611
1.22076863099e-08	-0.00126610481266
1.22493507683e-08	-0.00140468391436
1.22910152267e-08	-0.00160231214312
1.23326796851e-08	-0.001771057669
1.23743441435e-08	-0.00187147511723
1.24160086019e-08	-0.00191718738607
1.24576730603e-08	-0.00195415475503
1.24993375187e-08	-0.00203328309351
1.2541001977e-08	-0.00218042448844
1.25826664354e-08	-0.00238367794167
1.26243308938e-08	-0.00259133753994
1.26659953522e-08	-0.00272681089348
1.27076598106e-08	-0.00271042138456
1.2749324269e-08	-0.00249013532243
1.27909887274e-08	-0.00206714795183
1.28326531858e-08	-0.00151008491019
1.28743176442e-08	-0.00094889847351
1.29159821026e-08	-0.000541692834986
1.2957646561e-08	-0.000425770203719
1.29993110194e-08	-0.000663588271209
1.30409754778e-08	-0.00121263735048
1.30826399362e-08	-0.00192798201067
1.31243043946e-08	-0.00260895855195
1.3165968853e-08	-0.00306635745596
1.32076333114e-08	-0.00319178987002
1.32492977698e-08	-0.00299103572456
1.32909622282e-08	-0.00257536479569
1.33326266866e-08	-0.00211006812077
1.3374291145e-08	-0.00174777362486
1.34159556034e-08	-0.00157506864196
1.34576200617e-08	-0.0015929289977
1.34992845201e-08	-0.00173652107316
1.35409489785e-08	-0.00191592278761
1.35826134369e-08	-0.00206043095787
1.36242778953e-08	-0.00214204693458
1.36659423537e-08	-0.00217778761667
1.37076068121e-08	-0.00220855240278
1.37492712705e-08	-0.00227466441325
1.37909357289e-08	-0.00239332448309
1.38326001873e-08	-0.00254853665342
1.38742646457e-08	-0.00269451101252
1.39159291041e-08	-0.00276879880641
1.39575935625e-08	-0.00271334877459
1.39992580209e-08	-0.00249685715846
1.40409224793e-08	-0.0021325163533
1.40825869377e-08	-0.00168645437321
1.41242513961e-08	-0.00126661797987
1.41659158545e-08	-0.000995524686459
1.42075803129e-08	-0.000970382958371
1.42492447713e-08	-0.00122433848674
1.42909092297e-08	-0.00170597574129
1.43325736881e-08	-0.00228908433462
1.43742381464e-08	-0.00281071932869
1.44159026048e-08	-0.00312863714424
1.44575670632e-08	-0.00316991313252
1.44992315216e-08	-0.00295613920912
1.454089598e-08	-0.00258929341169
1.45825604384e-08	-0.0022071515011
1.46242248968e-08	-0.00193039196648
1.46658893552e-08	-0.00181945685529
1.47075538136e-08	-0.00186546655499
1.4749218272e-08	-0.00200642423869
1.47908827304e-08	-0.00216592259342
1.48325471888e-08	-0.00228730047913
1.48742116472e-08	-0.00235212835665
1.49158761056e-08	-0.00237847713532
1.4957540564e-08	-0.00240271701808
1.49992050224e-08	-0.0024562278364
1.50408694808e-08	-0.00254995743324
1.50825339392e-08	-0.00266596483131
1.51241983976e-08	-0.0027647291426
1.5165862856e-08	-0.00279613105403
1.52075273144e-08	-0.00271903814894
1.52491917728e-08	-0.00251676875064
1.52908562312e-08	-0.00220999946043
1.53325206895e-08	-0.00185885788372
1.53741851479e-08	-0.00155183287049
1.54158496063e-08	-0.00138239336377
1.54575140647e-08	-0.00141701336554
1.54991785231e-08	-0.00166835591494
1.55408429815e-08	-0.00208263335617
1.55825074399e-08	-0.00255127639981
1.56241718983e-08	-0.0029446167452
1.56658363567e-08	-0.00315653387338
1.57075008151e-08	-0.00314164697568
1.57491652735e-08	-0.0029301351575
1.57908297319e-08	-0.00261327184063
1.58324941903e-08	-0.002304855916
1.58741586487e-08	-0.0020984426742
1.59158231071e-08	-0.0020350649358
1.59574875655e-08	-0.00209862221965
1.59991520239e-08	-0.00223237133501
1.60408164823e-08	-0.00237218415724
1.60824809407e-08	-0.00247252467855
1.61241453991e-08	-0.00252310997512
1.61658098575e-08	-0.0025415391106
1.62074743159e-08	-0.00255984565337
1.62491387742e-08	-0.00260242819175
1.62908032326e-08	-0.00267533246997
1.6332467691e-08	-0.00276058948346
1.63741321494e-08	-0.00282429527721
1.64157966078e-08	-0.00282730555568
1.64574610662e-08	-0.0027410684317
1.64991255246e-08	-0.00255951160193
1.6540789983e-08	-0.00230663633101
1.65824544414e-08	-0.00203552836192
1.66241188998e-08	-0.00181764456366
1.66657833582e-08	-0.00172267130694
1.67074478166e-08	-0.0017945162399
1.6749112275e-08	-0.00203165738293
1.67907767334e-08	-0.00238224358202
1.68324411918e-08	-0.00275421269052
1.68741056502e-08	-0.00304571063083
1.69157701086e-08	-0.00317932491487
1.6957434567e-08	-0.00312904557165
1.69990990254e-08	-0.00293045724953
1.70407634838e-08	-0.00266187173162
1.70824279422e-08	-0.00241805652828
1.71240924006e-08	-0.00226851291845
1.71657568589e-08	-0.00224141509733
1.72074213173e-08	-0.0023144164816
1.72490857757e-08	-0.00243897823871
1.72907502341e-08	-0.00255940359374
1.73324146925e-08	-0.00264180035185
1.73740791509e-08	-0.0026803950514
1.74157436093e-08	-0.00269257011242
1.74574080677e-08	-0.00270643647722
1.74990725261e-08	-0.00273956587435
1.75407369845e-08	-0.00279610220586
1.75824014429e-08	-0.00285739261247
1.76240659013e-08	-0.00289633725265
1.76657303597e-08	-0.00288121639881
1.77073948181e-08	-0.00279498774194
1.77490592765e-08	-0.00263698714838
1.77907237349e-08	-0.00243313900936
1.78323881933e-08	-0.0022281889754
1.78740526517e-08	-0.00207965277843
1.79157171101e-08	-0.00203798992669
1.79573815685e-08	-0.00213037184409
1.79990460269e-08	-0.00234729695222
1.80407104853e-08	-0.00263936861055
1.80823749436e-08	-0.00293119573553
1.8124039402e-08	-0.00314281875063
1.81657038604e-08	-0.0032200957005
1.82073683188e-08	-0.00314964131292
1.82490327772e-08	-0.0029698862769
1.82906972356e-08	-0.00274676595993
1.8332361694e-08	-0.00255767542249
1.83740261524e-08	-0.00245385676851
1.84156906108e-08	-0.00245269288777
1.84573550692e-08	-0.00253028925241
1.84990195276e-08	-0.00264308119199
1.8540683986e-08	-0.00274606081692
1.85823484444e-08	-0.00281285836542
1.86240129028e-08	-0.00284171555072
1.86656773612e-08	-0.00284918105731
1.87073418196e-08	-0.00285895465899
1.8749006278e-08	-0.00288483955696
1.87906707364e-08	-0.00292811262761
1.88323351948e-08	-0.00297129370134
1.88739996532e-08	-0.00299291084497
1.89156641116e-08	-0.00296777931112
1.895732857e-08	-0.00288686597776
1.89989930284e-08	-0.00275263000486
1.90406574867e-08	-0.00259172840822
1.90823219451e-08	-0.00244035827307
1.91239864035e-08	-0.00234466431249
1.91656508619e-08	-0.0023395788233
1.92073153203e-08	-0.00244103742483
1.92489797787e-08	-0.0026340516053
1.92906442371e-08	-0.00287393112505
1.93323086955e-08	-0.0030998658377
1.93739731539e-08	-0.00324973640244
1.94156376123e-08	-0.00328704838819
1.94573020707e-08	-0.00320796734007
1.94989665291e-08	-0.00304925843602
1.95406309875e-08	-0.00286705876405
1.95822954459e-08	-0.00272347277571
1.96239599043e-08	-0.00265529856492
1.96656243627e-08	-0.00267196476722
1.97072888211e-08	-0.00274965334219
1.97489532795e-08	-0.00284996926505
1.97906177379e-08	-0.00293660281736
1.98322821963e-08	-0.002989744274
1.98739466547e-08	-0.00301070944599
1.99156111131e-08	-0.00301435987122
1.99572755714e-08	-0.00302115930457
1.99989400298e-08	-0.00304070270442
2.00406044882e-08	-0.00307350572626
2.00822689466e-08	-0.00310320603299
2.0123933405e-08	-0.00311260280455
2.01655978634e-08	-0.00308302559597
2.02072623218e-08	-0.00300959410612
2.02489267802e-08	-0.00289861982739
2.02905912386e-08	-0.00277342135186
2.0332255697e-08	-0.00266504449223
2.03739201554e-08	-0.0026082612022
2.04155846138e-08	-0.00262725058511
2.04572490722e-08	-0.00272915515072
2.04989135306e-08	-0.00289693996942
2.0540577989e-08	-0.00309149513567
2.05822424474e-08	-0.00326351347584
2.06239069058e-08	-0.00336611896807
2.06655713642e-08	-0.00337598234091
2.07072358226e-08	-0.00329521251075
2.0748900281e-08	-0.00315833623887
2.07905647394e-08	-0.0030120048939
2.08322291978e-08	-0.00290526099515
2.08738936561e-08	-0.0028642280777
2.09155581145e-08	-0.00289257691618
2.09572225729e-08	-0.00296636825646
2.09988870313e-08	-0.00305443765856
2.10405514897e-08	-0.00312609561165
2.10822159481e-08	-0.00316780995004
2.11238804065e-08	-0.00318181973623
2.11655448649e-08	-0.00318263637679
2.12072093233e-08	-0.00318659999255
2.12488737817e-08	-0.00320105862581
2.12905382401e-08	-0.00322539931135
2.13322026985e-08	-0.00324502036455
2.13738671569e-08	-0.00324659667478
2.14155316153e-08	-0.00321542321433
2.14571960737e-08	-0.0031515506297
2.14988605321e-08	-0.00306053680782
2.15405249905e-08	-0.00296573674662
2.15821894489e-08	-0.00289021982627
2.16238539073e-08	-0.00286178942065
2.16655183657e-08	-0.00289491805572
2.17071828241e-08	-0.00299233916658
2.17488472825e-08	-0.0031350792959
2.17905117408e-08	-0.0032904538031
2.18321761992e-08	-0.00341919747706
2.18738406576e-08	-0.00348664518901
2.1915505116e-08	-0.00347822288018
2.19571695744e-08	-0.00340024857877
2.19988340328e-08	-0.00328457559445
2.20404984912e-08	-0.00316832234731
2.20821629496e-08	-0.0030915280337
2.2123827408e-08	-0.00307012294645
2.21654918664e-08	-0.00310513128811
2.22071563248e-08	-0.00317297033655
2.22488207832e-08	-0.00324904524292
2.22904852416e-08	-0.00330755764256
2.23321497e-08	-0.00333922124604
2.23738141584e-08	-0.00334766245847
2.24154786168e-08	-0.00334608794962
2.24571430752e-08	-0.00334801805493
2.24988075336e-08	-0.00335834237976
2.2540471992e-08	-0.00337614752831
2.25821364504e-08	-0.00338841451043
2.26238009088e-08	-0.00338478688485
2.26654653672e-08	-0.00335470104926
2.27071298256e-08	-0.00329977210399
2.27487942839e-08	-0.00322731044321
2.27904587423e-08	-0.00315656210374
2.28321232007e-08	-0.00310671491037
2.28737876591e-08	-0.00309749677983
2.29154521175e-08	-0.00313854411769
2.29571165759e-08	-0.00322740613137
2.29987810343e-08	-0.0033471794235
2.30404454927e-08	-0.00346927684198
2.30821099511e-08	-0.00356372032195
2.31237744095e-08	-0.00360492440871
2.31654388679e-08	-0.00358511084983
2.32071033263e-08	-0.003512973037
2.32487677847e-08	-0.00341699451249
2.32904322431e-08	-0.00332659139103
2.33320967015e-08	-0.00327297581879
2.33737611599e-08	-0.00326564732053
2.34154256183e-08	-0.00330340375349
2.34570900767e-08	-0.00336524844419
2.34987545351e-08	-0.00342941366223
2.35404189935e-08	-0.00347639347746
2.35820834519e-08	-0.00349988956761
2.36237479103e-08	-0.00350394791732
2.36654123686e-08	-0.00350067184758
2.3707076827e-08	-0.00350086066543
2.37487412854e-08	-0.00350809218618
2.37904057438e-08	-0.0035209051026
2.38320702022e-08	-0.00352770875975
2.38737346606e-08	-0.00352161808186
2.3915399119e-08	-0.00349366302407
2.39570635774e-08	-0.00344762858307
2.39987280358e-08	-0.00339099988301
2.40403924942e-08	-0.00333927722932
2.40820569526e-08	-0.00330874918902
2.4123721411e-08	-0.00331255194025
2.41653858694e-08	-0.00335629485038
2.42070503278e-08	-0.00343510959144
2.42487147862e-08	-0.00353384388071
2.42903792446e-08	-0.00362914903573
2.4332043703e-08	-0.00369670264968
2.43737081614e-08	-0.00371859022155
2.44153726198e-08	-0.00369305678902
2.44570370782e-08	-0.00362870366405
2.44987015366e-08	-0.00355005931692
2.4540365995e-08	-0.00348076523544
2.45820304533e-08	-0.0034448477541
2.46236949117e-08	-0.00344800143179
2.46653593701e-08	-0.00348610431364
2.47070238285e-08	-0.00354064376721
2.47486882869e-08	-0.00359384374244
2.47903527453e-08	-0.00363118792104
2.48320172037e-08	-0.00364768390523
2.48736816621e-08	-0.00364928264676
2.49153461205e-08	-0.00364446565401
2.49570105789e-08	-0.0036439116471
2.49986750373e-08	-0.00364852078427
2.50403394957e-08	-0.00365763789716
2.50820039541e-08	-0.0036611257169
2.51236684125e-08	-0.00365364509369
2.51653328709e-08	-0.00362843754567
2.52069973293e-08	-0.00359150022086
2.52486617877e-08	-0.00354762178141
2.52903262461e-08	-0.00351150921438
2.53319907045e-08	-0.00349455763442
2.53736551629e-08	-0.00350664031816
2.54153196213e-08	-0.0035500386729
2.54569840797e-08	-0.00361911676719
2.5498648538e-08	-0.00369922904211
2.55403129964e-08	-0.00377146798266
2.55819774548e-08	-0.0038183599676
2.56236419132e-08	-0.00382781236209
2.56653063716e-08	-0.00379972052855
2.570697083e-08	-0.00374342174786
2.57486352884e-08	-0.00367981535213
2.57902997468e-08	-0.00362842626474
2.58319642052e-08	-0.0036064130952
2.58736286636e-08	-0.00361593563335
2.5915293122e-08	-0.00365270113199
2.59569575804e-08	-0.00370017515009
2.59986220388e-08	-0.00374400673263
2.60402864972e-08	-0.0037727562252
2.60819509556e-08	-0.00378443123942
2.6123615414e-08	-0.00378357608069
2.61652798724e-08	-0.00377826517805
2.62069443308e-08	-0.00377673154699
2.62486087892e-08	-0.00377991296611
2.62902732476e-08	-0.00378655347996
2.6331937706e-08	-0.00378739998958
2.63736021644e-08	-0.00378008318022
2.64152666227e-08	-0.00375845647616
2.64569310811e-08	-0.00372887950752
2.64985955395e-08	-0.00369536841124
2.65402599979e-08	-0.00367162538657
2.65819244563e-08	-0.00366432473458
2.66235889147e-08	-0.00368160572837
2.66652533731e-08	-0.00372241542228
2.67069178315e-08	-0.0037811289803
2.67485822899e-08	-0.00384564795807
2.67902467483e-08	-0.00389993329293
2.68319112067e-08	-0.0039318488692
2.68735756651e-08	-0.00393186019465
2.69152401235e-08	-0.00390414590569
2.69569045819e-08	-0.00385588970714
2.69985690403e-08	-0.00380626378664
2.70402334987e-08	-0.00376797553324
2.70818979571e-08	-0.00375658695915
2.71235624155e-08	-0.00376977309965
2.71652268739e-08	-0.00380458429425
2.72068913323e-08	-0.00384432288052
2.72485557907e-08	-0.00388112267272
2.72902202491e-08	-0.00390224785215
2.73318847075e-08	-0.00391025089139
2.73735491658e-08	-0.0039077913914
2.74152136242e-08	-0.00390249054216
2.74568780826e-08	-0.00390100470537
2.7498542541e-08	-0.00390259420872
2.75402069994e-08	-0.00390784919369
2.75818714578e-08	-0.00390701387241
2.76235359162e-08	-0.00390091746847
2.76652003746e-08	-0.00388159976563
2.7706864833e-08	-0.00385973743994
2.77485292914e-08	-0.0038343082777
2.77901937498e-08	-0.00382020195672
2.78318582082e-08	-0.0038193466717
2.78735226666e-08	-0.00383920005497
2.7915187125e-08	-0.00387626934402
2.79568515834e-08	-0.00392559356682
2.79985160418e-08	-0.00397661212932
2.80401805002e-08	-0.00401688678112
2.80818449586e-08	-0.00403713984809
2.8123509417e-08	-0.00403174144364
2.81651738754e-08	-0.00400574630351
2.82068383338e-08	-0.00396502206637
2.82485027922e-08	-0.00392716501545
2.82901672505e-08	-0.00389966763737
2.83318317089e-08	-0.00389614255455
2.83734961673e-08	-0.00391078801073
2.84151606257e-08	-0.00394294722316
2.84568250841e-08	-0.00397630575334
2.84984895425e-08	-0.00400621044807
2.85401540009e-08	-0.00402169462127
2.85818184593e-08	-0.00402686888242
2.86234829177e-08	-0.00402290127653
2.86651473761e-08	-0.00401838801911
2.87068118345e-08	-0.00401619694632
2.87484762929e-08	-0.00401782735423
2.87901407513e-08	-0.00402119490556
2.88318052097e-08	-0.00402015804424
2.88734696681e-08	-0.00401423104857
2.89151341265e-08	-0.00399914346546
2.89567985849e-08	-0.00398217843416
2.89984630433e-08	-0.00396405170692
2.90401275017e-08	-0.0039567714921
2.90817919601e-08	-0.00395985542118
2.91234564185e-08	-0.0039812184135
2.91651208769e-08	-0.00401334199174
2.92067853352e-08	-0.00405527526325
2.92484497936e-08	-0.00409386807971
2.9290114252e-08	-0.00412416558036
2.93317787104e-08	-0.00413511375038
2.93734431688e-08	-0.00412765534756
2.94151076272e-08	-0.00410317838293
2.94567720856e-08	-0.00407064005927
2.9498436544e-08	-0.00404108944731
2.95401010024e-08	-0.00402281391491
2.95817654608e-08	-0.00402428907046
2.96234299192e-08	-0.00403965310115
2.96650943776e-08	-0.0040689197466
2.9706758836e-08	-0.00409591054574
2.97484232944e-08	-0.00412087288855
2.97900877528e-08	-0.00413088691406
2.98317522112e-08	-0.00413516936278
2.98734166696e-08	-0.00412953223884
2.9915081128e-08	-0.0041266785844
2.99567455864e-08	-0.00412323170031
2.99984100448e-08	-0.00412572269722
3.00400745032e-08	-0.00412722422145
3.00817389616e-08	-0.00412709966137
3.01234034199e-08	-0.00412144304077
3.01650678783e-08	-0.00410980179454
3.02067323367e-08	-0.00409709379643
3.02483967951e-08	-0.00408457382296
3.02900612535e-08	-0.0040825228337
3.03317257119e-08	-0.00408764168244
3.03733901703e-08	-0.00410945638259
3.04150546287e-08	-0.00413587955421
3.04567190871e-08	-0.00417241462173
3.04983835455e-08	-0.00419974889407
3.05400480039e-08	-0.00422327804478
3.05817124623e-08	-0.00422682235691
3.06233769207e-08	-0.00421951738124
3.06650413791e-08	-0.00419631205625
3.07067058375e-08	-0.00417195843607
3.07483702959e-08	-0.00414909392809
3.07900347543e-08	-0.00413810744858
3.08316992127e-08	-0.00414221034128
3.08733636711e-08	-0.00415790591232
3.09150281295e-08	-0.00418320034226
3.09566925879e-08	-0.0042053264353
3.09983570463e-08	-0.00422576447598
3.10400215047e-08	-0.00423143891152
3.1081685963e-08	-0.00423542605033
3.11233504214e-08	-0.00422801704498
3.11650148798e-08	-0.00422777637695
3.12066793382e-08	-0.00422266767595
3.12483437966e-08	-0.00422702594308
3.1290008255e-08	-0.00422588582715
3.13316727134e-08	-0.00422785520293
3.13733371718e-08	-0.00422137038062
3.14150016302e-08	-0.00421419626306
3.14566660886e-08	-0.00420367520752
3.1498330547e-08	-0.00419668027193
3.15399950054e-08	-0.00419675966702
3.15816594638e-08	-0.00420422304393
3.16233239222e-08	-0.00422454833993
3.16649883806e-08	-0.00424676161985
3.1706652839e-08	-0.00427725326299
3.17483172974e-08	-0.00429651433453
3.17899817558e-08	-0.004315137395
3.18316462142e-08	-0.00431267615065
3.18733106726e-08	-0.00430736390646
3.1914975131e-08	-0.00428504352868
3.19566395894e-08	-0.00426831333058
3.19983040477e-08	-0.00424897812978
3.20399685061e-08	-0.00424611034124
3.20816329645e-08	-0.00424923490108
3.21232974229e-08	-0.00426712835959
3.21649618813e-08	-0.00428689850101
3.22066263397e-08	-0.0043063938089
3.22482907981e-08	-0.00432177940456
3.22899552565e-08	-0.00432521178145
3.23316197149e-08	-0.00432824137368
3.23732841733e-08	-0.00432036832068
3.24149486317e-08	-0.00432180016865
3.24566130901e-08	-0.00431538662109
3.24982775485e-08	-0.00432228071328
3.25399420069e-08	-0.00431779883729
3.25816064653e-08	-0.00432348203025
3.26232709237e-08	-0.00431412497841
3.26649353821e-08	-0.00431344919132
3.27065998405e-08	-0.00430182014233
3.27482642989e-08	-0.00430192176694
3.27899287573e-08	-0.00430075407037
3.28315932157e-08	-0.0043121267171
3.28732576741e-08	-0.00432814168357
3.29149221324e-08	-0.004348174944
3.29565865908e-08	-0.00437206563781
3.29982510492e-08	-0.00438593394611
3.30399155076e-08	-0.00440015295874
3.3081579966e-08	-0.00439417707307
3.31232444244e-08	-0.00439137709756
3.31649088828e-08	-0.00436859495349
3.32065733412e-08	-0.00436099531157
3.32482377996e-08	-0.00434208885653
3.3289902258e-08	-0.00434748449108
3.33315667164e-08	-0.00434741587659
3.33732311748e-08	-0.00436844291237
3.34148956332e-08	-0.00438057928687
3.34565600916e-08	-0.0044010365387
3.349822455e-08	-0.00440896213054
3.35398890084e-08	-0.00441417980387
3.35815534668e-08	-0.00441356318754
3.36232179252e-08	-0.00440797831433
3.36648823836e-08	-0.00440931414474
3.3706546842e-08	-0.00440295520865
3.37482113004e-08	-0.00441126080779
3.37898757588e-08	-0.00440450164176
3.38315402171e-08	-0.00441354001588
3.38732046755e-08	-0.00440151667152
3.39148691339e-08	-0.00440677439731
3.39565335923e-08	-0.00439285035594
3.39981980507e-08	-0.00440048870021
3.40398625091e-08	-0.00439534516907
3.40815269675e-08	-0.0044123011924
3.41231914259e-08	-0.00442093834188
3.41648558843e-08	-0.00444302966516
3.42065203427e-08	-0.00445753940582
3.42481848011e-08	-0.00447082970877
3.42898492595e-08	-0.00447874114396
3.43315137179e-08	-0.00447305214374
3.43731781763e-08	-0.00447040683979
3.44148426347e-08	-0.00445030940642
3.44565070931e-08	-0.00444777549849
3.44981715515e-08	-0.00443036488832
3.45398360099e-08	-0.00444222801489
3.45815004683e-08	-0.00443766722864
3.46231649267e-08	-0.00446347096312
3.46648293851e-08	-0.00446640607163
3.47064938435e-08	-0.00449044476571
3.47481583019e-08	-0.00448886838717
3.47898227602e-08	-0.00449954606803
3.48314872186e-08	-0.00449220742351
3.4873151677e-08	-0.0044929757801
3.49148161354e-08	-0.00448961436156
3.49564805938e-08	-0.00448808536082
3.49981450522e-08	-0.00449341784072
