% time-domain current integration by openEMS v0.0.36 @Fri Jan 16 22:05:27 2026
% start-coordinates: (-0.0525,0.00490741,0.00240855) m -> [5,20,50]
% stop-coordinates: (-0.05,0.0167428,0.00240855) m -> [6,27,50]
% t/s	current
5.8353583187e-14	0
4.17228119787e-11	2.78863780068e-07
8.33872703742e-11	3.71312950165e-07
1.2505172877e-10	2.85764627961e-07
1.66716187165e-10	-2.75284435247e-07
2.08380645561e-10	-1.76450464551e-06
2.50045103956e-10	-4.55282452094e-06
2.91709562352e-10	-8.58369821799e-06
3.33374020747e-10	-1.2746880202e-05
3.75038479143e-10	-1.42635426528e-05
4.16702937538e-10	-8.54892459756e-06
4.58367395934e-10	9.84689995676e-06
5.00031854329e-10	4.47274578619e-05
5.41696312725e-10	9.43481572904e-05
5.8336077112e-10	0.000147485799971
6.25025229516e-10	0.000181848547072
6.66689687911e-10	0.000167560894624
7.08354146307e-10	7.70791011746e-05
7.50018604702e-10	-0.000100190780358
7.91683063098e-10	-0.0003439768916
8.33347521493e-10	-0.000597714737523
8.75011979889e-10	-0.000778083922341
9.16676438284e-10	-0.000800410110969
9.5834089668e-10	-0.00061270641163
1.00000535508e-09	-0.000224497372983
1.04166981347e-09	0.000284342590021
1.08333427187e-09	0.000782513525337
1.12499873026e-09	0.00112972105853
1.16666318866e-09	0.00122647499666
1.20832764705e-09	0.00105037528556
1.24999210545e-09	0.000663153710775
1.29165656384e-09	0.000185740573215
1.33332102224e-09	-0.000247056595981
1.37498548063e-09	-0.000532643869519
1.41664993903e-09	-0.000629086513072
1.45831439743e-09	-0.000557449297048
1.49997885582e-09	-0.000381548481528
1.54164331422e-09	-0.000177339359652
1.58330777261e-09	-5.86943724556e-06
1.62497223101e-09	0.000101159777842
1.6666366894e-09	0.000141492142575
1.7083011478e-09	0.000132455534185
1.74996560619e-09	9.81191042229e-05
1.79163006459e-09	5.90063827985e-05
1.83329452299e-09	2.72406578006e-05
1.87495898138e-09	6.56158817947e-06
1.91662343978e-09	-4.66710389446e-06
1.95828789817e-09	-9.91442902887e-06
1.99995235657e-09	-1.18604402815e-05
2.04161681496e-09	-1.14144031613e-05
2.08328127336e-09	-8.07844116935e-06
2.12494573175e-09	-1.13850057915e-06
2.16661019015e-09	9.15957207326e-06
2.20827464854e-09	2.0992663849e-05
2.24993910694e-09	3.12707306875e-05
2.29160356534e-09	3.67021311831e-05
2.33326802373e-09	3.52647221007e-05
2.37493248213e-09	2.69469837804e-05
2.41659694052e-09	1.41956816151e-05
2.45826139892e-09	9.56699523158e-07
2.49992585731e-09	-8.81879623194e-06
2.54159031571e-09	-1.26436198116e-05
2.5832547741e-09	-1.02588728623e-05
2.6249192325e-09	-3.47482182406e-06
2.6665836909e-09	4.8106403483e-06
2.70824814929e-09	1.18241805467e-05
2.74991260769e-09	1.5874968085e-05
2.79157706608e-09	1.66924619407e-05
2.83324152448e-09	1.5165493096e-05
2.87490598287e-09	1.26952600112e-05
2.91657044127e-09	1.05335457192e-05
2.95823489966e-09	9.36013566388e-06
2.99989935806e-09	9.18261321203e-06
3.04156381646e-09	9.45267038333e-06
3.08322827485e-09	9.39022265811e-06
3.12489273325e-09	8.31719989947e-06
3.16655719164e-09	5.9560761656e-06
3.20822165004e-09	2.67329892267e-06
3.24988610843e-09	-5.3344558637e-07
3.29155056683e-09	-2.23758706852e-06
3.33321502522e-09	-1.10289079203e-06
3.37487948362e-09	3.53398513653e-06
3.41654394201e-09	1.11461768029e-05
3.45820840041e-09	1.99274654733e-05
3.49987285881e-09	2.72238085017e-05
3.5415373172e-09	3.04608220176e-05
3.5832017756e-09	2.81858410744e-05
3.62486623399e-09	2.07487573789e-05
3.66653069239e-09	1.03134061646e-05
3.70819515078e-09	9.04800003809e-08
3.74985960918e-09	-6.87949159328e-06
3.79152406757e-09	-8.84691871761e-06
3.83318852597e-09	-5.89818000662e-06
3.87485298437e-09	2.79078250287e-07
3.91651744276e-09	7.21971173334e-06
3.95818190116e-09	1.27188186525e-05
3.99984635955e-09	1.5552926925e-05
4.04151081795e-09	1.56973837875e-05
4.08317527634e-09	1.40315196404e-05
4.12483973474e-09	1.17767458505e-05
4.16650419313e-09	9.93887078948e-06
4.20816865153e-09	9.00038685359e-06
4.24983310992e-09	8.84919973032e-06
4.29149756832e-09	8.98294274521e-06
4.33316202672e-09	8.76305966813e-06
4.37482648511e-09	7.712092156e-06
4.41649094351e-09	5.72535418542e-06
4.4581554019e-09	3.20291155731e-06
4.4998198603e-09	1.00256124824e-06
4.54148431869e-09	2.26381075663e-07
4.58314877709e-09	1.80070867373e-06
4.62481323548e-09	6.04625574852e-06
4.66647769388e-09	1.23467261801e-05
4.70814215228e-09	1.914182576e-05
4.74980661067e-09	2.4324943297e-05
4.79147106907e-09	2.60008728219e-05
4.83313552746e-09	2.32504971791e-05
4.87479998586e-09	1.66256686498e-05
4.91646444425e-09	8.04911815067e-06
4.95812890265e-09	1.31523620439e-07
4.99979336104e-09	-4.78201491205e-06
5.04145781944e-09	-5.49951073481e-06
5.08312227783e-09	-2.33697846852e-06
5.12478673623e-09	3.15104034598e-06
5.16645119463e-09	8.8842052719e-06
5.20811565302e-09	1.31212864289e-05
5.24978011142e-09	1.49875868374e-05
5.29144456981e-09	1.46422580656e-05
5.33310902821e-09	1.2924204384e-05
5.3747734866e-09	1.08945960164e-05
5.416437945e-09	9.36080050451e-06
5.45810240339e-09	8.64442699822e-06
5.49976686179e-09	8.5735173343e-06
5.54143132019e-09	8.67596554599e-06
5.58309577858e-09	8.43947964313e-06
5.62476023698e-09	7.53226731831e-06
5.66642469537e-09	5.95119308855e-06
5.70808915377e-09	4.09824724557e-06
5.74975361216e-09	2.68186022367e-06
5.79141807056e-09	2.53549205809e-06
5.83308252895e-09	4.28237126471e-06
5.87474698735e-09	8.02579324954e-06
5.91641144574e-09	1.3124544239e-05
5.95807590414e-09	1.82573439815e-05
5.99974036254e-09	2.17915512621e-05
6.04140482093e-09	2.23539991566e-05
6.08306927933e-09	1.94231979549e-05
6.12473373772e-09	1.36415137604e-05
6.16639819612e-09	6.66799905957e-06
6.20806265451e-09	6.30208887742e-07
6.24972711291e-09	-2.71019939646e-06
6.2913915713e-09	-2.58536374531e-06
6.3330560297e-09	5.69216126678e-07
6.3747204881e-09	5.3422536439e-06
6.41638494649e-09	1.00061643025e-05
6.45804940489e-09	1.31949573188e-05
6.49971386328e-09	1.43384040712e-05
6.54137832168e-09	1.3672728528e-05
6.58304278007e-09	1.2001966752e-05
6.62470723847e-09	1.02236144812e-05
6.66637169686e-09	8.9651775852e-06
6.70803615526e-09	8.43679481477e-06
6.74970061365e-09	8.42690315039e-06
6.79136507205e-09	8.5052652139e-06
6.83302953045e-09	8.27610256238e-06
6.87469398884e-09	7.50757362766e-06
6.91635844724e-09	6.26106248092e-06
6.95802290563e-09	4.92304843647e-06
6.99968736403e-09	4.07698280469e-06
7.04135182242e-09	4.32552224083e-06
7.08301628082e-09	6.07598576607e-06
7.12468073921e-09	9.28168628889e-06
7.16634519761e-09	1.33343264679e-05
7.20800965601e-09	1.71426927409e-05
7.2496741144e-09	1.94381227629e-05
7.2913385728e-09	1.92569859792e-05
7.33300303119e-09	1.63571967278e-05
7.37466748959e-09	1.14042250061e-05
7.41633194798e-09	5.82073607802e-06
7.45799640638e-09	1.29094496515e-06
7.49966086477e-09	-8.73295050496e-07
7.54132532317e-09	-1.89625694702e-07
7.58298978157e-09	2.80419476439e-06
7.62465423996e-09	6.8755234679e-06
7.66631869836e-09	1.06137940747e-05
7.70798315675e-09	1.29567888507e-05
7.74964761515e-09	1.35489381137e-05
7.79131207354e-09	1.26955410451e-05
7.83297653194e-09	1.1117921531e-05
7.87464099033e-09	9.58314649324e-06
7.91630544873e-09	8.57834402268e-06
7.95796990712e-09	8.20257355372e-06
7.99963436552e-09	8.23362006486e-06
8.04129882392e-09	8.30097906146e-06
8.08296328231e-09	8.08633649285e-06
8.12462774071e-09	7.45021816329e-06
8.1662921991e-09	6.49837920719e-06
8.2079566575e-09	5.55757742404e-06
8.24962111589e-09	5.10379686602e-06
8.29128557429e-09	5.58823103347e-06
8.33295003268e-09	7.24573510524e-06
8.37461449108e-09	9.94050787995e-06
8.41627894948e-09	1.31071665237e-05
8.45794340787e-09	1.58659440785e-05
8.49960786627e-09	1.72507461684e-05
8.54127232466e-09	1.65987003129e-05
8.58293678306e-09	1.3863193999e-05
8.62460124145e-09	9.69675511442e-06
8.66626569985e-09	5.28106875208e-06
8.70793015824e-09	1.95290999727e-06
8.74959461664e-09	6.65800939714e-07
8.79125907503e-09	1.66336667462e-06
8.83292353343e-09	4.40688927483e-06
8.87458799183e-09	7.82303959568e-06
8.91625245022e-09	1.07646937977e-05
8.95791690862e-09	1.2434641576e-05
8.99958136701e-09	1.26318318507e-05
9.04124582541e-09	1.16842384159e-05
9.0829102838e-09	1.02422118289e-05
9.1245747422e-09	8.9376935648e-06
9.16623920059e-09	8.14267423266e-06
9.20790365899e-09	7.89206387708e-06
9.24956811739e-09	7.96062704467e-06
9.29123257578e-09	8.02837803349e-06
9.33289703418e-09	7.84067833592e-06
9.37456149257e-09	7.32740409148e-06
9.41622595097e-09	6.60224714011e-06
9.45789040936e-09	5.96138534092e-06
9.49955486776e-09	5.79466723138e-06
9.54121932615e-09	6.39894597043e-06
9.58288378455e-09	7.88886882219e-06
9.62454824294e-09	1.01071400422e-05
9.66621270134e-09	1.25466203826e-05
9.70787715974e-09	1.44813293446e-05
9.74954161813e-09	1.52160982907e-05
9.79120607653e-09	1.42945254993e-05
9.83287053492e-09	1.18022599054e-05
9.87453499332e-09	8.35023547552e-06
9.91619945171e-09	4.9104428399e-06
9.95786391011e-09	2.51842129728e-06
9.9995283685e-09	1.85956594123e-06
1.00411928269e-08	3.01437307826e-06
1.00828572853e-08	5.46778392163e-06
1.01245217437e-08	8.28918564366e-06
1.01661862021e-08	1.05690514829e-05
1.02078506605e-08	1.17123245218e-05
1.02495151189e-08	1.16348983283e-05
1.02911795773e-08	1.06609932118e-05
1.03328440357e-08	9.36481774261e-06
1.03745084941e-08	8.27936764836e-06
1.04161729525e-08	7.67258461565e-06
1.04578374109e-08	7.51678817323e-06
1.04995018693e-08	7.61686942496e-06
1.05411663276e-08	7.68174322729e-06
1.0582830786e-08	7.52055666453e-06
1.06244952444e-08	7.11259099262e-06
1.06661597028e-08	6.57654663883e-06
1.07078241612e-08	6.1617083702e-06
1.07494886196e-08	6.17716204943e-06
1.0791153078e-08	6.82419567966e-06
1.08328175364e-08	8.13087171991e-06
1.08744819948e-08	9.9228855106e-06
1.09161464532e-08	1.1765250747e-05
1.09578109116e-08	1.30693597384e-05
1.099947537e-08	1.33396479214e-05
1.10411398284e-08	1.23104164231e-05
1.10828042868e-08	1.00964607554e-05
1.11244687452e-08	7.2827351687e-06
1.11661332036e-08	4.65245238956e-06
1.1207797662e-08	2.97540827887e-06
1.12494621204e-08	2.75509250969e-06
1.12911265788e-08	3.97189387513e-06
1.13327910372e-08	6.10057350059e-06
1.13744554956e-08	8.40704251459e-06
1.1416119954e-08	1.01384166555e-05
1.14577844123e-08	1.08738604467e-05
1.14994488707e-08	1.06092538772e-05
1.15411133291e-08	9.66621610132e-06
1.15827777875e-08	8.53036999615e-06
1.16244422459e-08	7.63660227676e-06
1.16661067043e-08	7.17509328751e-06
1.17077711627e-08	7.11494021743e-06
1.17494356211e-08	7.21989272279e-06
1.17911000795e-08	7.27927090338e-06
1.18327645379e-08	7.15615306035e-06
1.18744289963e-08	6.83990356265e-06
1.19160934547e-08	6.44577357889e-06
1.19577579131e-08	6.20570381216e-06
1.19994223715e-08	6.33296076558e-06
1.20410868299e-08	6.96230290487e-06
1.20827512883e-08	8.09462108009e-06
1.21244157467e-08	9.50635967456e-06
1.21660802051e-08	1.08646063381e-05
1.22077446635e-08	1.17118488561e-05
1.22494091219e-08	1.16778228403e-05
1.22910735803e-08	1.06167335616e-05
1.23327380387e-08	8.71991596796e-06
1.2374402497e-08	6.44343981548e-06
1.24160669554e-08	4.45044861408e-06
1.24577314138e-08	3.3336746128e-06
1.24993958722e-08	3.4157326354e-06
1.25410603306e-08	4.60254204881e-06
1.2582724789e-08	6.42957456876e-06
1.26243892474e-08	8.2716005636e-06
1.26660537058e-08	9.56613712333e-06
1.27077181642e-08	9.99805342872e-06
1.27493826226e-08	9.6137264336e-06
1.2791047081e-08	8.7442667791e-06
1.28327115394e-08	7.76297292759e-06
1.28743759978e-08	7.03488603904e-06
1.29160404562e-08	6.71325551593e-06
1.29577049146e-08	6.68854318064e-06
1.2999369373e-08	6.81387018631e-06
1.30410338314e-08	6.88915042701e-06
1.30826982898e-08	6.78670221532e-06
1.31243627482e-08	6.55000076222e-06
1.31660272066e-08	6.28098177913e-06
1.3207691665e-08	6.14016380496e-06
1.32493561234e-08	6.34242542219e-06
1.32910205817e-08	6.94470327289e-06
1.33326850401e-08	7.8844213931e-06
1.33743494985e-08	8.99650876818e-06
1.34160139569e-08	9.96534163278e-06
1.34576784153e-08	1.04584487417e-05
1.34993428737e-08	1.02385838545e-05
1.35410073321e-08	9.20957063499e-06
1.35826717905e-08	7.60784041631e-06
1.36243362489e-08	5.81268659516e-06
1.36660007073e-08	4.32521710536e-06
1.37076651657e-08	3.61729212273e-06
1.37493296241e-08	3.88681064578e-06
1.37909940825e-08	4.99931593367e-06
1.38326585409e-08	6.54144287182e-06
1.38743229993e-08	8.00127963885e-06
1.39159874577e-08	8.95452012628e-06
1.39576519161e-08	9.15840610105e-06
1.39993163745e-08	8.71917200129e-06
1.40409808329e-08	7.91035199654e-06
1.40826452913e-08	7.09586811354e-06
1.41243097497e-08	6.52265634926e-06
1.41659742081e-08	6.30518115941e-06
1.42076386665e-08	6.34161460766e-06
1.42493031248e-08	6.45359295959e-06
1.42909675832e-08	6.52377093502e-06
1.43326320416e-08	6.45439149594e-06
1.43742965e-08	6.27589361102e-06
1.44159609584e-08	6.09529297435e-06
1.44576254168e-08	6.04105753155e-06
1.44992898752e-08	6.26132577963e-06
1.45409543336e-08	6.80916036799e-06
1.4582618792e-08	7.58651822252e-06
1.46242832504e-08	8.43733414513e-06
1.46659477088e-08	9.10840299184e-06
1.47076121672e-08	9.35866682994e-06
1.47492766256e-08	9.03821728571e-06
1.4790941084e-08	8.11098107079e-06
1.48326055424e-08	6.76670515531e-06
1.48742700008e-08	5.35158869752e-06
1.49159344592e-08	4.26119413532e-06
1.49575989176e-08	3.87057116313e-06
1.4999263376e-08	4.26244014307e-06
1.50409278344e-08	5.24931056134e-06
1.50825922928e-08	6.54329460303e-06
1.51242567512e-08	7.69590678829e-06
1.51659212095e-08	8.34907950775e-06
1.52075856679e-08	8.4011007857e-06
1.52492501263e-08	7.93125764176e-06
1.52909145847e-08	7.21275773685e-06
1.53325790431e-08	6.55420853946e-06
1.53742435015e-08	6.11791119809e-06
1.54159079599e-08	5.96883592152e-06
1.54575724183e-08	6.01865804128e-06
1.54992368767e-08	6.13647625869e-06
1.55409013351e-08	6.21776234766e-06
1.55825657935e-08	6.17970044914e-06
1.56242302519e-08	6.04295792073e-06
1.56658947103e-08	5.92236028751e-06
1.57075591687e-08	5.92610240346e-06
1.57492236271e-08	6.14726968706e-06
1.57908880855e-08	6.6294392127e-06
1.58325525439e-08	7.26427606423e-06
1.58742170023e-08	7.91042384662e-06
1.59158814607e-08	8.37357129058e-06
1.59575459191e-08	8.43946327223e-06
1.59992103775e-08	8.06110074336e-06
1.60408748359e-08	7.23465154806e-06
1.60825392942e-08	6.12300254943e-06
1.61242037526e-08	5.04443551108e-06
1.6165868211e-08	4.29980036643e-06
1.62075326694e-08	4.1037765186e-06
1.62491971278e-08	4.53096072306e-06
1.62908615862e-08	5.40521295989e-06
1.63325260446e-08	6.45785394227e-06
1.6374190503e-08	7.35113189876e-06
1.64158549614e-08	7.79957645136e-06
1.64575194198e-08	7.73719602876e-06
1.64991838782e-08	7.29057592253e-06
1.65408483366e-08	6.66907953928e-06
1.6582512795e-08	6.11300811215e-06
1.66241772534e-08	5.78443632548e-06
1.66658417118e-08	5.70584961679e-06
1.67075061702e-08	5.79562401981e-06
1.67491706286e-08	5.90908848608e-06
1.6790835087e-08	5.97727375862e-06
1.68324995454e-08	5.93460617893e-06
1.68741640038e-08	5.84562349104e-06
1.69158284622e-08	5.78537992624e-06
1.69574929206e-08	5.82645861869e-06
1.69991573789e-08	6.03437683822e-06
1.70408218373e-08	6.43377416054e-06
1.70824862957e-08	6.9530883593e-06
1.71241507541e-08	7.4228523772e-06
1.71658152125e-08	7.70858514443e-06
1.72074796709e-08	7.68407244323e-06
1.72491441293e-08	7.27866563466e-06
1.72908085877e-08	6.56650763631e-06
1.73324730461e-08	5.6730095821e-06
1.73741375045e-08	4.84653264721e-06
1.74158019629e-08	4.34386947745e-06
1.74574664213e-08	4.29486362918e-06
1.74991308797e-08	4.72788997286e-06
1.75407953381e-08	5.50574941371e-06
1.75824597965e-08	6.34623347651e-06
1.76241242549e-08	7.01029466654e-06
1.76657887133e-08	7.30523242964e-06
1.77074531717e-08	7.17525745131e-06
1.77491176301e-08	6.74804505252e-06
1.77907820885e-08	6.20711580268e-06
1.78324465469e-08	5.76539878239e-06
1.78741110053e-08	5.54510006623e-06
1.79157754637e-08	5.50635559193e-06
1.7957439922e-08	5.60609942113e-06
1.79991043804e-08	5.72603858018e-06
1.80407688388e-08	5.77605032959e-06
1.80824332972e-08	5.75762487642e-06
1.81240977556e-08	5.69404437556e-06
1.8165762214e-08	5.65215486859e-06
1.82074266724e-08	5.72993894821e-06
1.82490911308e-08	5.92887363382e-06
1.82907555892e-08	6.25447273706e-06
1.83324200476e-08	6.6488964876e-06
1.8374084506e-08	6.97278983353e-06
1.84157489644e-08	7.13807048669e-06
1.84574134228e-08	7.06228320269e-06
1.84990778812e-08	6.66776759317e-06
1.85407423396e-08	6.03556009082e-06
1.8582406798e-08	5.32970079803e-06
1.86240712564e-08	4.72698911835e-06
1.86657357148e-08	4.40791973233e-06
1.87074001732e-08	4.47349702881e-06
1.87490646316e-08	4.88700015921e-06
1.879072909e-08	5.53821064386e-06
1.88323935484e-08	6.21660592515e-06
1.88740580067e-08	6.69541168463e-06
1.89157224651e-08	6.88150748829e-06
1.89573869235e-08	6.72400528856e-06
1.89990513819e-08	6.32997944194e-06
1.90407158403e-08	5.87566637478e-06
1.90823802987e-08	5.5168493418e-06
1.91240447571e-08	5.33241063749e-06
1.91657092155e-08	5.34014179721e-06
1.92073736739e-08	5.44774411537e-06
1.92490381323e-08	5.56835266252e-06
1.92907025907e-08	5.62440027352e-06
1.93323670491e-08	5.59029831493e-06
1.93740315075e-08	5.53913423573e-06
1.94156959659e-08	5.52009169041e-06
1.94573604243e-08	5.60352600587e-06
1.94990248827e-08	5.80605637879e-06
1.95406893411e-08	6.06563708061e-06
1.95823537995e-08	6.34407888356e-06
1.96240182579e-08	6.58791032038e-06
1.96656827163e-08	6.66579626341e-06
1.97073471747e-08	6.53955248708e-06
1.97490116331e-08	6.17887644694e-06
1.97906760914e-08	5.65967366128e-06
1.98323405498e-08	5.10891823069e-06
1.98740050082e-08	4.65704670205e-06
1.99156694666e-08	4.46416697741e-06
1.9957333925e-08	4.59659577245e-06
1.99989983834e-08	4.98879899169e-06
2.00406628418e-08	5.53056770514e-06
2.00823273002e-08	6.05667401032e-06
2.01239917586e-08	6.40085181658e-06
2.0165656217e-08	6.49724779578e-06
2.02073206754e-08	6.31758666714e-06
2.02489851338e-08	5.95410847382e-06
2.02906495922e-08	5.59634918318e-06
2.03323140506e-08	5.31255454916e-06
2.0373978509e-08	5.17561511515e-06
2.04156429674e-08	5.22374557477e-06
2.04573074258e-08	5.31531850356e-06
2.04989718842e-08	5.40454357179e-06
2.05406363426e-08	5.47337003809e-06
2.0582300801e-08	5.46222827325e-06
2.06239652594e-08	5.42062844033e-06
2.06656297178e-08	5.42290626981e-06
2.07072941761e-08	5.49776814296e-06
2.07489586345e-08	5.66324888496e-06
2.07906230929e-08	5.88591046835e-06
2.08322875513e-08	6.08406844549e-06
2.08739520097e-08	6.25605525784e-06
2.09156164681e-08	6.28607858744e-06
2.09572809265e-08	6.11733184996e-06
2.09989453849e-08	5.79176730753e-06
2.10406098433e-08	5.37951746082e-06
2.10822743017e-08	4.94572032039e-06
2.11239387601e-08	4.63220885649e-06
2.11656032185e-08	4.54508654002e-06
2.12072676769e-08	4.67556628791e-06
2.12489321353e-08	5.03046567246e-06
2.12905965937e-08	5.47494119019e-06
2.13322610521e-08	5.8768555391e-06
2.13739255105e-08	6.12566100244e-06
2.14155899689e-08	6.15420140093e-06
2.14572544273e-08	5.97331882091e-06
2.14989188857e-08	5.66777180211e-06
2.15405833441e-08	5.33589445695e-06
2.15822478025e-08	5.11663711222e-06
2.16239122609e-08	5.06762444275e-06
2.16655767192e-08	5.09743676957e-06
2.17072411776e-08	5.19756713402e-06
2.1748905636e-08	5.28462487637e-06
2.17905700944e-08	5.32082822247e-06
2.18322345528e-08	5.33270440428e-06
2.18738990112e-08	5.29322096554e-06
2.19155634696e-08	5.29339877176e-06
2.1957227928e-08	5.38400445294e-06
2.19988923864e-08	5.51149560124e-06
2.20405568448e-08	5.68084169572e-06
2.20822213032e-08	5.84864847042e-06
2.21238857616e-08	5.93965069129e-06
2.216555022e-08	5.92646938458e-06
2.22072146784e-08	5.77137643631e-06
2.22488791368e-08	5.48037905901e-06
2.22905435952e-08	5.13540589964e-06
2.23322080536e-08	4.82338145957e-06
2.2373872512e-08	4.59977354694e-06
2.24155369704e-08	4.55061353932e-06
2.24572014288e-08	4.7106132115e-06
2.24988658872e-08	5.02941202285e-06
2.25405303456e-08	5.41562712897e-06
2.25821948039e-08	5.69712256038e-06
2.26238592623e-08	5.85533189223e-06
2.26655237207e-08	5.83445444136e-06
2.27071881791e-08	5.65744358028e-06
2.27488526375e-08	5.39493385077e-06
2.27905170959e-08	5.1287597671e-06
2.28321815543e-08	4.98247800351e-06
2.28738460127e-08	4.96241636938e-06
2.29155104711e-08	5.0006069614e-06
2.29571749295e-08	5.08388166054e-06
2.29988393879e-08	5.16275440532e-06
2.30405038463e-08	5.18313481734e-06
2.30821683047e-08	5.19833110957e-06
2.31238327631e-08	5.19245986652e-06
2.31654972215e-08	5.19415834788e-06
2.32071616799e-08	5.24578308614e-06
2.32488261383e-08	5.34743321623e-06
2.32904905967e-08	5.48570733372e-06
2.33321550551e-08	5.62365767109e-06
2.33738195135e-08	5.64501624467e-06
2.34154839719e-08	5.60051557841e-06
2.34571484303e-08	5.47830131836e-06
2.34988128886e-08	5.21604988535e-06
2.3540477347e-08	4.93879861097e-06
2.35821418054e-08	4.71020621262e-06
2.36238062638e-08	4.56372845292e-06
2.36654707222e-08	4.57350051875e-06
2.37071351806e-08	4.74479338664e-06
2.3748799639e-08	4.98352574141e-06
2.37904640974e-08	5.27843712916e-06
2.38321285558e-08	5.50667209609e-06
2.38737930142e-08	5.61122305953e-06
2.39154574726e-08	5.58682995688e-06
2.3957121931e-08	5.40039945918e-06
2.39987863894e-08	5.15431338499e-06
2.40404508478e-08	4.97876771988e-06
2.40821153062e-08	4.86516591991e-06
2.41237797646e-08	4.8404831432e-06
2.4165444223e-08	4.91235505251e-06
2.42071086814e-08	4.98444796904e-06
2.42487731398e-08	5.06158266944e-06
2.42904375982e-08	5.07921913595e-06
2.43321020566e-08	5.06536116518e-06
2.4373766515e-08	5.06684727952e-06
2.44154309733e-08	5.06823016622e-06
2.44570954317e-08	5.12771111971e-06
2.44987598901e-08	5.24691949977e-06
2.45404243485e-08	5.31032037543e-06
2.45820888069e-08	5.37167943548e-06
2.46237532653e-08	5.41863073522e-06
2.46654177237e-08	5.35582148586e-06
2.47070821821e-08	5.22043592355e-06
2.47487466405e-08	5.00709074913e-06
2.47904110989e-08	4.77145567856e-06
2.48320755573e-08	4.61103900307e-06
2.48737400157e-08	4.55303279523e-06
2.49154044741e-08	4.5713104555e-06
2.49570689325e-08	4.71820249004e-06
2.49987333909e-08	4.93750030728e-06
2.50403978493e-08	5.14882412972e-06
2.50820623077e-08	5.33209004061e-06
2.51237267661e-08	5.40790051673e-06
2.51653912245e-08	5.31784189661e-06
2.52070556829e-08	5.16536510986e-06
2.52487201413e-08	4.99734005643e-06
2.52903845997e-08	4.82289215142e-06
2.5332049058e-08	4.7378389354e-06
2.53737135164e-08	4.74257149108e-06
2.54153779748e-08	4.80959306515e-06
2.54570424332e-08	4.89009107696e-06
2.54987068916e-08	4.91410492032e-06
2.554037135e-08	4.93041352456e-06
2.55820358084e-08	4.95047834193e-06
2.56237002668e-08	4.9388277148e-06
2.56653647252e-08	4.96146776641e-06
2.57070291836e-08	4.98570352647e-06
2.5748693642e-08	5.05712660015e-06
2.57903581004e-08	5.14209295943e-06
2.58320225588e-08	5.16121963301e-06
2.58736870172e-08	5.18744127476e-06
2.59153514756e-08	5.15053852723e-06
2.5957015934e-08	5.00752730659e-06
2.59986803924e-08	4.85567124997e-06
2.60403448508e-08	4.65523271487e-06
2.60820093092e-08	4.50185962109e-06
2.61236737676e-08	4.4901680667e-06
2.6165338226e-08	4.55784220321e-06
2.62070026844e-08	4.70500208394e-06
2.62486671428e-08	4.88697241963e-06
2.62903316011e-08	5.02934881297e-06
2.63319960595e-08	5.13084614795e-06
2.63736605179e-08	5.16870932188e-06
2.64153249763e-08	5.09904975843e-06
2.64569894347e-08	4.99893894812e-06
2.64986538931e-08	4.84696602143e-06
2.65403183515e-08	4.68546295451e-06
2.65819828099e-08	4.61367926619e-06
2.66236472683e-08	4.63597871203e-06
2.66653117267e-08	4.69298720418e-06
2.67069761851e-08	4.77968433188e-06
2.67486406435e-08	4.81818278786e-06
2.67903051019e-08	4.81805727759e-06
2.68319695603e-08	4.83282383357e-06
2.68736340187e-08	4.80121934743e-06
2.69152984771e-08	4.79795562569e-06
2.69569629355e-08	4.8591173254e-06
2.69986273939e-08	4.91810715175e-06
2.70402918523e-08	4.96384791404e-06
2.70819563107e-08	5.00511214341e-06
2.71236207691e-08	4.96166012454e-06
2.71652852275e-08	4.91754462928e-06
2.72069496858e-08	4.82844370708e-06
2.72486141442e-08	4.70478835268e-06
2.72902786026e-08	4.54572364106e-06
2.7331943061e-08	4.4399730541e-06
2.73736075194e-08	4.43356793767e-06
2.74152719778e-08	4.5230485739e-06
2.74569364362e-08	4.65918446935e-06
2.74986008946e-08	4.80360131405e-06
2.7540265353e-08	4.91970604344e-06
2.75819298114e-08	4.95381300425e-06
2.76235942698e-08	4.9729615057e-06
2.76652587282e-08	4.91190621688e-06
2.77069231866e-08	4.82158520754e-06
2.7748587645e-08	4.69192036689e-06
2.77902521034e-08	4.57987334812e-06
2.78319165618e-08	4.52564518127e-06
2.78735810202e-08	4.56644920632e-06
2.79152454786e-08	4.57818623545e-06
2.7956909937e-08	4.64993263449e-06
2.79985743954e-08	4.72363353765e-06
2.80402388538e-08	4.73121008326e-06
2.80819033122e-08	4.71102976007e-06
2.81235677705e-08	4.69090900879e-06
2.81652322289e-08	4.68375264973e-06
2.82068966873e-08	4.74523994853e-06
2.82485611457e-08	4.82499854115e-06
2.82902256041e-08	4.82781024402e-06
2.83318900625e-08	4.83622397951e-06
2.83735545209e-08	4.78321089759e-06
2.84152189793e-08	4.74062426292e-06
2.84568834377e-08	4.67954441774e-06
2.84985478961e-08	4.57898704553e-06
2.85402123545e-08	4.46751164418e-06
2.85818768129e-08	4.40989515482e-06
2.86235412713e-08	4.36329173681e-06
2.86652057297e-08	4.44509259978e-06
2.87068701881e-08	4.57427813672e-06
2.87485346465e-08	4.70834811495e-06
2.87901991049e-08	4.81326196677e-06
2.88318635633e-08	4.83308531329e-06
2.88735280217e-08	4.82132873003e-06
2.89151924801e-08	4.75304068459e-06
2.89568569385e-08	4.64308686787e-06
2.89985213969e-08	4.55817007605e-06
2.90401858552e-08	4.52768608739e-06
2.90818503136e-08	4.48123137176e-06
2.9123514772e-08	4.46967669632e-06
2.91651792304e-08	4.47643424195e-06
2.92068436888e-08	4.58580279883e-06
2.92485081472e-08	4.64286858914e-06
2.92901726056e-08	4.64114418719e-06
2.9331837064e-08	4.59942020825e-06
2.93735015224e-08	4.58205022369e-06
2.94151659808e-08	4.57282249045e-06
2.94568304392e-08	4.63468359158e-06
2.94984948976e-08	4.71974499305e-06
2.9540159356e-08	4.71896737508e-06
2.95818238144e-08	4.71796147394e-06
2.96234882728e-08	4.6903319344e-06
2.96651527312e-08	4.60474029751e-06
2.97068171896e-08	4.53164284409e-06
2.9748481648e-08	4.49144772574e-06
2.97901461064e-08	4.41335532742e-06
2.98318105648e-08	4.38850292994e-06
2.98734750232e-08	4.34072080679e-06
2.99151394816e-08	4.37041262558e-06
2.995680394e-08	4.51150754088e-06
2.99984683983e-08	4.62524985778e-06
3.00401328567e-08	4.69594306196e-06
3.00817973151e-08	4.74597254652e-06
3.01234617735e-08	4.68426242151e-06
3.01651262319e-08	4.58441036244e-06
3.02067906903e-08	4.51861114925e-06
3.02484551487e-08	4.44643410447e-06
3.02901196071e-08	4.44704164693e-06
3.03317840655e-08	4.43313911092e-06
3.03734485239e-08	4.43841690867e-06
3.04151129823e-08	4.44472152594e-06
3.04567774407e-08	4.4822968448e-06
3.04984418991e-08	4.53009170087e-06
3.05401063575e-08	4.57233363704e-06
3.05817708159e-08	4.54018572782e-06
3.06234352743e-08	4.53285929325e-06
3.06650997327e-08	4.51987625638e-06
3.07067641911e-08	4.56091538581e-06
3.07484286495e-08	4.58481508758e-06
3.07900931079e-08	4.57738315163e-06
3.08317575663e-08	4.57025544165e-06
3.08734220247e-08	4.56597081211e-06
3.0915086483e-08	4.52679478258e-06
3.09567509414e-08	4.45510158897e-06
3.09984153998e-08	4.42036889581e-06
3.10400798582e-08	4.35640322394e-06
3.10817443166e-08	4.32001888839e-06
3.1123408775e-08	4.33030618296e-06
3.11650732334e-08	4.38247207057e-06
3.12067376918e-08	4.4383691602e-06
3.12484021502e-08	4.53837628811e-06
3.12900666086e-08	4.58141221316e-06
3.1331731067e-08	4.60725414086e-06
3.13733955254e-08	4.59262628283e-06
3.14150599838e-08	4.50444485978e-06
3.14567244422e-08	4.42538612333e-06
3.14983889006e-08	4.37954577137e-06
3.1540053359e-08	4.38166625827e-06
3.15817178174e-08	4.39332097812e-06
3.16233822758e-08	4.38768029198e-06
3.16650467342e-08	4.36418713434e-06
3.17067111926e-08	4.43551607532e-06
3.1748375651e-08	4.50879724667e-06
3.17900401094e-08	4.53279244539e-06
3.18317045677e-08	4.44770421382e-06
3.18733690261e-08	4.40901476395e-06
3.19150334845e-08	4.45554951511e-06
3.19566979429e-08	4.53337543149e-06
3.19983624013e-08	4.50807010566e-06
3.20400268597e-08	4.49036360806e-06
3.20816913181e-08	4.5006208893e-06
3.21233557765e-08	4.48496621175e-06
3.21650202349e-08	4.45740442956e-06
3.22066846933e-08	4.37903327111e-06
3.22483491517e-08	4.34095818491e-06
3.22900136101e-08	4.32018532592e-06
3.23316780685e-08	4.31535545431e-06
3.23733425269e-08	4.32696742791e-06
3.24150069853e-08	4.37619792137e-06
3.24566714437e-08	4.43547787654e-06
3.24983359021e-08	4.52978338217e-06
3.25400003605e-08	4.51916457678e-06
3.25816648189e-08	4.5050423978e-06
3.26233292773e-08	4.50674724561e-06
3.26649937357e-08	4.48520449936e-06
3.27066581941e-08	4.39891437054e-06
3.27483226524e-08	4.3446084419e-06
3.27899871108e-08	4.33088735008e-06
3.28316515692e-08	4.37594098912e-06
3.28733160276e-08	4.39415407527e-06
3.2914980486e-08	4.36822574557e-06
3.29566449444e-08	4.41497741122e-06
3.29983094028e-08	4.45532123194e-06
3.30399738612e-08	4.45196110377e-06
3.30816383196e-08	4.44167335445e-06
3.3123302778e-08	4.44597435489e-06
3.31649672364e-08	4.43049930254e-06
3.32066316948e-08	4.42816963186e-06
3.32482961532e-08	4.42254486188e-06
3.32899606116e-08	4.4468397391e-06
3.333162507e-08	4.48293531008e-06
3.33732895284e-08	4.4561015784e-06
3.34149539868e-08	4.36740629084e-06
3.34566184452e-08	4.34445746578e-06
3.34982829036e-08	4.32889873991e-06
3.3539947362e-08	4.3311670197e-06
3.35816118204e-08	4.32173919762e-06
3.36232762788e-08	4.26756196248e-06
3.36649407372e-08	4.3775148697e-06
3.37066051955e-08	4.52022231912e-06
3.37482696539e-08	4.50762217952e-06
3.37899341123e-08	4.46531566922e-06
3.38315985707e-08	4.49011486126e-06
3.38732630291e-08	4.45293244411e-06
3.39149274875e-08	4.46680223831e-06
3.39565919459e-08	4.39946916231e-06
3.39982564043e-08	4.34072080679e-06
3.40399208627e-08	4.35082620243e-06
3.40815853211e-08	4.32416891272e-06
3.41232497795e-08	4.30503723692e-06
3.41649142379e-08	4.38995857621e-06
3.42065786963e-08	4.43312592324e-06
3.42482431547e-08	4.45652040071e-06
3.42899076131e-08	4.43620183432e-06
3.43315720715e-08	4.40330131823e-06
3.43732365299e-08	4.41299425802e-06
3.44149009883e-08	4.44234274255e-06
3.44565654467e-08	4.47121874458e-06
3.44982299051e-08	4.44499937657e-06
3.45398943635e-08	4.43236331193e-06
3.45815588219e-08	4.45756222689e-06
3.46232232802e-08	4.48351374871e-06
3.46648877386e-08	4.40359781351e-06
3.4706552197e-08	4.35063793702e-06
3.47482166554e-08	4.35526681031e-06
3.47898811138e-08	4.41133715867e-06
3.48315455722e-08	4.37644985141e-06
3.48732100306e-08	4.31756052421e-06
3.4914874489e-08	4.3767436182e-06
3.49565389474e-08	4.50947118225e-06
3.49982034058e-08	4.51949472335e-06
