% time-domain voltage integration by openEMS v0.0.36 @Fri Jan 16 22:05:27 2026
% start-coordinates: (0.05,0.0115823,0.000542468) m -> [46,24,30]
% stop-coordinates: (0.05,0.0115823,0.00456047) m -> [46,24,56]
% t/s	voltage
0	-0
4.16644583955e-11	-0
8.3328916791e-11	-0
1.24993375187e-10	-0
1.66657833582e-10	9.85079161719e-24
2.08322291978e-10	2.12829240827e-17
2.49986750373e-10	7.6770211808e-13
2.91651208769e-10	1.10730308126e-09
3.33315667164e-10	8.72627089199e-08
3.7498012556e-10	4.51318857148e-07
4.16644583955e-10	9.33792436431e-07
4.58309042351e-10	1.18290344842e-06
4.99973500746e-10	4.64316560034e-07
5.41637959142e-10	-2.21355116681e-06
5.83302417537e-10	-8.42473043039e-06
6.24966875933e-10	-1.895499366e-05
6.66631334328e-10	-3.12965136975e-05
7.08295792724e-10	-4.26492334178e-05
7.49960251119e-10	-4.71953505148e-05
7.91624709515e-10	-2.64379131707e-05
8.3328916791e-10	2.82826983948e-05
8.74953626306e-10	0.000127990330697
9.16618084701e-10	0.000262235153375
9.58282543097e-10	0.000406483677395
9.99947001492e-10	0.000511507553256
1.04161145989e-09	0.000533524246407
1.08327591828e-09	0.00043792798499
1.12494037668e-09	0.000232372025152
1.16660483507e-09	-4.40327027036e-05
1.20826929347e-09	-0.00034722678987
1.24993375187e-09	-0.000668778167437
1.29159821026e-09	-0.00107723223528
1.33326266866e-09	-0.00169859879952
1.37492712705e-09	-0.00263896445449
1.41659158545e-09	-0.0038564388642
1.45825604384e-09	-0.00505721166439
1.49992050224e-09	-0.00569762397845
1.54158496063e-09	-0.00514456459769
1.58324941903e-09	-0.00296583269846
1.62491387742e-09	0.000777220409873
1.66657833582e-09	0.00538975714517
1.70824279422e-09	0.00967708638814
1.74990725261e-09	0.0123355657988
1.79157171101e-09	0.0124524990697
1.8332361694e-09	0.00989102603671
1.8749006278e-09	0.00537018529303
1.91656508619e-09	0.000199943110147
1.95822954459e-09	-0.00421054633739
1.99989400298e-09	-0.00684820627794
2.04155846138e-09	-0.00738564189214
2.08322291978e-09	-0.00617319272988
2.12488737817e-09	-0.00398452349282
2.16655183657e-09	-0.00166158969512
2.20821629496e-09	0.000186660126474
2.24988075336e-09	0.00131802966575
2.29154521175e-09	0.00181881298124
2.33320967015e-09	0.00196846143149
2.37487412854e-09	0.00205929891237
2.41653858694e-09	0.0022683698358
2.45820304533e-09	0.00258970554395
2.49986750373e-09	0.00284038330233
2.54153196213e-09	0.00273794346003
2.58319642052e-09	0.00201253612158
2.62486087892e-09	0.00055446801116
