% time-domain current integration by openEMS v0.0.36 @Fri Jan 16 22:05:27 2026
% start-coordinates: (0.0475,0.00490741,0.00240855) m -> [45,20,50]
% stop-coordinates: (0.05,0.0167428,0.00240855) m -> [46,27,50]
% t/s	current
5.8353583187e-14	0
4.17228119787e-11	0
8.33872703742e-11	0
1.2505172877e-10	0
1.66716187165e-10	-2.58505872944e-25
2.08380645561e-10	-4.13939557441e-19
2.50045103956e-10	-1.13185353559e-14
2.91709562352e-10	-1.16346411672e-11
3.33374020747e-10	-5.3552967616e-10
3.75038479143e-10	-9.3419327829e-10
4.16702937538e-10	-1.11504672162e-09
4.58367395934e-10	-1.4494949685e-10
5.00031854329e-10	3.66946606434e-09
5.41696312725e-10	1.06110231712e-08
5.8336077112e-10	2.15741575715e-08
6.25025229516e-10	3.77402251672e-08
6.66689687911e-10	5.14697866549e-08
7.08354146307e-10	3.57855824973e-08
7.50018604702e-10	-2.82516445793e-08
7.91683063098e-10	-1.4872433951e-07
8.33347521493e-10	-3.55530772822e-07
8.75011979889e-10	-5.925323876e-07
9.16676438284e-10	-7.81966150498e-07
9.5834089668e-10	-7.37835478049e-07
1.00000535508e-09	-2.81488524934e-07
1.04166981347e-09	7.63744310461e-07
1.08333427187e-09	2.35712536778e-06
1.12499873026e-09	4.20930928158e-06
1.16666318866e-09	5.65739946978e-06
1.20832764705e-09	5.81319000048e-06
1.24999210545e-09	3.83063979825e-06
1.29165656384e-09	-6.85750023877e-07
1.33332102224e-09	-7.23040375306e-06
1.37498548063e-09	-1.42500502989e-05
1.41664993903e-09	-1.93775886146e-05
1.45831439743e-09	-2.01614238904e-05
1.49997885582e-09	-1.50839177877e-05
1.54164331422e-09	-4.43924454885e-06
1.58330777261e-09	9.36036303756e-06
1.62497223101e-09	2.23480165005e-05
1.6666366894e-09	3.03349042952e-05
1.7083011478e-09	3.05235007545e-05
1.74996560619e-09	2.26806678256e-05
1.79163006459e-09	9.31508293434e-06
1.83329452299e-09	-5.26331496076e-06
1.87495898138e-09	-1.66006720974e-05
1.91662343978e-09	-2.17398301174e-05
1.95828789817e-09	-2.01463080884e-05
1.99995235657e-09	-1.35775771923e-05
2.04161681496e-09	-5.07154163643e-06
2.08328127336e-09	2.37275253312e-06
2.12494573175e-09	6.8425479185e-06
2.16661019015e-09	7.92872197053e-06
2.20827464854e-09	6.48445893603e-06
2.24993910694e-09	3.9543992898e-06
2.29160356534e-09	1.67783787219e-06
2.33326802373e-09	4.37253959262e-07
2.37493248213e-09	2.73693473218e-07
2.41659694052e-09	6.42445343146e-07
2.45826139892e-09	6.82762163251e-07
2.49992585731e-09	-3.91455046156e-07
2.54159031571e-09	-2.94033384307e-06
2.5832547741e-09	-6.64199524181e-06
2.6249192325e-09	-1.04089995148e-05
