% time-domain current integration by openEMS v0.0.36 @Fri Jan 16 22:05:27 2026
% start-coordinates: (-0.0525,0.00490741,0.00240855) m -> [5,20,50]
% stop-coordinates: (-0.05,0.0167428,0.00240855) m -> [6,27,50]
% t/s	current
5.8353583187e-14	0
4.17228119787e-11	2.78863780068e-07
8.33872703742e-11	3.71312950165e-07
1.2505172877e-10	2.85764627961e-07
1.66716187165e-10	-2.75284435247e-07
2.08380645561e-10	-1.76450464551e-06
2.50045103956e-10	-4.55282452094e-06
2.91709562352e-10	-8.58369821799e-06
3.33374020747e-10	-1.2746880202e-05
3.75038479143e-10	-1.42635426528e-05
4.16702937538e-10	-8.54892459756e-06
4.58367395934e-10	9.84689995676e-06
5.00031854329e-10	4.47274578619e-05
5.41696312725e-10	9.43481572904e-05
5.8336077112e-10	0.000147485799971
6.25025229516e-10	0.000181848547072
6.66689687911e-10	0.000167560894624
7.08354146307e-10	7.70791011746e-05
7.50018604702e-10	-0.000100190780358
7.91683063098e-10	-0.0003439768916
8.33347521493e-10	-0.000597714737523
8.75011979889e-10	-0.000778083922341
9.16676438284e-10	-0.000800410110969
9.5834089668e-10	-0.00061270641163
1.00000535508e-09	-0.000224497372983
1.04166981347e-09	0.000284342590021
1.08333427187e-09	0.000782513525337
1.12499873026e-09	0.00112972105853
1.16666318866e-09	0.00122647499666
1.20832764705e-09	0.00105037528556
1.24999210545e-09	0.000663153710775
1.29165656384e-09	0.000185740573215
1.33332102224e-09	-0.000247056595981
1.37498548063e-09	-0.000532643869519
1.41664993903e-09	-0.000629086513072
1.45831439743e-09	-0.000557449297048
1.49997885582e-09	-0.000381548481528
1.54164331422e-09	-0.000177339359652
1.58330777261e-09	-5.86943724556e-06
1.62497223101e-09	0.000101159777842
1.6666366894e-09	0.000141492142575
1.7083011478e-09	0.000132455534185
1.74996560619e-09	9.81191042229e-05
1.79163006459e-09	5.90063827985e-05
1.83329452299e-09	2.72406578006e-05
1.87495898138e-09	6.56158817947e-06
1.91662343978e-09	-4.66710389446e-06
1.95828789817e-09	-9.91442902887e-06
1.99995235657e-09	-1.18604402815e-05
2.04161681496e-09	-1.14144031613e-05
2.08328127336e-09	-8.07844116935e-06
2.12494573175e-09	-1.13850057915e-06
2.16661019015e-09	9.15957207326e-06
2.20827464854e-09	2.0992663849e-05
2.24993910694e-09	3.12707306875e-05
2.29160356534e-09	3.67021311831e-05
2.33326802373e-09	3.52647221007e-05
2.37493248213e-09	2.69469837804e-05
2.41659694052e-09	1.41956816151e-05
2.45826139892e-09	9.56699523158e-07
2.49992585731e-09	-8.81879623194e-06
2.54159031571e-09	-1.26436198116e-05
2.5832547741e-09	-1.02588728623e-05
2.6249192325e-09	-3.47482182406e-06
