% time-domain voltage integration by openEMS v0.0.36 @Fri Jan 16 22:05:27 2026
% start-coordinates: (-0.05,0.0115823,0.000542468) m -> [6,24,30]
% stop-coordinates: (-0.05,0.0115823,0.00456047) m -> [6,24,56]
% t/s	voltage
0	-0
4.16644583955e-11	5.76146911939e-05
8.3328916791e-11	0.000137993806618
1.24993375187e-10	0.000206356006871
1.66657833582e-10	0.000175394206158
2.08322291978e-10	-0.000146177544991
2.49986750373e-10	-0.0010277488974
2.91651208769e-10	-0.00275228161092
3.33315667164e-10	-0.00539970521493
3.7498012556e-10	-0.0085146904818
4.16644583955e-10	-0.0106886467719
4.58309042351e-10	-0.00932760525802
4.99973500746e-10	-0.00088660402389
5.41637959142e-10	0.0180658649388
5.83302417537e-10	0.0488828550288
6.24966875933e-10	0.0883795566315
6.66631334328e-10	0.126885453651
7.08295792724e-10	0.148234664844
7.49960251119e-10	0.132886415759
7.91624709515e-10	0.0643491378796
8.3328916791e-10	-0.062606250387
8.74953626306e-10	-0.235063174543
9.16618084701e-10	-0.420110270192
9.58282543097e-10	-0.570547589286
9.99947001492e-10	-0.637823923673
1.04161145989e-09	-0.588410724195
1.08327591828e-09	-0.417466775027
1.12494037668e-09	-0.153818019982
1.16660483507e-09	0.146683969513
1.20826929347e-09	0.417622210782
1.24993375187e-09	0.602314993412
1.29159821026e-09	0.67028081894
1.33326266866e-09	0.623986824867
1.37492712705e-09	0.494153705124
1.41659158545e-09	0.326592489502
1.45825604384e-09	0.166405428205
1.49992050224e-09	0.0455082876597
1.54158496063e-09	-0.022901556229
1.58324941903e-09	-0.0426822578665
1.62491387742e-09	-0.028341442674
1.66657833582e-09	0.00262069395012
1.70824279422e-09	0.0356469596531
1.74990725261e-09	0.0619918792684
1.79157171101e-09	0.078662306172
1.8332361694e-09	0.0866203602523
1.8749006278e-09	0.0885371967779
1.91656508619e-09	0.0870826393502
1.95822954459e-09	0.0840894886769
1.99989400298e-09	0.080509890809
2.04155846138e-09	0.0767877512044
2.08322291978e-09	0.0732918030876
2.12488737817e-09	0.07053864929
2.16655183657e-09	0.0691342627888
2.20821629496e-09	0.0695075706144
2.24988075336e-09	0.071613780301
2.29154521175e-09	0.0748015308432
2.33320967015e-09	0.0779545070932
2.37487412854e-09	0.0798409902
2.41653858694e-09	0.079590176183
2.45820304533e-09	0.0770355913646
2.49986750373e-09	0.0727801383564
2.54153196213e-09	0.0679455447339
2.58319642052e-09	0.0637312076906
2.62486087892e-09	0.0609812849525
