% time-domain current integration by openEMS v0.0.36 @Thu Jan 22 06:34:39 2026
% start-coordinates: (-0.0335761,-0.000374621,0.000127) m -> [37,22,2]
% stop-coordinates: (-0.0335761,0.00026269,0.00033655) m -> [37,29,5]
% t/s	current
8.6130552106e-14	0
1.78290242859e-11	-6.25397023412e-28
3.55719180198e-11	-2.44142102097e-14
5.33148117536e-11	-1.56405808444e-11
7.10577054874e-11	-1.56190083089e-09
8.88005992213e-11	-4.31474544982e-09
1.06543492955e-10	-5.19433163149e-09
1.24286386689e-10	2.4247346353e-09
1.42029280423e-10	2.66245798741e-08
1.59772174157e-10	8.45902974334e-08
1.7751506789e-10	1.93042623664e-07
1.95257961624e-10	3.56446577143e-07
2.13000855358e-10	5.43814792309e-07
2.30743749092e-10	6.59765589717e-07
2.48486642826e-10	5.25593293332e-07
2.6622953656e-10	-1.04161479442e-07
2.83972430293e-10	-1.46534648593e-06
3.01715324027e-10	-3.64396510122e-06
3.19458217761e-10	-6.40946382191e-06
3.37201111495e-10	-9.10451672098e-06
3.54944005229e-10	-1.06929237518e-05
3.72686898963e-10	-1.00285233202e-05
3.90429792696e-10	-6.30599379292e-06
4.0817268643e-10	4.68843495582e-07
4.25915580164e-10	9.22465187614e-06
4.43658473898e-10	1.79766193469e-05
4.61401367632e-10	2.44060174737e-05
4.79144261365e-10	2.66697988991e-05
4.96887155099e-10	2.40958597715e-05
5.14630048833e-10	1.74455017259e-05
5.32372942567e-10	8.61733406055e-06
5.50115836301e-10	-6.63911237098e-08
5.67858730035e-10	-6.66470941724e-06
5.85601623768e-10	-1.01748637462e-05
6.03344517502e-10	-1.06556535684e-05
6.21087411236e-10	-8.95183347893e-06
6.3883030497e-10	-6.21734852757e-06
6.56573198704e-10	-3.47123568645e-06
6.74316092438e-10	-1.34279423492e-06
6.92058986171e-10	-3.6643385215e-08
7.09801879905e-10	5.49683875306e-07
7.27544773639e-10	6.57820635297e-07
7.45287667373e-10	5.31409455107e-07
7.63030561107e-10	3.43816225268e-07
7.80773454841e-10	1.8491273579e-07
7.98516348574e-10	8.15503611307e-08
8.16259242308e-10	2.68233133482e-08
8.34002136042e-10	3.2890110635e-09
8.51745029776e-10	-4.49941417457e-09
8.6948792351e-10	-6.01786354082e-09
8.87230817244e-10	-5.66018254489e-09
9.04973710977e-10	-6.01931837707e-09
9.22716604711e-10	-5.36309219257e-09
9.40459498445e-10	-4.15186907077e-09
9.58202392179e-10	-2.77273337623e-09
9.75945285913e-10	-1.79389048061e-09
9.93688179647e-10	-1.45842360411e-09
1.01143107338e-09	-1.67481917224e-09
1.02917396711e-09	-2.23070095728e-09
1.04691686085e-09	-2.83337420193e-09
1.06465975458e-09	-3.3558993362e-09
1.08240264832e-09	-3.77634634674e-09
1.10014554205e-09	-4.11876355244e-09
1.11788843578e-09	-4.38576908124e-09
1.13563132952e-09	-4.46319203817e-09
1.15337422325e-09	-4.03420186146e-09
1.17111711698e-09	-2.6281627985e-09
1.18886001072e-09	2.36625913308e-10
1.20660290445e-09	4.74051775612e-09
1.22434579819e-09	1.04626236563e-08
1.24208869192e-09	1.60823514506e-08
1.25983158565e-09	1.94792306729e-08
1.27757447939e-09	1.8322412032e-08
1.29531737312e-09	1.07917417225e-08
1.31306026686e-09	-3.21638182754e-09
1.33080316059e-09	-2.16305142686e-08
1.34854605432e-09	-4.04217566086e-08
1.36628894806e-09	-5.4656965176e-08
1.38403184179e-09	-6.03142638056e-08
1.40177473552e-09	-5.56603758639e-08
1.41951762926e-09	-4.20349621777e-08
