% time-domain current integration by openEMS v0.0.36 @Thu Jan 22 06:34:39 2026
% start-coordinates: (-0.0331322,-0.000374621,0.000127) m -> [38,22,2]
% stop-coordinates: (-0.0331322,0.00026269,0.00033655) m -> [38,29,5]
% t/s	current
8.6130552106e-14	0
1.78290242859e-11	-2.58851845651e-29
3.55719180198e-11	-5.83787304522e-15
5.33148117536e-11	-9.43771363143e-12
7.10577054874e-11	-8.96084817459e-10
8.88005992213e-11	-4.63188021271e-09
1.06543492955e-10	-4.82267026314e-09
1.24286386689e-10	1.21745849513e-10
1.42029280423e-10	2.14464321857e-08
1.59772174157e-10	7.40594785498e-08
1.7751506789e-10	1.74644043227e-07
1.95257961624e-10	3.30880766342e-07
2.13000855358e-10	5.18727119925e-07
2.30743749092e-10	6.53572044484e-07
2.48486642826e-10	5.68652126276e-07
2.6622953656e-10	2.49311522538e-08
2.83972430293e-10	-1.22198127883e-06
3.01715324027e-10	-3.28951932715e-06
3.19458217761e-10	-6.00117618887e-06
3.37201111495e-10	-8.76192916621e-06
3.54944005229e-10	-1.05783974504e-05
3.72686898963e-10	-1.02957201307e-05
3.90429792696e-10	-7.02979787093e-06
4.0817268643e-10	-6.48389914204e-07
4.25915580164e-10	7.92981882114e-06
4.43658473898e-10	1.68232636497e-05
4.61401367632e-10	2.37135845964e-05
4.79144261365e-10	2.66414590442e-05
4.96887155099e-10	2.47402222158e-05
5.14630048833e-10	1.85730878002e-05
5.32372942567e-10	9.91389242699e-06
5.50115836301e-10	1.07548771666e-06
5.67858730035e-10	-5.90461104366e-06
5.85601623768e-10	-9.87238036032e-06
6.03344517502e-10	-1.07451196527e-05
6.21087411236e-10	-9.28305871639e-06
6.3883030497e-10	-6.62614365865e-06
6.56573198704e-10	-3.83326278097e-06
6.74316092438e-10	-1.59579076353e-06
6.92058986171e-10	-1.7382440376e-07
7.09801879905e-10	5.01607928527e-07
7.27544773639e-10	6.62015963826e-07
7.45287667373e-10	5.56624740966e-07
7.63030561107e-10	3.70584587017e-07
7.80773454841e-10	2.04756062772e-07
7.98516348574e-10	9.31362151846e-08
8.16259242308e-10	3.20746522675e-08
8.34002136042e-10	4.78567141471e-09
8.51745029776e-10	-4.70663286123e-09
8.6948792351e-10	-6.64228405611e-09
8.87230817244e-10	-6.02956040652e-09
9.04973710977e-10	-5.83786308184e-09
9.22716604711e-10	-5.01670394115e-09
9.40459498445e-10	-3.69647112919e-09
9.58202392179e-10	-2.45359954576e-09
9.75945285913e-10	-1.72654879282e-09
9.93688179647e-10	-1.59375990183e-09
1.01143107338e-09	-1.94725413571e-09
1.02917396711e-09	-2.50888843034e-09
1.04691686085e-09	-3.03865266282e-09
1.06465975458e-09	-3.44017503373e-09
1.08240264832e-09	-3.7305363243e-09
1.10014554205e-09	-4.00390742783e-09
1.11788843578e-09	-4.26940882647e-09
1.13563132952e-09	-4.36430980244e-09
1.15337422325e-09	-3.94612253984e-09
1.17111711698e-09	-2.429800805e-09
1.18886001072e-09	6.22658036242e-10
1.20660290445e-09	5.38803579531e-09
1.22434579819e-09	1.12916813677e-08
1.24208869192e-09	1.68465614792e-08
1.25983158565e-09	1.98506562299e-08
1.27757447939e-09	1.78606143209e-08
1.29531737312e-09	9.3372305443e-09
1.31306026686e-09	-5.59190871385e-09
1.33080316059e-09	-2.44788953552e-08
1.34854605432e-09	-4.30026254605e-08
1.36628894806e-09	-5.62620172673e-08
1.38403184179e-09	-6.04429004625e-08
1.40177473552e-09	-5.42638218803e-08
1.41951762926e-09	-3.95595201041e-08
