% time-domain voltage integration by openEMS v0.0.36 @Thu Jan 22 06:34:39 2026
% start-coordinates: (-0.0326883,0,0.000254) m -> [39,26,4]
% stop-coordinates: (-0.0326883,0,0) m -> [39,26,0]
% t/s	voltage
0	0
1.77428937338e-11	-1.35952983455e-31
3.54857874677e-11	-5.84684375941e-15
5.32286812015e-11	-2.75667801086e-10
7.09715749353e-11	-2.8842166877e-08
8.87144686691e-11	-2.37109411216e-07
1.06457362403e-10	-2.30437485982e-07
1.24200256137e-10	-4.99256902486e-08
1.41943149871e-10	9.10735806769e-07
1.59686043604e-10	3.26953460217e-06
1.77428937338e-10	7.86143095866e-06
1.95171831072e-10	1.51385718254e-05
2.12914724806e-10	2.41248299062e-05
2.3065761854e-10	3.10518580591e-05
2.48400512274e-10	2.82590558527e-05
2.66143406007e-10	4.49046353879e-06
2.83886299741e-10	-5.21444080732e-05
3.01629193475e-10	-0.000148071947478
3.19372087209e-10	-0.000276255581412
3.37114980943e-10	-0.000409887295973
3.54857874677e-10	-0.000502620561747
3.7260076841e-10	-0.000499066460179
3.90343662144e-10	-0.000354932308255
4.08086555878e-10	-6.02937207077e-05
4.25829449612e-10	0.000344967047567
4.43572343346e-10	0.000773687963374
4.6131523708e-10	0.00111513555748
4.79058130813e-10	0.00127265238552
4.96801024547e-10	0.0011996961257
5.14543918281e-10	0.000917912708246
5.32286812015e-10	0.00050870157429
5.50029705749e-10	8.22693982627e-05
5.67772599483e-10	-0.000261493813014
5.85515493216e-10	-0.000463424505142
6.0325838695e-10	-0.0005157681735
6.21001280684e-10	-0.000452535554359
6.38744174418e-10	-0.000327767418639
6.56487068152e-10	-0.00019309842537
6.74229961886e-10	-8.3220869783e-05
6.91972855619e-10	-1.20786385196e-05
7.09715749353e-10	2.26786805797e-05
7.27458643087e-10	3.17963485941e-05
7.45201536821e-10	2.73040818684e-05
7.62944430555e-10	1.8370781163e-05
7.80687324288e-10	1.01515945516e-05
7.98430218022e-10	4.5158061539e-06
8.16173111756e-10	1.42517700397e-06
8.3391600549e-10	1.11843018402e-07
8.51658899224e-10	-2.32223598573e-07
8.69401792958e-10	-1.76423856857e-07
8.87144686691e-10	-4.11536689171e-08
9.04887580425e-10	-1.21422085719e-08
9.22630474159e-10	-4.88952016653e-08
9.40373367893e-10	-1.05252571103e-07
9.58116261627e-10	-1.62670243498e-07
9.75859155361e-10	-1.98772909243e-07
9.93602049094e-10	-2.07767953952e-07
1.01134494283e-09	-1.94718261071e-07
1.02908783656e-09	-1.72066009441e-07
1.0468307303e-09	-1.48225502983e-07
1.06457362403e-09	-1.27332388189e-07
1.08231651776e-09	-1.08771178731e-07
1.1000594115e-09	-9.01952414978e-08
1.11780230523e-09	-7.5126042276e-08
1.13554519897e-09	-7.01223576982e-08
1.1532880927e-09	-9.60293444763e-08
1.17103098643e-09	-1.76277364261e-07
1.18877388017e-09	-3.32768742339e-07
1.2065167739e-09	-5.6906169732e-07
1.22425966763e-09	-8.52836222975e-07
1.24200256137e-09	-1.11290233917e-06
1.2597454551e-09	-1.24048958128e-06
1.27748834884e-09	-1.12377509254e-06
1.29523124257e-09	-6.92954728265e-07
1.3129741363e-09	3.7819947174e-08
1.33071703004e-09	9.44077214626e-07
1.34845992377e-09	1.81782877462e-06
1.3662028175e-09	2.42526510874e-06
1.38394571124e-09	2.5912061119e-06
1.40168860497e-09	2.26649706292e-06
1.41943149871e-09	1.54374933459e-06
