% time-domain voltage integration by openEMS v0.0.36 @Thu Jan 22 06:34:39 2026
% start-coordinates: (-0.0331322,0,0.000254) m -> [38,26,4]
% stop-coordinates: (-0.0331322,0,0) m -> [38,26,0]
% t/s	voltage
0	0
1.77428937338e-11	-4.42799844621e-30
3.54857874677e-11	-3.10880708925e-14
5.32286812015e-11	-3.79191525401e-10
7.09715749353e-11	-5.34585309353e-08
8.87144686691e-11	-2.08191991646e-07
1.06457362403e-10	-2.39391713563e-07
1.24200256137e-10	5.15607858631e-08
1.41943149871e-10	1.11365395128e-06
1.59686043604e-10	3.74170656414e-06
1.77428937338e-10	8.72612395142e-06
1.95171831072e-10	1.63667564266e-05
2.12914724806e-10	2.53809457718e-05
2.3065761854e-10	3.14964308927e-05
2.48400512274e-10	2.64799687102e-05
2.66143406007e-10	-1.27107804815e-06
2.83886299741e-10	-6.33165618638e-05
3.01629193475e-10	-0.000164664565091
3.19372087209e-10	-0.000295767284115
3.37114980943e-10	-0.00042681449122
3.54857874677e-10	-0.000509279721882
3.7260076841e-10	-0.000487938457809
3.90343662144e-10	-0.000322009116644
4.08086555878e-10	-8.01177361609e-06
4.25829449612e-10	0.000406803970691
4.43572343346e-10	0.00083003063628
4.6131523708e-10	0.00115047540748
4.79058130813e-10	0.00127664563479
4.96801024547e-10	0.00117114977911
5.14543918281e-10	0.00086524496146
5.32286812015e-10	0.000446682883194
5.50029705749e-10	2.6567810437e-05
5.67772599483e-10	-0.000299517145322
5.85515493216e-10	-0.000479559043015
6.0325838695e-10	-0.000512713944772
6.21001280684e-10	-0.000437295901065
6.38744174418e-10	-0.000308258873702
6.56487068152e-10	-0.000175471686816
6.74229961886e-10	-7.06823466317e-05
6.91972855619e-10	-5.12086648996e-06
7.09715749353e-10	2.52577483479e-05
7.27458643087e-10	3.17523654303e-05
7.45201536821e-10	2.61631644207e-05
7.62944430555e-10	1.7102932361e-05
7.80687324288e-10	9.18472574085e-06
7.98430218022e-10	3.92785318581e-06
8.16173111756e-10	1.13164526283e-06
8.3391600549e-10	-5.36635080817e-09
8.51658899224e-10	-2.59243300604e-07
8.69401792958e-10	-1.67317171673e-07
8.87144686691e-10	-2.12675690392e-08
9.04887580425e-10	5.19401882615e-10
9.22630474159e-10	-3.28570983754e-08
9.40373367893e-10	-9.88653798828e-08
9.58116261627e-10	-1.64546289483e-07
9.75859155361e-10	-2.09108982574e-07
9.93602049094e-10	-2.20772999882e-07
1.01134494283e-09	-2.03795707421e-07
1.02908783656e-09	-1.7201475444e-07
1.0468307303e-09	-1.40470703514e-07
1.06457362403e-09	-1.16794444338e-07
1.08231651776e-09	-1.01691199461e-07
1.1000594115e-09	-9.11009934157e-08
1.11780230523e-09	-8.31653217404e-08
1.13554519897e-09	-8.2159155923e-08
1.1532880927e-09	-1.02908769506e-07
1.17103098643e-09	-1.70381827758e-07
1.18877388017e-09	-3.07408932088e-07
1.2065167739e-09	-5.24228411791e-07
1.22425966763e-09	-7.99702675636e-07
1.24200256137e-09	-1.06655929244e-06
1.2597454551e-09	-1.22427692872e-06
1.27748834884e-09	-1.15498218634e-06
1.29523124257e-09	-7.76627288701e-07
1.3129741363e-09	-8.84588668981e-08
1.33071703004e-09	8.04657076969e-07
1.34845992377e-09	1.70081318629e-06
1.3662028175e-09	2.36465717762e-06
1.38394571124e-09	2.60638097416e-06
1.40168860497e-09	2.35082143263e-06
1.41943149871e-09	1.67379749882e-06
