% time-domain voltage integration by openEMS v0.0.36 @Thu Jan 22 06:34:39 2026
% start-coordinates: (0.0335761,0,0.000254) m -> [197,26,4]
% stop-coordinates: (0.0335761,0,0) m -> [197,26,0]
% t/s	voltage
0	0
1.77428937338e-11	0
3.54857874677e-11	0
5.32286812015e-11	0
7.09715749353e-11	0
8.87144686691e-11	0
1.06457362403e-10	0
1.24200256137e-10	0
1.41943149871e-10	0
1.59686043604e-10	0
1.77428937338e-10	0
1.95171831072e-10	0
2.12914724806e-10	-8.87934969578e-29
2.3065761854e-10	-1.62734560425e-21
2.48400512274e-10	-4.57766952299e-16
2.66143406007e-10	-1.55639081267e-12
2.83886299741e-10	-9.51238523714e-12
3.01629193475e-10	-2.94249195322e-11
3.19372087209e-10	-3.36683437206e-12
3.37114980943e-10	3.42779849644e-11
3.54857874677e-10	9.37347161695e-11
3.7260076841e-10	3.01315611351e-10
3.90343662144e-10	6.36592181746e-10
4.08086555878e-10	9.49159001395e-10
4.25829449612e-10	-8.80055042729e-10
4.43572343346e-10	-2.89062525027e-08
4.6131523708e-10	-1.79759936714e-07
4.79058130813e-10	-2.46653932834e-07
4.96801024547e-10	-6.16399784548e-08
5.14543918281e-10	7.70728505017e-07
5.32286812015e-10	2.84252661231e-06
5.50029705749e-10	6.97317136655e-06
5.67772599483e-10	1.3665927554e-05
5.85515493216e-10	2.22134490286e-05
6.0325838695e-10	2.94290503007e-05
6.21001280684e-10	2.84459274553e-05
6.38744174418e-10	8.67470566845e-06
6.56487068152e-10	-4.16178236264e-05
6.74229961886e-10	-0.000130003350932
6.91972855619e-10	-0.000252181955148
7.09715749353e-10	-0.000385196697607
7.27458643087e-10	-0.000486363162054
7.45201536821e-10	-0.000501643648022
7.62944430555e-10	-0.000383999016776
7.80687324288e-10	-0.000116480217912
7.98430218022e-10	0.000270604279649
8.16173111756e-10	0.000698376927176
8.3391600549e-10	0.00105917852488
8.51658899224e-10	0.00125219966867
8.69401792958e-10	0.00122055521933
8.87144686691e-10	0.000973320959019
9.04887580425e-10	0.000582160966587
9.22630474159e-10	0.000154012730491
9.40373367893e-10	-0.000207503460842
9.58116261627e-10	-0.000434937523096
9.75859155361e-10	-0.000511605176143
9.93602049094e-10	-0.000465306751721
1.01134494283e-09	-0.000348057918018
1.02908783656e-09	-0.000213063507545
1.0468307303e-09	-9.84051439445e-05
1.06457362403e-09	-2.1366371584e-05
1.08231651776e-09	1.82422750186e-05
1.1000594115e-09	3.03916644953e-05
1.11780230523e-09	2.73239070339e-05
1.13554519897e-09	1.88162862287e-05
1.1532880927e-09	1.05856079244e-05
1.17103098643e-09	4.83736698698e-06
1.18877388017e-09	1.65072714253e-06
1.2065167739e-09	2.5815262461e-07
1.22425966763e-09	-1.65265984009e-07
1.24200256137e-09	-1.91230970614e-07
1.2597454551e-09	-1.19563742018e-07
1.27748834884e-09	-8.44640286601e-08
1.29523124257e-09	-1.22149099724e-07
1.3129741363e-09	-1.27993235566e-07
1.33071703004e-09	-1.39746241246e-07
1.34845992377e-09	-1.44489437304e-07
1.3662028175e-09	-1.44710625705e-07
1.38394571124e-09	-1.43330392888e-07
1.40168860497e-09	-1.41776649087e-07
1.41943149871e-09	-1.41801606901e-07
