% time-domain current integration by openEMS v0.0.36 @Thu Jan 22 06:34:39 2026
% start-coordinates: (0.0326883,-0.000374621,0.000127) m -> [195,22,2]
% stop-coordinates: (0.0326883,0.00026269,0.00033655) m -> [195,29,5]
% t/s	current
8.6130552106e-14	-0
1.78290242859e-11	-0
3.55719180198e-11	-0
5.33148117536e-11	-0
7.10577054874e-11	-0
8.88005992213e-11	-0
1.06543492955e-10	-0
1.24286386689e-10	-0
1.42029280423e-10	-0
1.59772174157e-10	-0
1.7751506789e-10	-0
1.95257961624e-10	-0
2.13000855358e-10	3.83507565005e-28
2.30743749092e-10	2.81378773564e-21
2.48486642826e-10	3.11186378764e-16
2.6622953656e-10	3.80458224604e-13
2.83972430293e-10	-8.17110485177e-13
3.01715324027e-10	4.26634537431e-14
3.19458217761e-10	-2.23923939287e-12
3.37201111495e-10	-3.01021230512e-12
3.54944005229e-10	-1.09033320567e-11
3.72686898963e-10	-2.17050422774e-11
3.90429792696e-10	-3.95733307235e-11
4.0817268643e-10	-5.23903351257e-11
4.25915580164e-10	2.83951265279e-11
4.43658473898e-10	9.92810167411e-10
4.61401367632e-10	4.70890526572e-09
4.79144261365e-10	4.41097292025e-09
4.96887155099e-10	-5.41917843933e-10
5.14630048833e-10	-2.20456346511e-08
5.32372942567e-10	-7.34654079793e-08
5.50115836301e-10	-1.71155960516e-07
5.67858730035e-10	-3.22158598465e-07
5.85601623768e-10	-5.02887928633e-07
6.03344517502e-10	-6.30909028132e-07
6.21087411236e-10	-5.43576049949e-07
6.3883030497e-10	-9.48763911879e-09
6.56573198704e-10	1.20941729165e-06
6.74316092438e-10	3.23121844303e-06
6.92058986171e-10	5.88791499467e-06
7.09801879905e-10	8.60686850501e-06
7.27544773639e-10	1.04203918454e-05
7.45287667373e-10	1.01947325675e-05
7.63030561107e-10	7.04625335857e-06
7.80773454841e-10	8.14763552626e-07
7.98516348574e-10	-7.63003299653e-06
8.16259242308e-10	-1.64604462043e-05
8.34002136042e-10	-2.33915798162e-05
8.51745029776e-10	-2.64584377874e-05
8.6948792351e-10	-2.47500902333e-05
8.87230817244e-10	-1.87650057342e-05
9.04973710977e-10	-1.02187777884e-05
9.22716604711e-10	-1.39559449508e-06
9.40459498445e-10	5.65777918382e-06
9.58202392179e-10	9.74926570052e-06
9.75945285913e-10	1.0748934983e-05
9.93688179647e-10	9.37988716032e-06
1.01143107338e-09	6.76551371726e-06
1.02917396711e-09	3.96849873141e-06
1.04691686085e-09	1.69659665517e-06
1.06465975458e-09	2.29396803775e-07
1.08240264832e-09	-4.86636963615e-07
1.10014554205e-09	-6.74616671859e-07
1.11788843578e-09	-5.82109976222e-07
1.13563132952e-09	-3.97138080643e-07
1.15337422325e-09	-2.25388674835e-07
1.17111711698e-09	-1.05615043822e-07
1.18886001072e-09	-3.75857531765e-08
1.20660290445e-09	-6.1387792627e-09
1.22434579819e-09	4.68910599238e-09
1.24208869192e-09	6.19732931639e-09
1.25983158565e-09	4.76316408538e-09
1.27757447939e-09	3.73152753141e-09
1.29531737312e-09	3.739689447e-09
1.31306026686e-09	3.26348015278e-09
1.33080316059e-09	3.05385272625e-09
1.34854605432e-09	2.96749913531e-09
1.36628894806e-09	2.92828161719e-09
1.38403184179e-09	2.93548030328e-09
1.40177473552e-09	2.95601898515e-09
1.41951762926e-09	2.9865594442e-09
