% time-domain voltage integration by openEMS v0.0.36 @Thu Jan 22 06:34:39 2026
% start-coordinates: (0.0331322,0,0.000254) m -> [196,26,4]
% stop-coordinates: (0.0331322,0,0) m -> [196,26,0]
% t/s	voltage
0	0
1.77428937338e-11	0
3.54857874677e-11	0
5.32286812015e-11	0
7.09715749353e-11	0
8.87144686691e-11	0
1.06457362403e-10	0
1.24200256137e-10	0
1.41943149871e-10	0
1.59686043604e-10	0
1.77428937338e-10	0
1.95171831072e-10	0
2.12914724806e-10	-3.79344228077e-28
2.3065761854e-10	-5.2196368927e-21
2.48400512274e-10	-1.07193822067e-15
2.66143406007e-10	-2.48582513081e-12
2.83886299741e-10	-2.94618328215e-12
3.01629193475e-10	-1.75894095296e-11
3.19372087209e-10	1.05688240278e-11
3.37114980943e-10	2.26090951516e-11
3.54857874677e-10	1.20240314233e-10
3.7260076841e-10	3.13094918047e-10
3.90343662144e-10	6.76969244551e-10
4.08086555878e-10	9.36381625016e-10
4.25829449612e-10	-1.96884286652e-09
4.43572343346e-10	-4.01247159942e-08
4.6131523708e-10	-2.09781628513e-07
4.79058130813e-10	-2.21497156616e-07
4.96801024547e-10	-8.81777828532e-09
5.14543918281e-10	9.51725468212e-07
5.32286812015e-10	3.27272175582e-06
5.50029705749e-10	7.75148976118e-06
5.67772599483e-10	1.4792388356e-05
5.85515493216e-10	2.34333751905e-05
6.0325838695e-10	3.00175061057e-05
6.21001280684e-10	2.70687028205e-05
6.38744174418e-10	3.65768119082e-06
6.56487068152e-10	-5.17472499268e-05
6.74229961886e-10	-0.000145592715853
6.91972855619e-10	-0.000271175515081
7.09715749353e-10	-0.000402717523684
7.27458643087e-10	-0.000495063235576
7.45201536821e-10	-0.000493917024869
7.62944430555e-10	-0.000355085234332
7.80687324288e-10	-6.75019909977e-05
7.98430218022e-10	0.000331160983478
8.16173111756e-10	0.000756299239583
8.3391600549e-10	0.0010988455324
8.51658899224e-10	0.00126207619905
8.69401792958e-10	0.00119763365365
8.87144686691e-10	0.00092434270482
9.04887580425e-10	0.000520985762705
9.22630474159e-10	9.64286191447e-05
9.40373367893e-10	-0.000249138985964
9.58116261627e-10	-0.000455044413684
9.75859155361e-10	-0.0005117024848
9.93602049094e-10	-0.00045178484288
1.01134494283e-09	-0.000328844034811
1.02908783656e-09	-0.000194749973161
1.0468307303e-09	-8.47712308314e-05
1.06457362403e-09	-1.33672174343e-05
1.08231651776e-09	2.15561426558e-05
1.1000594115e-09	3.07299510496e-05
1.11780230523e-09	2.62917465079e-05
1.13554519897e-09	1.75009167833e-05
1.1532880927e-09	9.52073060034e-06
1.17103098643e-09	4.16186890106e-06
1.18877388017e-09	1.30345901539e-06
1.2065167739e-09	1.21516359641e-07
1.22425966763e-09	-1.9358890313e-07
1.24200256137e-09	-1.77784052369e-07
1.2597454551e-09	-9.91981607967e-08
1.27748834884e-09	-7.5020423651e-08
1.29523124257e-09	-1.16874945277e-07
1.3129741363e-09	-1.24777773891e-07
1.33071703004e-09	-1.36907079451e-07
1.34845992377e-09	-1.44060813057e-07
1.3662028175e-09	-1.46518953414e-07
1.38394571124e-09	-1.46517685096e-07
1.40168860497e-09	-1.46779850496e-07
1.41943149871e-09	-1.47721113564e-07
