% time-domain current integration by openEMS v0.0.36 @Thu Jan 22 06:34:39 2026
% start-coordinates: (0.0331322,-0.000374621,0.000127) m -> [196,22,2]
% stop-coordinates: (0.0331322,0.00026269,0.00033655) m -> [196,29,5]
% t/s	current
8.6130552106e-14	-0
1.78290242859e-11	-0
3.55719180198e-11	-0
5.33148117536e-11	-0
7.10577054874e-11	-0
8.88005992213e-11	-0
1.06543492955e-10	-0
1.24286386689e-10	-0
1.42029280423e-10	-0
1.59772174157e-10	-0
1.7751506789e-10	-0
1.95257961624e-10	-0
2.13000855358e-10	9.36507329027e-29
2.30743749092e-10	9.17224755615e-22
2.48486642826e-10	1.39422721614e-16
2.6622953656e-10	2.52102402539e-13
2.83972430293e-10	-9.12307610099e-14
3.01715324027e-10	1.32968462629e-12
3.19458217761e-10	-1.50715095786e-12
3.37201111495e-10	-3.68767212947e-12
3.54944005229e-10	-9.28399544742e-12
3.72686898963e-10	-2.08175369304e-11
3.90429792696e-10	-3.8071632652e-11
4.0817268643e-10	-5.18326805088e-11
4.25915580164e-10	-3.77071556487e-13
4.43658473898e-10	7.19715009811e-10
4.61401367632e-10	4.11223410879e-09
4.79144261365e-10	4.95774932219e-09
4.96887155099e-10	8.40884528674e-10
5.14630048833e-10	-1.79432628755e-08
5.32372942567e-10	-6.40387796125e-08
5.50115836301e-10	-1.54316396106e-07
5.67858730035e-10	-2.98113690178e-07
5.85601623768e-10	-4.77644050534e-07
6.03344517502e-10	-6.2087394781e-07
6.21087411236e-10	-5.77289483772e-07
6.3883030497e-10	-1.21672513842e-07
6.56573198704e-10	9.88414171843e-07
6.74316092438e-10	2.89803119813e-06
6.92058986171e-10	5.48934485778e-06
7.09801879905e-10	8.25025017548e-06
7.27544773639e-10	1.02606682049e-05
7.45287667373e-10	1.0389221643e-05
7.63030561107e-10	7.68591871747e-06
7.80773454841e-10	1.86427337212e-06
7.98516348574e-10	-6.35880360278e-06
8.16259242308e-10	-1.52709380927e-05
8.34002136042e-10	-2.26073134399e-05
8.51745029776e-10	-2.63079837168e-05
8.6948792351e-10	-2.52796562563e-05
8.87230817244e-10	-1.98191719392e-05
9.04973710977e-10	-1.15003304018e-05
9.22716604711e-10	-2.57634746959e-06
9.40459498445e-10	4.82625273435e-06
9.58202392179e-10	9.37018467084e-06
9.75945285913e-10	1.07789301182e-05
9.93688179647e-10	9.67924097495e-06
1.01143107338e-09	7.16853037375e-06
1.02917396711e-09	4.34176035924e-06
1.04691686085e-09	1.9671699647e-06
1.06465975458e-09	3.82576075708e-07
1.08240264832e-09	-4.2776289888e-07
1.10014554205e-09	-6.73280567298e-07
1.11788843578e-09	-6.05389004704e-07
1.13563132952e-09	-4.23711497888e-07
1.15337422325e-09	-2.45567150614e-07
1.17111711698e-09	-1.17574053604e-07
1.18886001072e-09	-4.31975344384e-08
1.20660290445e-09	-8.03727662202e-09
1.22434579819e-09	4.47072201482e-09
1.24208869192e-09	6.51830678322e-09
1.25983158565e-09	5.08926900622e-09
1.27757447939e-09	3.81904907698e-09
1.29531737312e-09	3.83631171275e-09
1.31306026686e-09	3.35077032787e-09
1.33080316059e-09	3.20597814962e-09
1.34854605432e-09	3.13561221432e-09
1.36628894806e-09	3.0872187029e-09
1.38403184179e-09	3.04499359061e-09
1.40177473552e-09	3.03234704013e-09
1.41951762926e-09	3.04709524279e-09
