% time-domain voltage integration by openEMS v0.0.36 @Thu Jan 22 06:34:39 2026
% start-coordinates: (-0.0335761,0,0.000254) m -> [37,26,4]
% stop-coordinates: (-0.0335761,0,0) m -> [37,26,0]
% t/s	voltage
0	0
1.77428937338e-11	-1.33699152112e-28
3.54857874677e-11	-1.50539703045e-13
5.32286812015e-11	-6.75862782407e-10
7.09715749353e-11	-9.27352310498e-08
8.87144686691e-11	-2.08458878603e-07
1.06457362403e-10	-2.56696829126e-07
1.24200256137e-10	1.56007768481e-07
1.41943149871e-10	1.39732310345e-06
1.59686043604e-10	4.28729481428e-06
1.77428937338e-10	9.63577849689e-06
1.95171831072e-10	1.7600702904e-05
2.12914724806e-10	2.65493808911e-05
2.3065761854e-10	3.16872028634e-05
2.48400512274e-10	2.42053647526e-05
2.66143406007e-10	-7.76666161073e-06
2.83886299741e-10	-7.53322419769e-05
3.01629193475e-10	-0.000181915322173
3.19372087209e-10	-0.000315325203701
3.37114980943e-10	-0.000442779019068
3.54857874677e-10	-0.000513811886776
3.7260076841e-10	-0.000473812484415
3.90343662144e-10	-0.000285981892375
4.08086555878e-10	4.64168069811e-05
4.25829449612e-10	0.000468877893582
4.43572343346e-10	0.000884289809619
4.6131523708e-10	0.00118181030848
4.79058130813e-10	0.00127583823632
4.96801024547e-10	0.00113843622967
5.14543918281e-10	0.000810226571048
5.32286812015e-10	0.000384625353036
5.50029705749e-10	-2.71853696177e-05
5.67772599483e-10	-0.00033451118361
5.85515493216e-10	-0.00049264869449
6.0325838695e-10	-0.000507410513819
6.21001280684e-10	-0.000420949341787
6.38744174418e-10	-0.000288677983917
6.56487068152e-10	-0.000158433009346
6.74229961886e-10	-5.89717355979e-05
6.91972855619e-10	1.08994063908e-06
7.09715749353e-10	2.73195769296e-05
7.27458643087e-10	3.14398257615e-05
7.45201536821e-10	2.49456784331e-05
7.62944430555e-10	1.58673547048e-05
7.80687324288e-10	8.29812643133e-06
7.98430218022e-10	3.42315286161e-06
8.16173111756e-10	9.00557054706e-07
8.3391600549e-10	-8.78720047837e-08
8.51658899224e-10	-2.84310253562e-07
8.69401792958e-10	-1.77585501859e-07
8.87144686691e-10	-3.15203978474e-08
9.04887580425e-10	-1.06232036501e-08
9.22630474159e-10	-3.26896909542e-08
9.40373367893e-10	-9.15232547527e-08
9.58116261627e-10	-1.50892862649e-07
9.75859155361e-10	-1.91854461207e-07
9.93602049094e-10	-2.05850419377e-07
1.01134494283e-09	-1.97052049344e-07
1.02908783656e-09	-1.75526547963e-07
1.0468307303e-09	-1.5201757364e-07
1.06457362403e-09	-1.32287709675e-07
1.08231651776e-09	-1.15073754969e-07
1.1000594115e-09	-9.80508829684e-08
1.11780230523e-09	-8.055218359e-08
1.13554519897e-09	-7.05115574817e-08
1.1532880927e-09	-8.41081355674e-08
1.17103098643e-09	-1.44851910022e-07
1.18877388017e-09	-2.77490173062e-07
1.2065167739e-09	-4.92121003504e-07
1.22425966763e-09	-7.67834322346e-07
1.24200256137e-09	-1.04547697788e-06
1.2597454551e-09	-1.2230344737e-06
1.27748834884e-09	-1.1866309535e-06
1.29523124257e-09	-8.48233284501e-07
1.3129741363e-09	-1.95365188915e-07
1.33071703004e-09	6.78436421708e-07
1.34845992377e-09	1.58556545671e-06
1.3662028175e-09	2.29014682418e-06
1.38394571124e-09	2.59219717691e-06
1.40168860497e-09	2.40356263248e-06
1.41943149871e-09	1.77637420506e-06
