% time-domain voltage integration by openEMS v0.0.36 @Thu Jan 22 06:34:39 2026
% start-coordinates: (0.0326883,0,0.000254) m -> [195,26,4]
% stop-coordinates: (0.0326883,0,0) m -> [195,26,0]
% t/s	voltage
0	0
1.77428937338e-11	0
3.54857874677e-11	0
5.32286812015e-11	0
7.09715749353e-11	0
8.87144686691e-11	0
1.06457362403e-10	0
1.24200256137e-10	0
1.41943149871e-10	0
1.59686043604e-10	0
1.77428937338e-10	0
1.95171831072e-10	0
2.12914724806e-10	-1.59106226976e-27
2.3065761854e-10	-1.63885481979e-20
2.48400512274e-10	-2.44499765994e-15
2.66143406007e-10	-3.82047074098e-12
2.83886299741e-10	4.14613742644e-12
3.01629193475e-10	-3.24369854978e-12
3.19372087209e-10	1.53806049927e-11
3.37114980943e-10	1.36298459498e-11
3.54857874677e-10	1.46839856247e-10
3.7260076841e-10	3.33513522355e-10
3.90343662144e-10	7.03375954703e-10
4.08086555878e-10	8.87263040816e-10
4.25829449612e-10	-3.53588747171e-09
4.43572343346e-10	-5.45543548114e-08
4.6131523708e-10	-2.3696502538e-07
4.79058130813e-10	-1.93752367039e-07
4.96801024547e-10	6.93706248001e-08
5.14543918281e-10	1.16142965112e-06
5.32286812015e-10	3.74193729158e-06
5.50029705749e-10	8.58181238073e-06
5.67772599483e-10	1.59665523825e-05
5.85515493216e-10	2.46360123128e-05
6.0325838695e-10	3.04135910483e-05
6.21001280684e-10	2.52717345575e-05
6.38744174418e-10	-1.99206709794e-06
6.56487068152e-10	-6.26908895356e-05
6.74229961886e-10	-0.000161838575877
6.91972855619e-10	-0.000290345378744
7.09715749353e-10	-0.000419452560891
7.27458643087e-10	-0.000501888993313
7.45201536821e-10	-0.000483356066979
7.62944430555e-10	-0.000323085791024
7.80687324288e-10	-1.6219563804e-05
7.98430218022e-10	0.000392315465433
8.16173111756e-10	0.000812557831523
8.3391600549e-10	0.00113480674918
8.51658899224e-10	0.00126724917209
8.69401792958e-10	0.00117042055354
8.87144686691e-10	0.000872698117746
9.04887580425e-10	0.000459378577943
9.22630474159e-10	4.04831243941e-05
9.40373367893e-10	-0.000287873263005
9.58116261627e-10	-0.00047205635201
9.75859155361e-10	-0.000509404111654
9.93602049094e-10	-0.000437000475358
1.01134494283e-09	-0.000309449984343
1.02908783656e-09	-0.000176974488568
1.0468307303e-09	-7.19489526091e-05
1.06457362403e-09	-6.11107248005e-06
1.08231651776e-09	2.43653771577e-05
1.1000594115e-09	3.08187504743e-05
1.11780230523e-09	2.51942005889e-05
1.13554519897e-09	1.62143346643e-05
1.1532880927e-09	8.50883748171e-06
1.17103098643e-09	3.52667245807e-06
1.18877388017e-09	9.73961704176e-07
1.2065167739e-09	-1.65734581614e-08
1.22425966763e-09	-2.34573032998e-07
1.24200256137e-09	-1.78942922702e-07
1.2597454551e-09	-9.02335628439e-08
1.27748834884e-09	-7.31215106242e-08
1.29523124257e-09	-1.10780948859e-07
1.3129741363e-09	-1.20747031929e-07
1.33071703004e-09	-1.29534690529e-07
1.34845992377e-09	-1.35569869997e-07
1.3662028175e-09	-1.37728289218e-07
1.38394571124e-09	-1.38698599272e-07
1.40168860497e-09	-1.39554042988e-07
1.41943149871e-09	-1.39110326813e-07
