0	-0.000112442
1.42121e-12	-0.000117142
2.84242e-12	-0.00012191
4.26364e-12	-0.000126737
5.68485e-12	-0.000131611
7.10606e-12	-0.000136518
8.52727e-12	-0.000141444
9.94848e-12	-0.000146373
1.13697e-11	-0.000151288
1.27909e-11	-0.000156168
1.42121e-11	-0.000160993
1.56333e-11	-0.00016574
1.70545e-11	-0.000170383
1.84758e-11	-0.000174896
1.9897e-11	-0.000179247
2.13182e-11	-0.000183407
2.27394e-11	-0.000187339
2.41606e-11	-0.000191008
2.55818e-11	-0.000194373
2.7003e-11	-0.000197392
2.84242e-11	-0.00020002
2.98455e-11	-0.000202207
3.12667e-11	-0.000203903
3.26879e-11	-0.000205052
3.41091e-11	-0.000205595
3.55303e-11	-0.000205471
3.69515e-11	-0.000204613
3.83727e-11	-0.000202952
3.97939e-11	-0.000200414
4.12152e-11	-0.000196922
4.26364e-11	-0.000192393
4.40576e-11	-0.000186743
4.54788e-11	-0.000179879
4.69e-11	-0.000171707
4.83212e-11	-0.000162127
4.97424e-11	-0.000151035
5.11636e-11	-0.000138321
5.25848e-11	-0.000123871
5.40061e-11	-0.000107566
5.54273e-11	-8.92823e-05
5.68485e-11	-6.88898e-05
5.82697e-11	-4.62542e-05
5.96909e-11	-2.12358e-05
6.11121e-11	6.31026e-06
6.25333e-11	3.65341e-05
6.39545e-11	6.95911e-05
6.53758e-11	0.000105642
6.6797e-11	0.000144852
6.82182e-11	0.000187393
6.96394e-11	0.00023344
7.10606e-11	0.000283174
7.24818e-11	0.000336782
7.3903e-11	0.000394452
7.53242e-11	0.000456382
7.67455e-11	0.00052277
7.81667e-11	0.000593819
7.95879e-11	0.000669738
8.10091e-11	0.000750737
8.24303e-11	0.000837032
8.38515e-11	0.000928839
8.52727e-11	0.00102638
8.66939e-11	0.00112988
8.81152e-11	0.00123956
8.95364e-11	0.00135564
9.09576e-11	0.00147836
9.23788e-11	0.00160794
9.38e-11	0.00174461
9.52212e-11	0.0018886
9.66424e-11	0.00204013
9.80636e-11	0.00219942
9.94848e-11	0.00236669
1.00906e-10	0.00254217
1.02327e-10	0.00272606
1.03748e-10	0.00291856
1.0517e-10	0.00311989
1.06591e-10	0.00333023
1.08012e-10	0.00354977
1.09433e-10	0.00377869
1.10855e-10	0.00401714
1.12276e-10	0.00426528
1.13697e-10	0.00452326
1.15118e-10	0.0047912
1.16539e-10	0.00506921
1.17961e-10	0.00535739
1.19382e-10	0.00565581
1.20803e-10	0.00596453
1.22224e-10	0.00628359
1.23645e-10	0.006613
1.25067e-10	0.00695276
1.26488e-10	0.00730282
1.27909e-10	0.00766312
1.2933e-10	0.00803357
1.30752e-10	0.00841405
1.32173e-10	0.0088044
1.33594e-10	0.00920444
1.35015e-10	0.00961393
1.36436e-10	0.0100326
1.37858e-10	0.0104602
1.39279e-10	0.0108963
1.407e-10	0.0113406
1.42121e-10	0.0117927
1.43542e-10	0.012252
1.44964e-10	0.012718
1.46385e-10	0.0131901
1.47806e-10	0.0136678
1.49227e-10	0.0141503
1.50648e-10	0.0146369
1.5207e-10	0.0151268
1.53491e-10	0.0156191
1.54912e-10	0.0161129
1.56333e-10	0.0166073
1.57755e-10	0.0171011
1.59176e-10	0.0175933
1.60597e-10	0.0180827
1.62018e-10	0.0185681
1.63439e-10	0.0190481
1.64861e-10	0.0195213
1.66282e-10	0.0199863
1.67703e-10	0.0204416
1.69124e-10	0.0208855
1.70545e-10	0.0213163
1.71967e-10	0.0217324
1.73388e-10	0.0221318
1.74809e-10	0.0225127
1.7623e-10	0.022873
1.77652e-10	0.0232108
1.79073e-10	0.0235238
1.80494e-10	0.02381
1.81915e-10	0.0240669
1.83336e-10	0.0242922
1.84758e-10	0.0244836
1.86179e-10	0.0246384
1.876e-10	0.0247542
1.89021e-10	0.0248283
1.90442e-10	0.024858
1.91864e-10	0.0248405
1.93285e-10	0.024773
1.94706e-10	0.0246527
1.96127e-10	0.0244765
1.97548e-10	0.0242414
1.9897e-10	0.0239445
2.00391e-10	0.0235827
2.01812e-10	0.0231528
2.03233e-10	0.0226517
2.04655e-10	0.0220762
2.06076e-10	0.021423
2.07497e-10	0.0206889
2.08918e-10	0.0198707
2.10339e-10	0.0189652
2.11761e-10	0.017969
2.13182e-10	0.0168788
2.14603e-10	0.0156915
2.16024e-10	0.0144039
2.17445e-10	0.0130126
2.18867e-10	0.0115146
2.20288e-10	0.00990669
2.21709e-10	0.0081858
2.2313e-10	0.00634893
2.24552e-10	0.0043931
2.25973e-10	0.00231545
2.27394e-10	0.000113163
2.28815e-10	-0.00221645
2.30236e-10	-0.00467598
2.31658e-10	-0.00726792
2.33079e-10	-0.00999463
2.345e-10	-0.0128583
2.35921e-10	-0.0158611
2.37342e-10	-0.0190049
2.38764e-10	-0.0222915
2.40185e-10	-0.0257224
2.41606e-10	-0.029299
2.43027e-10	-0.0330227
2.44448e-10	-0.0368943
2.4587e-10	-0.0409146
2.47291e-10	-0.0450843
2.48712e-10	-0.0494035
2.50133e-10	-0.0538725
2.51555e-10	-0.0584909
2.52976e-10	-0.0632583
2.54397e-10	-0.0681741
2.55818e-10	-0.0732371
2.57239e-10	-0.078446
2.58661e-10	-0.0837992
2.60082e-10	-0.0892947
2.61503e-10	-0.0949303
2.62924e-10	-0.100703
2.64345e-10	-0.106611
2.65767e-10	-0.11265
2.67188e-10	-0.118816
2.68609e-10	-0.125106
2.7003e-10	-0.131515
2.71452e-10	-0.138038
2.72873e-10	-0.144671
2.74294e-10	-0.151408
2.75715e-10	-0.158242
2.77136e-10	-0.165168
2.78558e-10	-0.172179
2.79979e-10	-0.179268
2.814e-10	-0.186428
2.82821e-10	-0.19365
2.84242e-10	-0.200927
2.85664e-10	-0.208249
2.87085e-10	-0.215609
2.88506e-10	-0.222996
2.89927e-10	-0.2304
2.91348e-10	-0.237813
2.9277e-10	-0.245223
2.94191e-10	-0.252619
2.95612e-10	-0.259991
2.97033e-10	-0.267326
2.98455e-10	-0.274614
2.99876e-10	-0.281841
3.01297e-10	-0.288996
3.02718e-10	-0.296066
3.04139e-10	-0.303038
3.05561e-10	-0.309898
3.06982e-10	-0.316634
3.08403e-10	-0.323231
3.09824e-10	-0.329676
3.11245e-10	-0.335954
3.12667e-10	-0.342052
3.14088e-10	-0.347955
3.15509e-10	-0.353648
3.1693e-10	-0.359117
3.18352e-10	-0.364348
3.19773e-10	-0.369325
3.21194e-10	-0.374034
3.22615e-10	-0.37846
3.24036e-10	-0.382588
3.25458e-10	-0.386405
3.26879e-10	-0.389895
3.283e-10	-0.393044
3.29721e-10	-0.395837
3.31142e-10	-0.398261
3.32564e-10	-0.400302
3.33985e-10	-0.401946
3.35406e-10	-0.403179
3.36827e-10	-0.403989
3.38248e-10	-0.404363
3.3967e-10	-0.404289
3.41091e-10	-0.403753
3.42512e-10	-0.402746
3.43933e-10	-0.401255
3.45355e-10	-0.39927
3.46776e-10	-0.396781
3.48197e-10	-0.393778
3.49618e-10	-0.390252
3.51039e-10	-0.386195
3.52461e-10	-0.381599
3.53882e-10	-0.376456
3.55303e-10	-0.370761
3.56724e-10	-0.364507
3.58145e-10	-0.357689
3.59567e-10	-0.350303
3.60988e-10	-0.342346
3.62409e-10	-0.333815
3.6383e-10	-0.324707
3.65252e-10	-0.315023
3.66673e-10	-0.304761
3.68094e-10	-0.293922
3.69515e-10	-0.282508
3.70936e-10	-0.270522
3.72358e-10	-0.257966
3.73779e-10	-0.244846
3.752e-10	-0.231165
3.76621e-10	-0.216931
3.78042e-10	-0.202151
3.79464e-10	-0.186833
3.80885e-10	-0.170985
3.82306e-10	-0.154619
3.83727e-10	-0.137744
3.85148e-10	-0.120373
3.8657e-10	-0.102518
3.87991e-10	-0.0841944
3.89412e-10	-0.0654155
3.90833e-10	-0.0461975
3.92255e-10	-0.0265568
3.93676e-10	-0.00651092
3.95097e-10	0.0139218
3.96518e-10	0.0347222
3.97939e-10	0.0558704
3.99361e-10	0.0773454
4.00782e-10	0.0991258
4.02203e-10	0.121189
4.03624e-10	0.143512
4.05045e-10	0.166072
4.06467e-10	0.188843
4.07888e-10	0.211801
4.09309e-10	0.23492
4.1073e-10	0.258174
4.12152e-10	0.281536
4.13573e-10	0.304979
4.14994e-10	0.328476
4.16415e-10	0.351998
4.17836e-10	0.375516
4.19258e-10	0.399004
4.20679e-10	0.42243
4.221e-10	0.445767
4.23521e-10	0.468986
4.24942e-10	0.492055
4.26364e-10	0.514948
4.27785e-10	0.537632
4.29206e-10	0.560081
4.30627e-10	0.582263
4.32048e-10	0.60415
4.3347e-10	0.625713
4.34891e-10	0.646924
4.36312e-10	0.667753
4.37733e-10	0.688172
4.39155e-10	0.708155
4.40576e-10	0.727673
4.41997e-10	0.7467
4.43418e-10	0.765209
4.44839e-10	0.783176
4.46261e-10	0.800575
4.47682e-10	0.817382
4.49103e-10	0.833573
4.50524e-10	0.849125
4.51945e-10	0.864018
4.53367e-10	0.878228
4.54788e-10	0.891737
4.56209e-10	0.904525
4.5763e-10	0.916574
4.59052e-10	0.927866
4.60473e-10	0.938385
4.61894e-10	0.948117
4.63315e-10	0.957047
4.64736e-10	0.965163
4.66158e-10	0.972451
4.67579e-10	0.978903
4.69e-10	0.984509
4.70421e-10	0.98926
4.71842e-10	0.993149
4.73264e-10	0.996172
4.74685e-10	0.998323
4.76106e-10	0.999599
4.77527e-10	0.999999
4.78948e-10	0.999522
4.8037e-10	0.998169
4.81791e-10	0.995941
4.83212e-10	0.992842
4.84633e-10	0.988877
4.86055e-10	0.98405
4.87476e-10	0.97837
4.88897e-10	0.971844
4.90318e-10	0.964482
4.91739e-10	0.956295
4.93161e-10	0.947294
4.94582e-10	0.937492
4.96003e-10	0.926904
4.97424e-10	0.915545
4.98845e-10	0.903431
5.00267e-10	0.890579
5.01688e-10	0.877007
5.03109e-10	0.862736
5.0453e-10	0.847785
5.05952e-10	0.832175
5.07373e-10	0.815929
5.08794e-10	0.79907
5.10215e-10	0.78162
5.11636e-10	0.763604
5.13058e-10	0.745048
5.14479e-10	0.725977
5.159e-10	0.706417
5.17321e-10	0.686395
5.18742e-10	0.665938
5.20164e-10	0.645075
5.21585e-10	0.623832
5.23006e-10	0.60224
5.24427e-10	0.580325
5.25848e-10	0.558118
5.2727e-10	0.535648
5.28691e-10	0.512944
5.30112e-10	0.490035
5.31533e-10	0.466951
5.32955e-10	0.443721
5.34376e-10	0.420375
5.35797e-10	0.396942
5.37218e-10	0.373451
5.38639e-10	0.34993
5.40061e-10	0.32641
5.41482e-10	0.302917
5.42903e-10	0.27948
5.44324e-10	0.256126
5.45745e-10	0.232883
5.47167e-10	0.209777
5.48588e-10	0.186834
5.50009e-10	0.164081
5.5143e-10	0.141541
5.52852e-10	0.11924
5.54273e-10	0.0972003
5.55694e-10	0.0754458
5.57115e-10	0.0539987
5.58536e-10	0.0328802
5.59958e-10	0.0121113
5.61379e-10	-0.00828815
5.628e-10	-0.0282991
5.64221e-10	-0.0479034
5.65642e-10	-0.0670835
5.67064e-10	-0.085823
5.68485e-10	-0.104106
5.69906e-10	-0.121919
5.71327e-10	-0.139247
5.72748e-10	-0.156078
5.7417e-10	-0.172399
5.75591e-10	-0.1882
5.77012e-10	-0.203472
5.78433e-10	-0.218204
5.79855e-10	-0.23239
5.81276e-10	-0.246021
5.82697e-10	-0.259092
5.84118e-10	-0.271598
5.85539e-10	-0.283534
5.86961e-10	-0.294898
5.88382e-10	-0.305686
5.89803e-10	-0.315897
5.91224e-10	-0.325531
5.92645e-10	-0.334587
5.94067e-10	-0.343068
5.95488e-10	-0.350975
5.96909e-10	-0.358311
5.9833e-10	-0.365079
5.99752e-10	-0.371283
6.01173e-10	-0.37693
6.02594e-10	-0.382024
6.04015e-10	-0.386573
6.05436e-10	-0.390583
6.06858e-10	-0.394063
6.08279e-10	-0.39702
6.097e-10	-0.399464
6.11121e-10	-0.401406
6.12542e-10	-0.402854
6.13964e-10	-0.403819
6.15385e-10	-0.404313
6.16806e-10	-0.404348
6.18227e-10	-0.403936
6.19648e-10	-0.403088
6.2107e-10	-0.401818
6.22491e-10	-0.400138
6.23912e-10	-0.398063
6.25333e-10	-0.395606
6.26755e-10	-0.392781
6.28176e-10	-0.389601
6.29597e-10	-0.386082
6.31018e-10	-0.382238
6.32439e-10	-0.378082
6.33861e-10	-0.373631
6.35282e-10	-0.368898
6.36703e-10	-0.363898
6.38124e-10	-0.358646
6.39545e-10	-0.353156
6.40967e-10	-0.347444
6.42388e-10	-0.341524
6.43809e-10	-0.33541
6.4523e-10	-0.329116
6.46652e-10	-0.322657
6.48073e-10	-0.316048
6.49494e-10	-0.3093
6.50915e-10	-0.30243
6.52336e-10	-0.295449
6.53758e-10	-0.288371
6.55179e-10	-0.281209
6.566e-10	-0.273976
6.58021e-10	-0.266683
6.59442e-10	-0.259344
6.60864e-10	-0.25197
6.62285e-10	-0.244572
6.63706e-10	-0.237162
6.65127e-10	-0.229749
6.66548e-10	-0.222346
6.6797e-10	-0.214961
6.69391e-10	-0.207604
6.70812e-10	-0.200285
6.72233e-10	-0.193013
6.73655e-10	-0.185796
6.75076e-10	-0.178642
6.76497e-10	-0.17156
6.77918e-10	-0.164556
6.79339e-10	-0.157638
6.80761e-10	-0.150812
6.82182e-10	-0.144084
6.83603e-10	-0.137461
6.85024e-10	-0.130947
6.86445e-10	-0.124548
6.87867e-10	-0.118269
6.89288e-10	-0.112114
6.90709e-10	-0.106086
6.9213e-10	-0.100191
6.93552e-10	-0.0944295
6.94973e-10	-0.0888061
6.96394e-10	-0.083323
6.97815e-10	-0.0779824
6.99236e-10	-0.0727863
7.00658e-10	-0.0677362
7.02079e-10	-0.0628335
7.035e-10	-0.0580791
7.04921e-10	-0.0534738
7.06342e-10	-0.049018
7.07764e-10	-0.0447119
7.09185e-10	-0.0405554
7.10606e-10	-0.0365481
7.12027e-10	-0.0326896
7.13448e-10	-0.0289789
7.1487e-10	-0.0254151
7.16291e-10	-0.0219969
7.17712e-10	-0.018723
7.19133e-10	-0.0155916
7.20555e-10	-0.0126012
7.21976e-10	-0.00974957
7.23397e-10	-0.0070348
7.24818e-10	-0.00445459
7.26239e-10	-0.00200657
7.27661e-10	0.000311744
7.29082e-10	0.00250297
7.30503e-10	0.0045698
7.31924e-10	0.00651506
7.33345e-10	0.00834163
7.34767e-10	0.0100525
7.36188e-10	0.0116506
7.37609e-10	0.0131391
7.3903e-10	0.0145211
7.40452e-10	0.0157998
7.41873e-10	0.0169785
7.43294e-10	0.0180602
7.44715e-10	0.0190483
7.46136e-10	0.0199461
7.47558e-10	0.0207567
7.48979e-10	0.0214836
7.504e-10	0.0221298
7.51821e-10	0.0226987
7.53242e-10	0.0231934
7.54664e-10	0.0236172
7.56085e-10	0.0239732
7.57506e-10	0.0242645
7.58927e-10	0.0244942
7.60348e-10	0.0246654
7.6177e-10	0.024781
7.63191e-10	0.024844
7.64612e-10	0.0248573
7.66033e-10	0.0248236
7.67455e-10	0.0247457
7.68876e-10	0.0246264
7.70297e-10	0.0244682
7.71718e-10	0.0242738
7.73139e-10	0.0240455
7.74561e-10	0.023786
7.75982e-10	0.0234974
7.77403e-10	0.0231821
7.78824e-10	0.0228422
7.80245e-10	0.02248
7.81667e-10	0.0220974
7.83088e-10	0.0216964
7.84509e-10	0.021279
7.8593e-10	0.020847
7.87352e-10	0.020402
7.88773e-10	0.0199458
7.90194e-10	0.01948
7.91615e-10	0.0190062
7.93036e-10	0.0185256
7.94458e-10	0.0180399
7.95879e-10	0.0175502
7.973e-10	0.0170578
7.98721e-10	0.0165638
8.00142e-10	0.0160695
8.01564e-10	0.0155757
8.02985e-10	0.0150836
8.04406e-10	0.014594
8.05827e-10	0.0141077
8.07248e-10	0.0136256
8.0867e-10	0.0131484
8.10091e-10	0.0126768
8.11512e-10	0.0122113
8.12933e-10	0.0117527
8.14355e-10	0.0113013
8.15776e-10	0.0108577
8.17197e-10	0.0104223
8.18618e-10	0.00999547
8.20039e-10	0.00957758
8.21461e-10	0.0091689
8.22882e-10	0.00876971
8.24303e-10	0.00838022
8.25724e-10	0.00800061
8.27145e-10	0.00763105
8.28567e-10	0.00727164
8.29988e-10	0.00692249
8.31409e-10	0.00658364
8.3283e-10	0.00625514
8.34252e-10	0.00593699
8.35673e-10	0.00562917
8.37094e-10	0.00533166
8.38515e-10	0.00504437
8.39936e-10	0.00476725
8.41358e-10	0.00450019
8.42779e-10	0.00424308
8.442e-10	0.0039958
8.45621e-10	0.00375819
8.47042e-10	0.00353011
8.48464e-10	0.00331138
8.49885e-10	0.00310184
8.51306e-10	0.0029013
8.52727e-10	0.00270956
8.54148e-10	0.00252641
8.5557e-10	0.00235167
8.56991e-10	0.0021851
8.58412e-10	0.0020265
8.59833e-10	0.00187565
8.61255e-10	0.00173231
8.62676e-10	0.00159628
8.64097e-10	0.00146731
8.65518e-10	0.00134518
8.66939e-10	0.00122966
8.68361e-10	0.00112054
8.69782e-10	0.00101757
8.71203e-10	0.000920545
8.72624e-10	0.000829231
8.74045e-10	0.00074341
8.75467e-10	0.000662866
8.76888e-10	0.000587384
8.78309e-10	0.000516752
8.7973e-10	0.000450764
8.81152e-10	0.000389217
8.82573e-10	0.000331911
8.83994e-10	0.000278651
8.85415e-10	0.000229249
8.86836e-10	0.000183517
8.88258e-10	0.000141276
8.89679e-10	0.00010235
8.911e-10	6.65687e-05
8.92521e-10	3.3767e-05
8.93942e-10	3.78466e-06
8.95364e-10	-2.35333e-05
8.96785e-10	-4.83366e-05
8.98206e-10	-7.07696e-05
8.99627e-10	-9.09715e-05
9.01048e-10	-0.000109076
9.0247e-10	-0.000125213
9.03891e-10	-0.000139506
9.05312e-10	-0.000152073
9.06733e-10	-0.000163028
9.08155e-10	-0.00017248
9.09576e-10	-0.000180533
9.10997e-10	-0.000187286
9.12418e-10	-0.000192835
9.13839e-10	-0.000197269
9.15261e-10	-0.000200674
9.16682e-10	-0.000203132
9.18103e-10	-0.000204719
9.19524e-10	-0.00020551
9.20945e-10	-0.000205573
9.22367e-10	-0.000204974
9.23788e-10	-0.000203775
9.25209e-10	-0.000202034
9.2663e-10	-0.000199806
9.28052e-10	-0.000197142
9.29473e-10	-0.000194091
9.30894e-10	-0.000190697
9.32315e-10	-0.000187004
9.33736e-10	-0.00018305
9.35158e-10	-0.000178872
9.36579e-10	-0.000174505
9.38e-10	-0.00016998
9.39421e-10	-0.000165327
9.40842e-10	-0.000160572
9.42264e-10	-0.000155741
9.43685e-10	-0.000150857
9.45106e-10	-0.00014594
9.46527e-10	-0.000141011
9.47948e-10	-0.000136086
9.4937e-10	-0.000131181
9.50791e-10	-0.000126311
9.52212e-10	-0.000121489
9.53633e-10	-0.000116726
