7.10606e-13	-0.000114783
2.13182e-12	-0.000119518
3.55303e-12	-0.000124317
4.97424e-12	-0.000129169
6.39545e-12	-0.000134061
7.81667e-12	-0.000138979
9.23788e-12	-0.000143909
1.06591e-11	-0.000148833
1.20803e-11	-0.000153733
1.35015e-11	-0.000158589
1.49227e-11	-0.000163378
1.63439e-11	-0.000168076
1.77652e-11	-0.000172658
1.91864e-11	-0.000177094
2.06076e-11	-0.000181353
2.20288e-11	-0.000185404
2.345e-11	-0.000189209
2.48712e-11	-0.000192731
2.62924e-11	-0.000195929
2.77136e-11	-0.000198758
2.91348e-11	-0.000201172
3.05561e-11	-0.00020312
3.19773e-11	-0.000204549
3.33985e-11	-0.000205403
3.48197e-11	-0.00020562
3.62409e-11	-0.000205138
3.76621e-11	-0.000203887
3.90833e-11	-0.000201797
4.05045e-11	-0.000198792
4.19258e-11	-0.000194792
4.3347e-11	-0.000189714
4.47682e-11	-0.000183468
4.61894e-11	-0.000175962
4.76106e-11	-0.000167099
4.90318e-11	-0.000156776
5.0453e-11	-0.000144887
5.18742e-11	-0.00013132
5.32955e-11	-0.000115958
5.47167e-11	-9.86797e-05
5.61379e-11	-7.93579e-05
5.75591e-11	-5.7861e-05
5.89803e-11	-3.40517e-05
6.04015e-11	-7.78798e-06
6.18227e-11	2.10779e-05
6.32439e-11	5.26985e-05
6.46652e-11	8.7232e-05
6.60864e-11	0.000124842
6.75076e-11	0.000165695
6.89288e-11	0.000209967
7.035e-11	0.000257835
7.17712e-11	0.000309482
7.31924e-11	0.000365097
7.46136e-11	0.000424873
7.60348e-11	0.000489006
7.74561e-11	0.000557699
7.88773e-11	0.000631157
8.02985e-11	0.000709589
8.17197e-11	0.000793209
8.31409e-11	0.000882233
8.45621e-11	0.000976879
8.59833e-11	0.00107737
8.74045e-11	0.00118393
8.88258e-11	0.00129678
9.0247e-11	0.00141616
9.16682e-11	0.00154228
9.30894e-11	0.00167538
9.45106e-11	0.00181568
9.59318e-11	0.00196341
9.7353e-11	0.00211879
9.87742e-11	0.00228204
1.00195e-10	0.00245339
1.01617e-10	0.00263305
1.03038e-10	0.00282122
1.04459e-10	0.00301811
1.0588e-10	0.00322392
1.07302e-10	0.00343884
1.08723e-10	0.00366305
1.10144e-10	0.00389671
1.11565e-10	0.00413999
1.12986e-10	0.00439303
1.14408e-10	0.00465598
1.15829e-10	0.00492894
1.1725e-10	0.00521202
1.18671e-10	0.00550531
1.20092e-10	0.00580888
1.21514e-10	0.00612277
1.22935e-10	0.00644701
1.24356e-10	0.00678159
1.25777e-10	0.0071265
1.27198e-10	0.00748169
1.2862e-10	0.00784708
1.30041e-10	0.00822256
1.31462e-10	0.008608
1.32883e-10	0.00900322
1.34305e-10	0.00940802
1.35726e-10	0.00982215
1.37147e-10	0.0102453
1.38568e-10	0.0106772
1.39989e-10	0.0111175
1.41411e-10	0.0115657
1.42832e-10	0.0120214
1.44253e-10	0.0124842
1.45674e-10	0.0129533
1.47095e-10	0.0134283
1.48517e-10	0.0139085
1.49938e-10	0.0143931
1.51359e-10	0.0148815
1.5278e-10	0.0153727
1.54202e-10	0.0158659
1.55623e-10	0.0163601
1.57044e-10	0.0168543
1.58465e-10	0.0173475
1.59886e-10	0.0178385
1.61308e-10	0.018326
1.62729e-10	0.0188088
1.6415e-10	0.0192856
1.65571e-10	0.0197549
1.66992e-10	0.0202153
1.68414e-10	0.020665
1.69835e-10	0.0211026
1.71256e-10	0.0215263
1.72677e-10	0.0219343
1.74098e-10	0.0223247
1.7552e-10	0.0226955
1.76941e-10	0.0230449
1.78362e-10	0.0233705
1.79783e-10	0.0236704
1.81205e-10	0.0239422
1.82626e-10	0.0241837
1.84047e-10	0.0243923
1.85468e-10	0.0245657
1.86889e-10	0.0247014
1.88311e-10	0.0247967
1.89732e-10	0.0248489
1.91153e-10	0.0248553
1.92574e-10	0.0248132
1.93995e-10	0.0247196
1.95417e-10	0.0245717
1.96838e-10	0.0243665
1.98259e-10	0.0241009
1.9968e-10	0.0237719
2.01102e-10	0.0233765
2.02523e-10	0.0229114
2.03944e-10	0.0223734
2.05365e-10	0.0217595
2.06786e-10	0.0210663
2.08208e-10	0.0202905
2.09629e-10	0.0194291
2.1105e-10	0.0184786
2.12471e-10	0.0174358
2.13892e-10	0.0162975
2.15314e-10	0.0150605
2.16735e-10	0.0137214
2.18156e-10	0.0122771
2.19577e-10	0.0107246
2.20998e-10	0.00906056
2.2242e-10	0.00728205
2.23841e-10	0.00538607
2.25262e-10	0.00336968
2.26683e-10	0.00123005
2.28105e-10	-0.00103556
2.29526e-10	-0.00342981
2.30947e-10	-0.00595525
2.32368e-10	-0.00861429
2.33789e-10	-0.0114092
2.35211e-10	-0.0143422
2.36632e-10	-0.0174153
2.38053e-10	-0.0206302
2.39474e-10	-0.0239888
2.40895e-10	-0.0274924
2.42317e-10	-0.0311424
2.43738e-10	-0.0349399
2.45159e-10	-0.0388858
2.4658e-10	-0.0429808
2.48002e-10	-0.0472252
2.49423e-10	-0.0516193
2.50844e-10	-0.056163
2.52265e-10	-0.060856
2.53686e-10	-0.0656977
2.55108e-10	-0.0706872
2.56529e-10	-0.0758234
2.5795e-10	-0.0811046
2.59371e-10	-0.0865293
2.60792e-10	-0.0920951
2.62214e-10	-0.0977998
2.63635e-10	-0.10364
2.65056e-10	-0.109614
2.66477e-10	-0.115717
2.67898e-10	-0.121946
2.6932e-10	-0.128296
2.70741e-10	-0.134763
2.72162e-10	-0.141341
2.73583e-10	-0.148027
2.75005e-10	-0.154813
2.76426e-10	-0.161694
2.77847e-10	-0.168664
2.79268e-10	-0.175715
2.80689e-10	-0.18284
2.82111e-10	-0.190032
2.83532e-10	-0.197282
2.84953e-10	-0.204583
2.86374e-10	-0.211925
2.87795e-10	-0.219299
2.89217e-10	-0.226696
2.90638e-10	-0.234106
2.92059e-10	-0.241519
2.9348e-10	-0.248923
2.94902e-10	-0.256309
2.96323e-10	-0.263664
2.97744e-10	-0.270977
2.99165e-10	-0.278236
3.00586e-10	-0.285429
3.02008e-10	-0.292543
3.03429e-10	-0.299565
3.0485e-10	-0.306483
3.06271e-10	-0.313283
3.07692e-10	-0.319951
3.09114e-10	-0.326474
3.10535e-10	-0.332837
3.11956e-10	-0.339027
3.13377e-10	-0.345029
3.14798e-10	-0.350828
3.1622e-10	-0.356411
3.17641e-10	-0.361763
3.19062e-10	-0.366869
3.20483e-10	-0.371714
3.21905e-10	-0.376283
3.23326e-10	-0.380562
3.24747e-10	-0.384536
3.26168e-10	-0.388191
3.27589e-10	-0.391513
3.29011e-10	-0.394486
3.30432e-10	-0.397096
3.31853e-10	-0.39933
3.33274e-10	-0.401174
3.34695e-10	-0.402615
3.36117e-10	-0.403638
3.37538e-10	-0.404232
3.38959e-10	-0.404383
3.4038e-10	-0.404079
3.41802e-10	-0.403309
3.43223e-10	-0.402061
3.44644e-10	-0.400325
3.46065e-10	-0.398089
3.47486e-10	-0.395344
3.48908e-10	-0.392081
3.50329e-10	-0.38829
3.5175e-10	-0.383965
3.53171e-10	-0.379096
3.54592e-10	-0.373678
3.56014e-10	-0.367704
3.57435e-10	-0.361168
3.58856e-10	-0.354067
3.60277e-10	-0.346396
3.61698e-10	-0.338152
3.6312e-10	-0.329333
3.64541e-10	-0.319937
3.65962e-10	-0.309964
3.67383e-10	-0.299413
3.68805e-10	-0.288287
3.70226e-10	-0.276586
3.71647e-10	-0.264315
3.73068e-10	-0.251476
3.74489e-10	-0.238075
3.75911e-10	-0.224117
3.77332e-10	-0.209609
3.78753e-10	-0.194559
3.80174e-10	-0.178975
3.81595e-10	-0.162866
3.83017e-10	-0.146244
3.84438e-10	-0.12912
3.85859e-10	-0.111505
3.8728e-10	-0.0934142
3.88702e-10	-0.0748608
3.90123e-10	-0.0558604
3.91544e-10	-0.0364289
3.92965e-10	-0.0165834
3.94386e-10	0.00365826
3.95808e-10	0.0242773
3.97229e-10	0.0452541
3.9865e-10	0.0665684
4.00071e-10	0.0881988
4.01492e-10	0.110124
4.02914e-10	0.13232
4.04335e-10	0.154764
4.05756e-10	0.177433
4.07177e-10	0.2003
4.08598e-10	0.223342
4.1002e-10	0.246532
4.11441e-10	0.269843
4.12862e-10	0.293249
4.14283e-10	0.316723
4.15705e-10	0.340235
4.17126e-10	0.363759
4.18547e-10	0.387266
4.19968e-10	0.410726
4.21389e-10	0.434112
4.22811e-10	0.457393
4.24232e-10	0.480541
4.25653e-10	0.503526
4.27074e-10	0.526318
4.28495e-10	0.548888
4.29917e-10	0.571207
4.31338e-10	0.593245
4.32759e-10	0.614974
4.3418e-10	0.636364
4.35602e-10	0.657388
4.37023e-10	0.678015
4.38444e-10	0.69822
4.39865e-10	0.717973
4.41286e-10	0.737249
4.42708e-10	0.756021
4.44129e-10	0.774262
4.4555e-10	0.791948
4.46971e-10	0.809054
4.48392e-10	0.825556
4.49814e-10	0.84143
4.51235e-10	0.856655
4.52656e-10	0.871209
4.54077e-10	0.885071
4.55498e-10	0.898222
4.5692e-10	0.910643
4.58341e-10	0.922315
4.59762e-10	0.933223
4.61183e-10	0.943351
4.62605e-10	0.952683
4.64026e-10	0.961208
4.65447e-10	0.968911
4.66868e-10	0.975783
4.68289e-10	0.981812
4.69711e-10	0.986991
4.71132e-10	0.991313
4.72553e-10	0.994769
4.73974e-10	0.997356
4.75395e-10	0.99907
4.76817e-10	0.999909
4.78238e-10	0.99987
4.79659e-10	0.998955
4.8108e-10	0.997164
4.82502e-10	0.9945
4.83923e-10	0.990967
4.85344e-10	0.986571
4.86765e-10	0.981316
4.88186e-10	0.975212
4.89608e-10	0.968267
4.91029e-10	0.960491
4.9245e-10	0.951895
4.93871e-10	0.942492
4.95292e-10	0.932296
4.96714e-10	0.92132
4.98135e-10	0.909581
4.99556e-10	0.897096
5.00977e-10	0.883882
5.02398e-10	0.869958
5.0382e-10	0.855344
5.05241e-10	0.840061
5.06662e-10	0.824131
5.08083e-10	0.807575
5.09505e-10	0.790417
5.10926e-10	0.772681
5.12347e-10	0.754392
5.13768e-10	0.735575
5.15189e-10	0.716256
5.16611e-10	0.696462
5.18032e-10	0.676219
5.19453e-10	0.655556
5.20874e-10	0.634499
5.22295e-10	0.613078
5.23717e-10	0.591321
5.25138e-10	0.569257
5.26559e-10	0.546914
5.2798e-10	0.524323
5.29402e-10	0.501513
5.30823e-10	0.478513
5.32244e-10	0.455352
5.33665e-10	0.432061
5.35086e-10	0.408667
5.36508e-10	0.385202
5.37929e-10	0.361692
5.3935e-10	0.338168
5.40771e-10	0.314658
5.42192e-10	0.291189
5.43614e-10	0.267791
5.45035e-10	0.244489
5.46456e-10	0.221311
5.47877e-10	0.198284
5.49298e-10	0.175432
5.5072e-10	0.152783
5.52141e-10	0.130359
5.53562e-10	0.108186
5.54983e-10	0.086286
5.56405e-10	0.0646825
5.57826e-10	0.043397
5.59247e-10	0.0224508
5.60668e-10	0.0018642
5.62089e-10	-0.0183434
5.63511e-10	-0.0381532
5.64932e-10	-0.0575475
5.66353e-10	-0.0765093
5.67774e-10	-0.0950226
5.69195e-10	-0.113072
5.70617e-10	-0.130644
5.72038e-10	-0.147725
5.73459e-10	-0.164303
5.7488e-10	-0.180365
5.76302e-10	-0.195903
5.77723e-10	-0.210906
5.79144e-10	-0.225366
5.80565e-10	-0.239275
5.81986e-10	-0.252627
5.83408e-10	-0.265416
5.84829e-10	-0.277638
5.8625e-10	-0.289288
5.87671e-10	-0.300364
5.89092e-10	-0.310863
5.90514e-10	-0.320786
5.91935e-10	-0.330131
5.93356e-10	-0.3389
5.94777e-10	-0.347093
5.96198e-10	-0.354714
5.9762e-10	-0.361765
5.99041e-10	-0.368251
6.00462e-10	-0.374176
6.01883e-10	-0.379546
6.03305e-10	-0.384366
6.04726e-10	-0.388645
6.06147e-10	-0.392389
6.07568e-10	-0.395606
6.08989e-10	-0.398306
6.10411e-10	-0.400497
6.11832e-10	-0.402191
6.13253e-10	-0.403396
6.14674e-10	-0.404124
6.16095e-10	-0.404388
6.17517e-10	-0.404197
6.18938e-10	-0.403565
6.20359e-10	-0.402505
6.2178e-10	-0.401028
6.23202e-10	-0.399149
6.24623e-10	-0.396882
6.26044e-10	-0.394239
6.27465e-10	-0.391235
6.28886e-10	-0.387883
6.30308e-10	-0.3842
6.31729e-10	-0.380198
6.3315e-10	-0.375893
6.34571e-10	-0.371299
6.35992e-10	-0.36643
6.37414e-10	-0.361302
6.38835e-10	-0.35593
6.40256e-10	-0.350327
6.41677e-10	-0.344509
6.43098e-10	-0.33849
6.4452e-10	-0.332284
6.45941e-10	-0.325907
6.47362e-10	-0.319371
6.48783e-10	-0.31269
6.50205e-10	-0.30588
6.51626e-10	-0.298952
6.53047e-10	-0.291921
6.54468e-10	-0.2848
6.55889e-10	-0.277601
6.57311e-10	-0.270336
6.58732e-10	-0.263019
6.60153e-10	-0.255661
6.61574e-10	-0.248273
6.62995e-10	-0.240868
6.64417e-10	-0.233455
6.65838e-10	-0.226046
6.67259e-10	-0.21865
6.6868e-10	-0.211278
6.70102e-10	-0.203939
6.71523e-10	-0.196643
6.72944e-10	-0.189397
6.74365e-10	-0.182211
6.75786e-10	-0.175092
6.77208e-10	-0.168048
6.78629e-10	-0.161086
6.8005e-10	-0.154213
6.81471e-10	-0.147435
6.82892e-10	-0.140759
6.84314e-10	-0.13419
6.85735e-10	-0.127733
6.87156e-10	-0.121393
6.88577e-10	-0.115176
6.89998e-10	-0.109084
6.9142e-10	-0.103122
6.92841e-10	-0.097293
6.94262e-10	-0.0916005
6.95683e-10	-0.0860469
6.97105e-10	-0.0806348
6.98526e-10	-0.0753662
6.99947e-10	-0.0702429
7.01368e-10	-0.0652663
7.02789e-10	-0.0604377
7.04211e-10	-0.0557578
7.05632e-10	-0.0512272
7.07053e-10	-0.0468462
7.08474e-10	-0.0426149
7.09895e-10	-0.0385331
7.11317e-10	-0.0346003
7.12738e-10	-0.0308158
7.14159e-10	-0.0271787
7.1558e-10	-0.0236879
7.17002e-10	-0.020342
7.18423e-10	-0.0171396
7.19844e-10	-0.0140789
7.21265e-10	-0.0111581
7.22686e-10	-0.00837522
7.24108e-10	-0.00572802
7.25529e-10	-0.00321421
7.2695e-10	-0.000831361
7.28371e-10	0.00142307
7.29792e-10	0.00355176
7.31214e-10	0.00555745
7.32635e-10	0.007443
7.34056e-10	0.00921132
7.35477e-10	0.0108654
7.36898e-10	0.0124084
7.3832e-10	0.0138432
7.39741e-10	0.0151732
7.41162e-10	0.0164015
7.42583e-10	0.0175312
7.44005e-10	0.0185658
7.45426e-10	0.0195083
7.46847e-10	0.0203621
7.48268e-10	0.0211304
7.49689e-10	0.0218166
7.51111e-10	0.0224237
7.52532e-10	0.0229551
7.53953e-10	0.023414
7.55374e-10	0.0238035
7.56795e-10	0.0241267
7.58217e-10	0.0243869
7.59638e-10	0.024587
7.61059e-10	0.02473
7.6248e-10	0.0248189
7.63902e-10	0.0248567
7.65323e-10	0.0248461
7.66744e-10	0.02479
7.68165e-10	0.024691
7.69586e-10	0.024552
7.71008e-10	0.0243754
7.72429e-10	0.0241637
7.7385e-10	0.0239195
7.75271e-10	0.0236451
7.76692e-10	0.0233429
7.78114e-10	0.0230151
7.79535e-10	0.0226638
7.80956e-10	0.0222911
7.82377e-10	0.0218991
7.83798e-10	0.0214897
7.8522e-10	0.0210647
7.86641e-10	0.020626
7.88062e-10	0.0201752
7.89483e-10	0.019714
7.90905e-10	0.019244
7.92326e-10	0.0187666
7.93747e-10	0.0182833
7.95168e-10	0.0177954
7.96589e-10	0.0173042
7.98011e-10	0.0168109
7.99432e-10	0.0163166
8.00853e-10	0.0158225
8.02274e-10	0.0153294
8.03695e-10	0.0148384
8.05117e-10	0.0143504
8.06538e-10	0.0138661
8.07959e-10	0.0133863
8.0938e-10	0.0129118
8.10802e-10	0.0124432
8.12223e-10	0.0119811
8.13644e-10	0.011526
8.15065e-10	0.0110785
8.16486e-10	0.0106389
8.17908e-10	0.0102078
8.19329e-10	0.00978539
8.2075e-10	0.00937207
8.22171e-10	0.00896811
8.23592e-10	0.00857374
8.25014e-10	0.00818917
8.26435e-10	0.00781457
8.27856e-10	0.00745007
8.29277e-10	0.00709578
8.30698e-10	0.00675178
8.3212e-10	0.0064181
8.33541e-10	0.00609477
8.34962e-10	0.00578179
8.36383e-10	0.00547913
8.37805e-10	0.00518674
8.39226e-10	0.00490455
8.40647e-10	0.00463247
8.42068e-10	0.0043704
8.43489e-10	0.00411822
8.44911e-10	0.00387579
8.46332e-10	0.00364297
8.47753e-10	0.00341959
8.49174e-10	0.00320548
8.50595e-10	0.00300046
8.52017e-10	0.00280434
8.53438e-10	0.00261692
8.54859e-10	0.00243801
8.5628e-10	0.00226738
8.57702e-10	0.00210482
8.59123e-10	0.00195012
8.60544e-10	0.00180305
8.61965e-10	0.0016634
8.63386e-10	0.00153092
8.64808e-10	0.0014054
8.66229e-10	0.00128661
8.6765e-10	0.00117432
8.69071e-10	0.0010683
8.70492e-10	0.000968331
8.71914e-10	0.000874188
8.73335e-10	0.000785648
8.74756e-10	0.000702492
8.76177e-10	0.000624505
8.77598e-10	0.000551475
8.7902e-10	0.000483191
8.80441e-10	0.000419448
8.81862e-10	0.000360046
8.83283e-10	0.000304787
8.84705e-10	0.00025348
8.86126e-10	0.000205935
8.87547e-10	0.000161971
8.88968e-10	0.000121409
8.90389e-10	8.40767e-05
8.91811e-10	4.98056e-05
8.93232e-10	1.84332e-05
8.94653e-10	-1.01979e-05
8.96074e-10	-3.62402e-05
8.97495e-10	-5.98406e-05
8.98917e-10	-8.1141e-05
9.00338e-10	-0.000100278
9.01759e-10	-0.000117383
9.0318e-10	-0.000132583
9.04602e-10	-0.000145998
9.06023e-10	-0.000157745
9.07444e-10	-0.000167935
9.08865e-10	-0.000176675
9.10286e-10	-0.000184066
9.11708e-10	-0.000190206
9.13129e-10	-0.000195186
9.1455e-10	-0.000199095
9.15971e-10	-0.000202016
9.17392e-10	-0.000204029
9.18814e-10	-0.00020521
9.20235e-10	-0.000205628
9.21656e-10	-0.000205352
9.23077e-10	-0.000204446
9.24498e-10	-0.000202969
9.2592e-10	-0.000200978
9.27341e-10	-0.000198525
9.28762e-10	-0.000195662
9.30183e-10	-0.000192434
9.31605e-10	-0.000188885
9.33026e-10	-0.000185057
9.34447e-10	-0.000180987
9.35868e-10	-0.00017671
9.37289e-10	-0.00017226
9.38711e-10	-0.000167668
9.40132e-10	-0.000162961
9.41553e-10	-0.000158165
9.42974e-10	-0.000153304
9.44395e-10	-0.000148401
9.45817e-10	-0.000143476
9.47238e-10	-0.000138547
9.48659e-10	-0.00013363
9.5008e-10	-0.000128741
9.51502e-10	-0.000123893
9.52923e-10	-0.000119099
9.54344e-10	-0.00011437
