% time-domain voltage integration by openEMS v0.0.36 @Thu Feb  5 16:09:18 2026
% start-coordinates: (0.0403226,0.0202857,0.0015) m -> [125,76,9]
% stop-coordinates: (0.0403226,0.0202857,0) m -> [125,76,7]
% t/s	voltage
0	0
1.98969696342e-11	0
3.97939392684e-11	0
5.96909089027e-11	0
7.95878785369e-11	0
9.94848481711e-11	0
1.19381817805e-10	0
1.3927878744e-10	0
1.59175757074e-10	0
1.79072726708e-10	0
1.98969696342e-10	0
2.18866665976e-10	8.64944271145e-29
2.38763635611e-10	5.10881430485e-22
2.58660605245e-10	5.78423629188e-17
2.78557574879e-10	2.24687564561e-13
2.98454544513e-10	2.77877538687e-11
3.18351514148e-10	-1.05813734511e-11
3.38248483782e-10	-6.22423709795e-11
3.58145453416e-10	-1.60368190949e-10
3.7804242305e-10	-2.93551669084e-10
3.97939392684e-10	-5.52801915354e-10
4.17836362319e-10	8.32824816055e-11
4.37733331953e-10	1.21904614181e-09
4.57630301587e-10	3.06613101575e-09
4.77527271221e-10	8.00899213615e-09
4.97424240856e-10	1.21712164791e-08
5.1732121049e-10	1.85967099497e-08
5.37218180124e-10	1.70582996617e-08
5.57115149758e-10	6.53075749035e-09
