% time-domain current integration by openEMS v0.0.36 @Thu Jan 22 21:57:14 2026
% start-coordinates: (0.0395161,0.0170476,0) m -> [124,72,7]
% stop-coordinates: (0.0395161,0.0219048,0.00227273) m -> [124,78,10]
% t/s	current
7.10606058365e-13	-0
2.06075756926e-11	-0
4.05045453268e-11	-0
6.0401514961e-11	-0
8.02984845953e-11	-0
1.00195454229e-10	-0
1.20092423864e-10	-0
1.39989393498e-10	-0
1.59886363132e-10	-0
1.79783332766e-10	-0
1.99680302401e-10	3.25549624794e-34
2.19577272035e-10	1.04332154875e-25
2.39474241669e-10	8.78500254849e-20
2.59371211303e-10	1.54982179518e-15
2.79268180937e-10	7.7088926605e-13
2.99165150572e-10	8.65061581395e-12
3.19062120206e-10	1.15777162163e-11
3.3895908984e-10	-1.93969883558e-12
3.58856059474e-10	-3.18973285285e-11
3.78753029109e-10	-1.03476949231e-10
3.98649998743e-10	-2.61759336428e-10
4.18546968377e-10	-4.14812906246e-10
4.38443938011e-10	-5.18737497401e-10
4.58340907645e-10	-5.7620574978e-10
4.7823787728e-10	-2.55643367586e-10
4.98134846914e-10	6.86882994927e-10
5.18031816548e-10	2.37026931416e-09
5.37928786182e-10	4.62606752905e-09
5.57825755817e-10	6.78843203872e-09
5.77722725451e-10	7.71296271296e-09
5.97619695085e-10	5.72175018476e-09
6.17516664719e-10	-9.13396469571e-10
6.37413634353e-10	-1.39494389373e-08
6.57310603988e-10	-3.55098705995e-08
6.77207573622e-10	-6.75140796602e-08
6.97104543256e-10	-1.11852727969e-07
7.1700151289e-10	-1.70233988683e-07
7.36898482525e-10	-2.38638449446e-07
7.56795452159e-10	-2.94847097848e-07
7.76692421793e-10	-2.83540060764e-07
7.96589391427e-10	-1.08871610394e-07
8.16486361061e-10	3.58490211738e-07
8.36383330696e-10	1.24494408738e-06
8.5628030033e-10	2.60449382949e-06
8.76177269964e-10	4.33498371422e-06
8.96074239598e-10	6.11523455518e-06
9.15971209233e-10	7.4086742643e-06
9.35868178867e-10	7.56617873776e-06
9.55765148501e-10	6.02502950642e-06
9.75662118135e-10	2.55137069871e-06
9.95559087769e-10	-2.57523083746e-06
1.0154560574e-09	-8.52915854921e-06
1.03535302704e-09	-1.41095151776e-05
1.05524999667e-09	-1.80780098162e-05
1.07514696631e-09	-1.95454686036e-05
1.09504393594e-09	-1.82532785402e-05
1.11494090557e-09	-1.46342881635e-05
1.13483787521e-09	-9.63485035754e-06
1.15473484484e-09	-4.38132610725e-06
1.17463181448e-09	1.63156329336e-07
1.19452878411e-09	3.42215503224e-06
1.21442575375e-09	5.25042332811e-06
1.23432272338e-09	5.83092787565e-06
1.25421969301e-09	5.50643972019e-06
1.27411666265e-09	4.63140077045e-06
1.29401363228e-09	3.49097172148e-06
1.31391060192e-09	2.28617977882e-06
1.33380757155e-09	1.15553359592e-06
1.35370454119e-09	2.00017495899e-07
1.37360151082e-09	-5.04270587953e-07
1.39349848045e-09	-9.06930381461e-07
1.41339545009e-09	-9.89755108094e-07
1.43329241972e-09	-7.71962049839e-07
1.45318938936e-09	-3.11650666163e-07
1.47308635899e-09	2.97420911011e-07
1.49298332863e-09	9.35281889269e-07
1.51288029826e-09	1.47209277657e-06
1.53277726789e-09	1.79218488938e-06
1.55267423753e-09	1.82080134437e-06
1.57257120716e-09	1.54466272306e-06
1.5924681768e-09	1.01939008346e-06
1.61236514643e-09	3.57504717385e-07
1.63226211606e-09	-3.00304947132e-07
1.6521590857e-09	-8.223650525e-07
1.67205605533e-09	-1.12059763069e-06
1.69195302497e-09	-1.17127251542e-06
1.7118499946e-09	-1.01367106708e-06
1.73174696424e-09	-7.29745408989e-07
1.75164393387e-09	-4.13573047808e-07
1.7715409035e-09	-1.42437329487e-07
1.79143787314e-09	4.21371204595e-08
1.81133484277e-09	1.36752063895e-07
1.83123181241e-09	1.65317629808e-07
1.85112878204e-09	1.61208163263e-07
1.87102575168e-09	1.52100838591e-07
1.89092272131e-09	1.51427542505e-07
1.91081969094e-09	1.58579425147e-07
1.93071666058e-09	1.64946641235e-07
1.95061363021e-09	1.61228484785e-07
1.97051059985e-09	1.4207309107e-07
1.99040756948e-09	1.07412347461e-07
2.01030453911e-09	6.12125248267e-08
2.03020150875e-09	9.38155775287e-09
2.05009847838e-09	-4.13503222774e-08
2.06999544802e-09	-8.40837159899e-08
2.08989241765e-09	-1.11959785443e-07
2.10978938729e-09	-1.19531847531e-07
2.12968635692e-09	-1.04870828466e-07
2.14958332655e-09	-7.11704899459e-08
2.16948029619e-09	-2.70976965311e-08
2.18937726582e-09	1.54021950749e-08
2.20927423546e-09	4.50281731901e-08
2.22917120509e-09	5.52143291088e-08
2.24906817473e-09	4.59931541741e-08
2.26896514436e-09	2.34172308211e-08
2.28886211399e-09	-3.32965877092e-09
2.30875908363e-09	-2.57921151103e-08
2.32865605326e-09	-3.88759815451e-08
2.3485530229e-09	-4.16856309471e-08
2.36844999253e-09	-3.64698351518e-08
2.38834696217e-09	-2.69194124769e-08
2.4082439318e-09	-1.67965996667e-08
2.42814090143e-09	-9.0124450125e-09
2.44803787107e-09	-5.41322853209e-09
2.4679348407e-09	-6.36005825783e-09
2.48783181034e-09	-1.07367847946e-08
2.50772877997e-09	-1.59147468537e-08
2.5276257496e-09	-1.84553119453e-08
2.54752271924e-09	-1.54365515925e-08
2.56741968887e-09	-5.81174930403e-09
2.58731665851e-09	8.83878303881e-09
2.60721362814e-09	2.47094238404e-08
2.62711059778e-09	3.70736970012e-08
2.64700756741e-09	4.2048210247e-08
2.66690453704e-09	3.79385163285e-08
2.68680150668e-09	2.57668961723e-08
2.70669847631e-09	8.63110116711e-09
2.72659544595e-09	-9.1511109801e-09
2.74649241558e-09	-2.34438513047e-08
2.76638938522e-09	-3.10452037411e-08
2.78628635485e-09	-3.04818286168e-08
2.80618332448e-09	-2.20309033239e-08
2.82608029412e-09	-7.72872077448e-09
2.84597726375e-09	9.34985511236e-09
2.86587423339e-09	2.56292942424e-08
2.88577120302e-09	3.78059077377e-08
2.90566817265e-09	4.3323382215e-08
2.92556514229e-09	4.0941031898e-08
2.94546211192e-09	3.07414076417e-08
2.96535908156e-09	1.43794487428e-08
2.98525605119e-09	-5.18819565087e-09
3.00515302083e-09	-2.40238886562e-08
3.02504999046e-09	-3.80743685469e-08
3.04494696009e-09	-4.43078178591e-08
3.06484392973e-09	-4.16573762152e-08
3.08474089936e-09	-3.1632481523e-08
3.104637869e-09	-1.75362977473e-08
3.12453483863e-09	-3.3919218545e-09
3.14443180827e-09	7.85054954378e-09
3.1643287779e-09	1.51796548664e-08
3.18422574753e-09	1.9630025605e-08
3.20412271717e-09	2.31430785647e-08
3.2240196868e-09	2.70726179252e-08
3.24391665644e-09	3.10758707656e-08
3.26381362607e-09	3.32262004576e-08
3.28371059571e-09	3.10148777771e-08
3.30360756534e-09	2.29584244948e-08
3.32350453497e-09	9.78934711071e-09
3.34340150461e-09	-5.6314957142e-09
3.36329847424e-09	-1.92196747406e-08
3.38319544388e-09	-2.74211302553e-08
3.40309241351e-09	-2.86344850053e-08
3.42298938314e-09	-2.3509318936e-08
3.44288635278e-09	-1.46296397219e-08
3.46278332241e-09	-5.14377962446e-09
3.48268029205e-09	2.47208653548e-09
3.50257726168e-09	7.16183334859e-09
3.52247423132e-09	9.41149291833e-09
3.54237120095e-09	1.04460537997e-08
3.56226817058e-09	1.14637828119e-08
3.58216514022e-09	1.2730184018e-08
3.60206210985e-09	1.36398821127e-08
3.62195907949e-09	1.30674724375e-08
3.64185604912e-09	1.03631379034e-08
3.66175301876e-09	5.7606626136e-09
3.68164998839e-09	5.72894676143e-10
3.70154695802e-09	-3.60919671927e-09
3.72144392766e-09	-5.58520829586e-09
3.74134089729e-09	-5.41450173586e-09
3.76123786693e-09	-4.00006783252e-09
3.78113483656e-09	-2.61901433873e-09
3.80103180619e-09	-1.8717956074e-09
3.82092877583e-09	-1.46116174715e-09
3.84082574546e-09	-3.17292497831e-10
3.8607227151e-09	2.43158959634e-09
3.88061968473e-09	6.8459042879e-09
3.90051665437e-09	1.18268381755e-08
3.920413624e-09	1.56049324573e-08
3.94031059363e-09	1.64506843703e-08
3.96020756327e-09	1.35053603856e-08
3.9801045329e-09	7.17983761334e-09
4.00000150254e-09	-8.86289985846e-10
4.01989847217e-09	-8.29959301285e-09
4.03979544181e-09	-1.2560587237e-08
4.05969241144e-09	-1.20010374971e-08
4.07958938107e-09	-6.40946762331e-09
4.09948635071e-09	2.64449551146e-09
4.11938332034e-09	1.21391954266e-08
4.13928028998e-09	1.85796729113e-08
4.15917725961e-09	1.93813409766e-08
4.17907422925e-09	1.38637652469e-08
4.19897119888e-09	3.691163597e-09
4.21886816851e-09	-7.80400899458e-09
4.23876513815e-09	-1.68564664449e-08
4.25866210778e-09	-2.0706519166e-08
4.27855907742e-09	-1.8342811714e-08
4.29845604705e-09	-1.07053574894e-08
4.31835301668e-09	2.62486421487e-11
4.33824998632e-09	1.12608153913e-08
4.35814695595e-09	2.08302513016e-08
4.37804392559e-09	2.72604196994e-08
4.39794089522e-09	2.97642941405e-08
4.41783786486e-09	2.80206187142e-08
4.43773483449e-09	2.20250182537e-08
4.45763180412e-09	1.21991439173e-08
4.47752877376e-09	-2.54171461656e-10
4.49742574339e-09	-1.31866029207e-08
4.51732271303e-09	-2.36958275224e-08
4.53721968266e-09	-2.88978672103e-08
4.5571166523e-09	-2.69187889756e-08
4.57701362193e-09	-1.7865612989e-08
4.59691059156e-09	-4.00615229879e-09
4.6168075612e-09	1.08190469916e-08
4.63670453083e-09	2.23757652407e-08
4.65660150047e-09	2.76204428218e-08
4.6764984701e-09	2.56473295934e-08
4.69639543973e-09	1.78940737783e-08
4.71629240937e-09	7.54639017941e-09
4.736189379e-09	-1.77702075277e-09
4.75608634864e-09	-7.30510985036e-09
4.77598331827e-09	-7.9849504786e-09
4.79588028791e-09	-4.74628158997e-09
4.81577725754e-09	2.08301709215e-10
4.83567422717e-09	4.40483072239e-09
4.85557119681e-09	6.23214324591e-09
4.87546816644e-09	5.48046052984e-09
4.89536513608e-09	3.32685745619e-09
4.91526210571e-09	1.45052381217e-09
4.93515907535e-09	1.23202359426e-09
4.95505604498e-09	3.00148639276e-09
4.97495301461e-09	5.97311888839e-09
4.99484998425e-09	8.65594884658e-09
5.01474695388e-09	9.623983388e-09
5.03464392352e-09	8.09235967125e-09
5.05454089315e-09	4.2535459599e-09
5.07443786279e-09	-8.60014170989e-10
5.09433483242e-09	-5.77545788971e-09
5.11423180205e-09	-9.08907438202e-09
5.13412877169e-09	-9.86074777387e-09
5.15402574132e-09	-7.87207810049e-09
5.17392271096e-09	-3.57158169706e-09
5.19381968059e-09	2.05658490238e-09
5.21371665022e-09	7.87630671795e-09
5.23361361986e-09	1.28226842477e-08
5.25351058949e-09	1.61347539773e-08
5.27340755913e-09	1.73379444135e-08
5.29330452876e-09	1.62638951196e-08
5.3132014984e-09	1.30874244775e-08
5.33309846803e-09	8.30887980641e-09
5.35299543766e-09	2.79398237879e-09
5.3728924073e-09	-2.33889885237e-09
5.39278937693e-09	-5.98309357613e-09
5.41268634657e-09	-7.41936379001e-09
5.4325833162e-09	-6.5317085074e-09
5.45248028584e-09	-3.98885635633e-09
5.47237725547e-09	-8.70063465719e-10
5.4922742251e-09	1.72340020033e-09
5.51217119474e-09	3.12189185614e-09
5.53206816437e-09	3.39187922194e-09
5.55196513401e-09	3.14468584506e-09
5.57186210364e-09	3.13756531867e-09
5.59175907327e-09	3.85572418438e-09
5.61165604291e-09	5.20030152273e-09
5.63155301254e-09	6.57188836684e-09
5.65144998218e-09	7.22532433883e-09
5.67134695181e-09	6.63823795932e-09
5.69124392145e-09	4.88665152787e-09
5.71114089108e-09	2.63223753905e-09
5.73103786071e-09	8.4965051661e-10
5.75093483035e-09	4.01321392784e-10
5.77083179998e-09	1.59743840378e-09
5.79072876962e-09	4.0664547285e-09
5.81062573925e-09	6.86427048535e-09
5.83052270889e-09	8.84218387398e-09
5.85041967852e-09	9.11026987183e-09
5.87031664815e-09	7.3398203071e-09
5.89021361779e-09	3.86926579665e-09
5.91011058742e-09	-4.90029294919e-10
5.93000755706e-09	-4.67529570614e-09
5.94990452669e-09	-7.82699327573e-09
5.96980149633e-09	-9.30242816111e-09
5.98969846596e-09	-8.83614159619e-09
6.00959543559e-09	-6.38069463932e-09
6.02949240523e-09	-2.08894190834e-09
6.04938937486e-09	3.69563002423e-09
6.0692863445e-09	1.03003987562e-08
6.08918331413e-09	1.67155622677e-08
6.10908028376e-09	2.16094573346e-08
6.1289772534e-09	2.35974635387e-08
6.14887422303e-09	2.17267484004e-08
6.16877119267e-09	1.58008983675e-08
6.1886681623e-09	6.71640654204e-09
6.20856513194e-09	-3.68751362778e-09
6.22846210157e-09	-1.30389246067e-08
6.2483590712e-09	-1.91165341334e-08
6.26825604084e-09	-2.04706775975e-08
6.28815301047e-09	-1.68976193038e-08
6.30804998011e-09	-9.44562028593e-09
6.32794694974e-09	-1.26949256662e-10
6.34784391938e-09	8.75098660202e-09
6.36774088901e-09	1.5264060238e-08
6.38763785864e-09	1.83954824706e-08
6.40753482828e-09	1.81807884303e-08
6.42743179791e-09	1.54990953405e-08
6.44732876755e-09	1.15337286388e-08
6.46722573718e-09	7.34915728273e-09
6.48712270681e-09	3.56247875644e-09
6.50701967645e-09	3.84657056207e-10
6.52691664608e-09	-2.17457407636e-09
6.54681361572e-09	-4.05787803359e-09
6.56671058535e-09	-5.05982855614e-09
6.58660755499e-09	-4.95054575111e-09
6.60650452462e-09	-3.68353747504e-09
6.62640149425e-09	-1.52102352935e-09
6.64629846389e-09	9.58881751778e-10
6.66619543352e-09	3.10516501401e-09
6.68609240316e-09	4.51220394382e-09
6.70598937279e-09	5.08239095254e-09
6.72588634243e-09	5.13836262428e-09
6.74578331206e-09	5.1814406099e-09
6.76568028169e-09	5.59788038146e-09
6.78557725133e-09	6.51011022867e-09
6.80547422096e-09	7.60984786297e-09
6.8253711906e-09	8.39508373929e-09
6.84526816023e-09	8.36575342333e-09
6.86516512987e-09	7.29661886467e-09
6.8850620995e-09	5.37609023965e-09
6.90495906913e-09	3.08911407565e-09
6.92485603877e-09	1.05186903632e-09
6.9447530084e-09	-2.95765884006e-10
6.96464997804e-09	-8.41524794293e-10
6.98454694767e-09	-7.8028900008e-10
7.0044439173e-09	-6.1086213865e-10
7.02434088694e-09	-7.56136597779e-10
7.04423785657e-09	-1.4401716486e-09
7.06413482621e-09	-2.44822517814e-09
7.08403179584e-09	-3.28135163485e-09
7.10392876548e-09	-3.17791282178e-09
7.12382573511e-09	-1.61308411073e-09
7.14372270474e-09	1.55634960475e-09
7.16361967438e-09	5.82637715851e-09
7.18351664401e-09	1.02968664706e-08
7.20341361365e-09	1.38650584347e-08
7.22331058328e-09	1.57364308251e-08
7.24320755292e-09	1.55974113625e-08
7.26310452255e-09	1.37280027346e-08
7.28300149218e-09	1.06468744931e-08
7.30289846182e-09	6.94708246485e-09
7.32279543145e-09	2.97588620413e-09
7.34269240109e-09	-1.10013964605e-09
7.36258937072e-09	-5.20166798523e-09
7.38248634035e-09	-9.09728914422e-09
7.40238330999e-09	-1.22633512234e-08
7.42228027962e-09	-1.39333753424e-08
7.44217724926e-09	-1.33792301682e-08
7.46207421889e-09	-1.0130124295e-08
7.48197118853e-09	-4.33890168239e-09
7.50186815816e-09	3.21410809079e-09
7.52176512779e-09	1.12229141536e-08
7.54166209743e-09	1.81958892398e-08
7.56155906706e-09	2.27665282182e-08
7.5814560367e-09	2.41212543273e-08
7.60135300633e-09	2.20383924443e-08
7.62124997597e-09	1.70334537586e-08
7.6411469456e-09	1.00949772985e-08
7.66104391523e-09	2.52744070117e-09
7.68094088487e-09	-4.35027081025e-09
7.7008378545e-09	-9.43301436962e-09
7.72073482414e-09	-1.20019567618e-08
7.74063179377e-09	-1.18697496276e-08
7.76052876341e-09	-9.39813560308e-09
7.78042573304e-09	-5.3519042531e-09
7.80032270267e-09	-7.46863404455e-10
7.82021967231e-09	3.41672667936e-09
7.84011664194e-09	6.37940766879e-09
7.86001361158e-09	7.78300623949e-09
7.87991058121e-09	7.67160379667e-09
7.89980755084e-09	6.49540154996e-09
7.91970452048e-09	4.89760942912e-09
7.93960149011e-09	3.58272989054e-09
7.95949845975e-09	3.06065950362e-09
7.97939542938e-09	3.5514562402e-09
7.99929239902e-09	4.897618755e-09
8.01918936865e-09	6.61997034967e-09
8.03908633828e-09	8.06900057881e-09
8.05898330792e-09	8.64434390735e-09
8.07888027755e-09	8.01536792494e-09
8.09877724719e-09	6.21705176229e-09
8.11867421682e-09	3.57722496069e-09
8.13857118646e-09	6.81519785051e-10
8.15846815609e-09	-1.94535276776e-09
8.17836512572e-09	-3.87582055339e-09
8.19826209536e-09	-4.89707030482e-09
8.21815906499e-09	-4.94494978298e-09
8.23805603463e-09	-4.03208932909e-09
8.25795300426e-09	-2.2209440953e-09
8.27784997389e-09	3.38787442544e-10
8.29774694353e-09	3.43994455143e-09
8.31764391316e-09	6.67027633128e-09
8.3375408828e-09	9.52953804756e-09
8.35743785243e-09	1.15209974894e-08
8.37733482207e-09	1.22975851724e-08
8.3972317917e-09	1.17410801082e-08
8.41712876133e-09	1.00160439942e-08
8.43702573097e-09	7.46851913647e-09
8.4569227006e-09	4.51891413178e-09
8.47681967024e-09	1.52079016047e-09
8.49671663987e-09	-1.253188886e-09
8.51661360951e-09	-3.60435503666e-09
8.53651057914e-09	-5.3365405428e-09
8.55640754877e-09	-6.22337470446e-09
8.57630451841e-09	-6.00828453656e-09
8.59620148804e-09	-4.55508564201e-09
8.61609845768e-09	-1.87512050331e-09
8.63599542731e-09	1.75468928276e-09
8.65589239695e-09	5.81470471772e-09
8.67578936658e-09	9.62164214968e-09
8.69568633621e-09	1.24719061745e-08
8.71558330585e-09	1.37546107837e-08
8.73548027548e-09	1.3176489233e-08
8.75537724512e-09	1.08445217251e-08
8.77527421475e-09	7.21853687935e-09
8.79517118438e-09	3.06072078793e-09
8.81506815402e-09	-8.19465273416e-10
8.83496512365e-09	-3.72394226567e-09
8.85486209329e-09	-5.28708810066e-09
8.87475906292e-09	-5.48048362248e-09
8.89465603256e-09	-4.52268800188e-09
8.91455300219e-09	-2.75814793227e-09
8.93444997182e-09	-5.39277789091e-10
8.95434694146e-09	1.88963622527e-09
8.97424391109e-09	4.33637747932e-09
8.99414088073e-09	6.60887167214e-09
9.01403785036e-09	8.44770564612e-09
9.03393482e-09	9.58338919332e-09
9.05383178963e-09	9.74277192256e-09
9.07372875926e-09	8.83730244539e-09
9.0936257289e-09	6.98047752934e-09
9.11352269853e-09	4.58505988732e-09
9.13341966817e-09	2.2116530829e-09
9.1533166378e-09	4.09864753248e-10
9.17321360744e-09	-4.51009729563e-10
9.19311057707e-09	-2.92352919651e-10
9.2130075467e-09	6.66936006422e-10
9.23290451634e-09	2.00607130907e-09
9.25280148597e-09	3.2624463131e-09
9.27269845561e-09	4.03916500247e-09
9.29259542524e-09	4.0860785866e-09
9.31249239487e-09	3.37466987688e-09
9.33238936451e-09	2.04655581371e-09
9.35228633414e-09	4.17098855454e-10
9.37218330378e-09	-1.10487907712e-09
9.39208027341e-09	-2.09759498659e-09
9.41197724305e-09	-2.1696893171e-09
9.43187421268e-09	-1.1245591125e-09
9.45177118231e-09	1.02754982301e-09
9.47166815195e-09	4.03585920239e-09
9.49156512158e-09	7.38967065317e-09
9.51146209122e-09	1.04264943346e-08
9.53135906085e-09	1.24668622092e-08
9.55125603049e-09	1.2957610096e-08
9.57115300012e-09	1.16212550694e-08
9.59104996975e-09	8.59049276158e-09
9.61094693939e-09	4.39920810891e-09
9.63084390902e-09	-1.21867738123e-10
9.65074087866e-09	-4.0406824553e-09
9.67063784829e-09	-6.54407905643e-09
9.69053481792e-09	-7.16789161359e-09
9.71043178756e-09	-5.920643531e-09
9.73032875719e-09	-3.24745164093e-09
9.75022572683e-09	1.14973655596e-10
9.77012269646e-09	3.37980066156e-09
9.7900196661e-09	5.91978022157e-09
9.80991663573e-09	7.45276906855e-09
9.82981360536e-09	8.02622945884e-09
9.849710575e-09	7.86824827514e-09
9.86960754463e-09	7.31441485158e-09
9.88950451427e-09	6.59377885626e-09
9.9094014839e-09	5.81300962921e-09
9.92929845354e-09	4.9581769801e-09
9.94919542317e-09	4.00260713462e-09
9.9690923928e-09	2.94057622696e-09
9.98898936244e-09	1.87941262553e-09
1.00088863321e-08	9.61085655504e-10
1.00287833017e-08	3.84678650045e-10
1.00486802713e-08	2.69968963851e-10
1.0068577241e-08	6.44274134043e-10
1.00884742106e-08	1.41303357903e-09
1.01083711802e-08	2.39523600953e-09
1.01282681499e-08	3.32748806287e-09
1.01481651195e-08	3.98287491876e-09
1.01680620891e-08	4.17562118216e-09
1.01879590588e-08	3.84785048269e-09
1.02078560284e-08	3.05948000268e-09
1.0227752998e-08	1.99250660415e-09
1.02476499677e-08	9.16462850054e-10
1.02675469373e-08	1.33418678883e-10
1.0287443907e-08	-1.11778530876e-10
1.03073408766e-08	3.6120567648e-10
1.03272378462e-08	1.55267743107e-09
1.03471348159e-08	3.32866578745e-09
1.03670317855e-08	5.3807349687e-09
1.03869287551e-08	7.31678939658e-09
1.04068257248e-08	8.69475602627e-09
1.04267226944e-08	9.1825711479e-09
1.0446619664e-08	8.58010551497e-09
1.04665166337e-08	6.95007473794e-09
1.04864136033e-08	4.57586857294e-09
1.05063105729e-08	1.9070320878e-09
1.05262075426e-08	-5.38056321719e-10
1.05461045122e-08	-2.28550001147e-09
1.05660014818e-08	-3.07181191594e-09
1.05858984515e-08	-2.80714229639e-09
1.06057954211e-08	-1.65644964412e-09
1.06256923907e-08	9.68753896546e-11
1.06455893604e-08	2.08221528908e-09
1.066548633e-08	3.97980359779e-09
1.06853832996e-08	5.51522871817e-09
1.07052802693e-08	6.54974074976e-09
1.07251772389e-08	6.98535185251e-09
1.07450742085e-08	6.82724987655e-09
1.07649711782e-08	6.1397011919e-09
1.07848681478e-08	5.04601960216e-09
1.08047651174e-08	3.71714969916e-09
1.08246620871e-08	2.39184783091e-09
1.08445590567e-08	1.27317500986e-09
1.08644560263e-08	5.53062595721e-10
1.0884352996e-08	3.39755529266e-10
1.09042499656e-08	6.4652821985e-10
1.09241469352e-08	1.38789169046e-09
1.09440439049e-08	2.40536235374e-09
1.09639408745e-08	3.48087647595e-09
1.09838378441e-08	4.3878696232e-09
1.10037348138e-08	4.93446572492e-09
1.10236317834e-08	4.98711916208e-09
1.10435287531e-08	4.52285364716e-09
1.10634257227e-08	3.60042307079e-09
1.10833226923e-08	2.39949393688e-09
1.1103219662e-08	1.17115861453e-09
1.11231166316e-08	2.17837387018e-10
1.11430136012e-08	-1.66174102256e-10
1.11629105709e-08	2.28531304991e-10
1.11828075405e-08	1.43398770636e-09
1.12027045101e-08	3.27189741967e-09
1.12226014798e-08	5.34131316954e-09
1.12424984494e-08	7.13680625708e-09
1.1262395419e-08	8.1519280215e-09
1.12822923887e-08	8.05573474594e-09
1.13021893583e-08	6.78491351991e-09
1.13220863279e-08	4.58494175959e-09
1.13419832976e-08	1.9471744217e-09
1.13618802672e-08	-5.00820607208e-10
1.13817772368e-08	-2.17655893309e-09
1.14016742065e-08	-2.72254907507e-09
1.14215711761e-08	-2.04465755438e-09
1.14414681457e-08	-3.64320767998e-10
1.14613651154e-08	1.89209181656e-09
1.1481262085e-08	4.20927825928e-09
1.15011590546e-08	6.14035666757e-09
1.15210560243e-08	7.38131689104e-09
1.15409529939e-08	7.80353826002e-09
1.15608499635e-08	7.44516670537e-09
1.15807469332e-08	6.47298792344e-09
1.16006439028e-08	5.09045161579e-09
1.16205408724e-08	3.50319151465e-09
1.16404378421e-08	1.90366256092e-09
1.16603348117e-08	4.64942251366e-10
1.16802317813e-08	-6.90294765793e-10
1.1700128751e-08	-1.43659550922e-09
1.17200257206e-08	-1.69411917827e-09
1.17399226902e-08	-1.38642841652e-09
1.17598196599e-08	-5.51275192162e-10
1.17797166295e-08	7.38440475434e-10
1.17996135992e-08	2.32589481008e-09
1.18195105688e-08	4.05196054487e-09
1.18394075384e-08	5.70306823988e-09
1.18593045081e-08	7.11765890671e-09
1.18792014777e-08	8.12590528199e-09
1.18990984473e-08	8.57191029269e-09
1.1918995417e-08	8.34018187845e-09
1.19388923866e-08	7.38770822295e-09
1.19587893562e-08	5.78480641167e-09
1.19786863259e-08	3.74640496403e-09
1.19985832955e-08	1.5796146613e-09
1.20184802651e-08	-3.12811582193e-10
1.20383772348e-08	-1.56852308919e-09
1.20582742044e-08	-1.97531857538e-09
1.2078171174e-08	-1.50857837333e-09
1.20980681437e-08	-3.61055824127e-10
1.21179651133e-08	1.0954919194e-09
1.21378620829e-08	2.47059683822e-09
1.21577590526e-08	3.43937478497e-09
1.21776560222e-08	3.85889720178e-09
1.21975529918e-08	3.7959426713e-09
1.22174499615e-08	3.47908524212e-09
1.22373469311e-08	3.18493920126e-09
1.22572439007e-08	3.1670652767e-09
1.22771408704e-08	3.53175644285e-09
1.229703784e-08	4.25212887123e-09
1.23169348096e-08	5.15938314294e-09
1.23368317793e-08	6.01009331191e-09
1.23567287489e-08	6.5591683196e-09
1.23766257185e-08	6.62451782318e-09
1.23965226882e-08	6.12722939053e-09
1.24164196578e-08	5.09721242992e-09
1.24363166274e-08	3.65056362917e-09
1.24562135971e-08	1.96215288462e-09
1.24761105667e-08	2.31613839219e-10
1.24960075364e-08	-1.32838873235e-09
1.2515904506e-08	-2.50671150503e-09
1.25358014756e-08	-3.10928949254e-09
1.25556984453e-08	-2.99277491678e-09
1.25755954149e-08	-2.08745953856e-09
1.25954923845e-08	-4.35144448252e-10
1.26153893542e-08	1.79261294697e-09
1.26352863238e-08	4.30701740939e-09
1.26551832934e-08	6.76021194579e-09
1.26750802631e-08	8.78515482583e-09
1.26949772327e-08	1.0089523883e-08
1.27148742023e-08	1.05014317242e-08
1.2734771172e-08	9.97434401739e-09
1.27546681416e-08	8.5942248873e-09
1.27745651112e-08	6.53901599534e-09
1.27944620809e-08	4.07262268354e-09
1.28143590505e-08	1.48327405913e-09
1.28342560201e-08	-8.96406227024e-10
1.28541529898e-08	-2.73889799729e-09
1.28740499594e-08	-3.75373199191e-09
1.2893946929e-08	-3.7855012458e-09
1.29138438987e-08	-2.81855427886e-09
1.29337408683e-08	-1.03387109984e-09
1.29536378379e-08	1.21059673397e-09
1.29735348076e-08	3.50349704803e-09
1.29934317772e-08	5.42437916806e-09
1.30133287468e-08	6.67438460056e-09
1.30332257165e-08	7.11338810078e-09
1.30531226861e-08	6.81762823973e-09
1.30730196557e-08	5.98243188321e-09
1.30929166254e-08	4.9095252308e-09
1.3112813595e-08	3.85464682395e-09
1.31327105646e-08	3.032406104e-09
1.31526075343e-08	2.52387910571e-09
1.31725045039e-08	2.31017405206e-09
1.31924014735e-08	2.30345120755e-09
1.32122984432e-08	2.38037323186e-09
1.32321954128e-08	2.41993225458e-09
