% time-domain voltage integration by openEMS v0.0.36 @Thu Feb  5 16:09:18 2026
% start-coordinates: (0.0395161,0.0202857,0.0015) m -> [124,76,9]
% stop-coordinates: (0.0395161,0.0202857,0) m -> [124,76,7]
% t/s	voltage
0	0
1.98969696342e-11	0
3.97939392684e-11	0
5.96909089027e-11	0
7.95878785369e-11	0
9.94848481711e-11	0
1.19381817805e-10	0
1.3927878744e-10	0
1.59175757074e-10	0
1.79072726708e-10	0
1.98969696342e-10	0
2.18866665976e-10	7.24127185895e-28
2.38763635611e-10	2.7022715308e-21
2.58660605245e-10	2.04594932118e-16
2.78557574879e-10	5.29590680662e-13
2.98454544513e-10	3.95121053931e-11
3.18351514148e-10	-4.42209758394e-11
3.38248483782e-10	-2.58128319067e-11
3.58145453416e-10	-2.31305072318e-10
3.7804242305e-10	-2.81795281554e-10
3.97939392684e-10	-5.40806788241e-10
4.17836362319e-10	2.84991769767e-10
4.37733331953e-10	1.34587002654e-09
4.57630301587e-10	3.55770402027e-09
4.77527271221e-10	8.4251934318e-09
4.97424240856e-10	1.17511755882e-08
5.1732121049e-10	1.77599916995e-08
5.37218180124e-10	1.29824564432e-08
5.57115149758e-10	-9.76451142165e-11
