% time-domain voltage integration by openEMS v0.0.36 @Thu Jan 22 21:57:14 2026
% start-coordinates: (0.041129,0.0202857,0.0015) m -> [126,76,9]
% stop-coordinates: (0.041129,0.0202857,0) m -> [126,76,7]
% t/s	voltage
0	0
1.98969696342e-11	0
3.97939392684e-11	0
5.96909089027e-11	0
7.95878785369e-11	0
9.94848481711e-11	0
1.19381817805e-10	0
1.3927878744e-10	0
1.59175757074e-10	0
1.79072726708e-10	0
1.98969696342e-10	0
2.18866665976e-10	9.80977043919e-30
2.38763635611e-10	9.22985655345e-23
2.58660605245e-10	1.56123508108e-17
2.78557574879e-10	9.03648188992e-14
2.98454544513e-10	1.80349606776e-11
3.18351514148e-10	1.90572778912e-11
3.38248483782e-10	-9.21474355153e-11
3.58145453416e-10	-1.0267917766e-10
3.7804242305e-10	-3.16153436763e-10
3.97939392684e-10	-5.29256666271e-10
4.17836362319e-10	-9.01225205574e-11
4.37733331953e-10	1.08321285275e-09
4.57630301587e-10	2.66211508393e-09
4.77527271221e-10	7.55758566839e-09
4.97424240856e-10	1.25604140422e-08
5.1732121049e-10	1.9043613797e-08
5.37218180124e-10	2.06473540487e-08
5.57115149758e-10	1.2041856845e-08
5.77012119392e-10	-1.59290136637e-08
5.96909089027e-10	-6.63319035255e-08
6.16806058661e-10	-1.01338546443e-07
6.36703028295e-10	-2.93273885177e-08
6.56599997929e-10	3.78807882839e-07
6.76496967564e-10	1.43607377368e-06
6.96393937198e-10	3.50503978552e-06
7.16290906832e-10	6.83601933815e-06
7.36187876466e-10	1.13027786028e-05
7.560848461e-10	1.59505516422e-05
7.75981815735e-10	1.82362246051e-05
7.95878785369e-10	1.37368824653e-05
8.15775755003e-10	-3.60507112873e-06
8.35672724637e-10	-4.02335899707e-05
8.55569694272e-10	-0.000100230823591
8.75466663906e-10	-0.000181680370588
8.9536363354e-10	-0.000273107551038
9.15260603174e-10	-0.000352209928678
9.35157572808e-10	-0.000388541375287
9.55054542443e-10	-0.000351192356902
9.74951512077e-10	-0.000219935143832
9.94848481711e-10	3.8141351979e-06
1.01474545135e-09	0.000291290227324
1.03464242098e-09	0.000589767529164
1.05453939061e-09	0.000835746410303
1.07443636025e-09	0.000973760004854
1.09433332988e-09	0.000973996851826
1.11423029952e-09	0.000841418426717
1.13412726915e-09	0.000612691626884
1.15402423878e-09	0.000342704675859
1.17392120842e-09	8.6672083853e-05
1.19381817805e-09	-0.000114945516543
1.21371514769e-09	-0.000243494359893
1.23361211732e-09	-0.000300611151033
1.25350908696e-09	-0.000300939878798
1.27340605659e-09	-0.000263681111392
1.29330302622e-09	-0.000206383549084
1.31319999586e-09	-0.000142261320434
1.33309696549e-09	-8.02792201284e-05
1.35299393513e-09	-2.6388639526e-05
1.37289090476e-09	1.53440487338e-05
1.3927878744e-09	4.22201319452e-05
1.41268484403e-09	5.29254939465e-05
1.43258181366e-09	4.77406538266e-05
1.4524787833e-09	2.87577595373e-05
1.47237575293e-09	-6.35616288491e-08
1.49227272257e-09	-3.31474548148e-05
1.5121696922e-09	-6.39391037112e-05
1.53206666184e-09	-8.60356594785e-05
1.55196363147e-09	-9.45482970565e-05
1.5718606011e-09	-8.73644567037e-05
1.59175757074e-09	-6.58619283058e-05
1.61165454037e-09	-3.46405595337e-05
1.63155151001e-09	-3.95544702769e-07
1.65144847964e-09	2.98762697639e-05
1.67134544927e-09	5.06816195411e-05
1.69124241891e-09	5.9398542362e-05
1.71113938854e-09	5.66386643186e-05
1.73103635818e-09	4.55865556432e-05
1.75093332781e-09	3.06620404444e-05
1.77083029745e-09	1.60528079505e-05
1.79072726708e-09	4.56841280538e-06
1.81062423671e-09	-2.78876098037e-06
1.83052120635e-09	-6.56126849208e-06
1.85041817598e-09	-8.09649691291e-06
1.87031514562e-09	-8.7545149654e-06
1.89021211525e-09	-9.37691675063e-06
1.91010908489e-09	-1.0150874914e-05
1.93000605452e-09	-1.07719506559e-05
1.94990302415e-09	-1.07975961328e-05
1.96979999379e-09	-9.92239029074e-06
1.98969696342e-09	-8.08959202914e-06
2.00959393306e-09	-5.45905072613e-06
2.02949090269e-09	-2.33126013427e-06
2.04938787232e-09	9.55225175403e-07
2.06928484196e-09	4.02933369514e-06
2.08918181159e-09	6.49111007078e-06
2.10907878123e-09	7.95206688053e-06
2.12897575086e-09	8.1337066149e-06
2.1488727205e-09	6.979895943e-06
2.16876969013e-09	4.75164279123e-06
2.18866665976e-09	1.99493217679e-06
2.2085636294e-09	-6.09744631674e-07
2.22846059903e-09	-2.49610457104e-06
2.24835756867e-09	-3.38110555731e-06
2.2682545383e-09	-3.32871138653e-06
2.28815150794e-09	-2.66469658072e-06
2.30804847757e-09	-1.78203333689e-06
2.3279454472e-09	-9.6834253327e-07
2.34784241684e-09	-3.19299729767e-07
2.36773938647e-09	2.40707606736e-07
2.38763635611e-09	8.37758364014e-07
2.40753332574e-09	1.53402294245e-06
2.42743029538e-09	2.27618454574e-06
2.44732726501e-09	2.89885031179e-06
2.46722423464e-09	3.20772517171e-06
2.48712120428e-09	3.05238336296e-06
2.50701817391e-09	2.40256031248e-06
2.52691514355e-09	1.35460271622e-06
2.54681211318e-09	1.12043306189e-07
2.56670908281e-09	-1.07636697066e-06
2.58660605245e-09	-1.98054431166e-06
2.60650302208e-09	-2.45717149028e-06
2.62639999172e-09	-2.47459070124e-06
2.64629696135e-09	-2.10766199871e-06
2.66619393099e-09	-1.50662060605e-06
2.68609090062e-09	-8.23027392016e-07
2.70598787025e-09	-1.83296535283e-07
2.72588483989e-09	3.37369073122e-07
2.74578180952e-09	7.11359319894e-07
2.76567877916e-09	9.17815924595e-07
2.78557574879e-09	9.48579611304e-07
2.80547271843e-09	7.87403365621e-07
2.82536968806e-09	4.37108639062e-07
2.84526665769e-09	-5.98304765731e-08
2.86516362733e-09	-6.13160636931e-07
2.88506059696e-09	-1.09873917609e-06
2.9049575666e-09	-1.39079457995e-06
2.92485453623e-09	-1.39373042884e-06
2.94475150586e-09	-1.07424074258e-06
2.9646484755e-09	-4.76209578437e-07
2.98454544513e-09	2.73329987976e-07
3.00444241477e-09	9.93367279989e-07
3.0243393844e-09	1.47940767192e-06
3.04423635404e-09	1.58939559469e-06
3.06413332367e-09	1.27802894667e-06
3.0840302933e-09	6.46318824238e-07
3.10392726294e-09	-1.15164475289e-07
3.12382423257e-09	-7.76373752842e-07
3.14372120221e-09	-1.16316772392e-06
3.16361817184e-09	-1.21719017443e-06
3.18351514148e-09	-9.97106269551e-07
3.20341211111e-09	-6.30919430478e-07
3.22330908074e-09	-2.4458961434e-07
3.24320605038e-09	7.99652504213e-08
3.26310302001e-09	3.28992896925e-07
3.28299998965e-09	5.13683659165e-07
3.30289695928e-09	6.38370067918e-07
3.32279392892e-09	6.64199887979e-07
3.34269089855e-09	5.39463911764e-07
3.36258786818e-09	2.27876618908e-07
3.38248483782e-09	-2.47185354851e-07
3.40238180745e-09	-7.93105272123e-07
3.42227877709e-09	-1.25978840515e-06
3.44217574672e-09	-1.51030940287e-06
3.46207271635e-09	-1.45547244301e-06
3.48196968599e-09	-1.10570522338e-06
3.50186665562e-09	-5.49516073534e-07
3.52176362526e-09	5.10187483371e-08
3.54166059489e-09	5.49357054069e-07
3.56155756453e-09	8.25357744816e-07
3.58145453416e-09	8.57573041912e-07
3.60135150379e-09	6.94084178576e-07
3.62124847343e-09	4.43841827291e-07
3.64114544306e-09	2.18228187521e-07
3.6610424127e-09	9.12705502287e-08
3.68093938233e-09	7.46050652367e-08
3.70083635197e-09	1.0931830019e-07
3.7207333216e-09	1.31277772653e-07
3.74063029123e-09	8.44522531906e-08
3.76052726087e-09	-3.2171994846e-08
3.7804242305e-09	-1.95747333009e-07
3.80032120014e-09	-3.6523209701e-07
3.82021816977e-09	-5.25453458522e-07
3.8401151394e-09	-6.82895404225e-07
3.86001210904e-09	-8.49201853725e-07
3.87990907867e-09	-1.01330374491e-06
3.89980604831e-09	-1.1257354231e-06
3.91970301794e-09	-1.11651053203e-06
3.93959998758e-09	-9.32345699312e-07
3.95949695721e-09	-5.68003287071e-07
3.97939392684e-09	-7.90155532115e-08
3.99929089648e-09	4.22617432605e-07
4.01918786611e-09	8.17113345875e-07
4.03908483575e-09	1.01649089856e-06
4.05898180538e-09	9.84791086012e-07
4.07887877502e-09	7.61158190699e-07
4.09877574465e-09	4.33730107829e-07
4.11867271428e-09	1.19184761616e-07
4.13856968392e-09	-8.89521274416e-08
4.15846665355e-09	-1.45598029633e-07
4.17836362319e-09	-7.90353595903e-08
4.19826059282e-09	2.80794179019e-08
4.21815756246e-09	6.62885462077e-08
4.23805453209e-09	-4.53188171434e-08
4.25795150172e-09	-3.2236086156e-07
4.27784847136e-09	-7.09358175754e-07
4.29774544099e-09	-1.09590047259e-06
4.31764241063e-09	-1.36201248324e-06
4.33753938026e-09	-1.4221462834e-06
4.35743634989e-09	-1.25373173887e-06
4.37733331953e-09	-8.96526188399e-07
4.39723028916e-09	-4.26519918051e-07
4.4171272588e-09	6.28548040282e-08
4.43702422843e-09	4.99683011412e-07
4.45692119807e-09	8.3009484797e-07
4.4768181677e-09	1.0259938108e-06
4.49671513733e-09	1.07093097768e-06
4.51661210697e-09	9.5842688097e-07
4.5365090766e-09	6.95362302849e-07
4.55640604624e-09	3.09454705416e-07
4.57630301587e-09	-1.43736464508e-07
4.59619998551e-09	-5.7616483673e-07
4.61609695514e-09	-8.92821475418e-07
4.63599392477e-09	-1.0202940075e-06
4.65589089441e-09	-9.3223511044e-07
4.67578786404e-09	-6.6894526185e-07
4.69568483368e-09	-3.22957617982e-07
4.71558180331e-09	-7.65771979161e-09
4.73547877294e-09	1.78384681249e-07
4.75537574258e-09	1.89928613281e-07
4.77527271221e-09	4.64003679923e-08
4.79516968185e-09	-1.7934770824e-07
4.81506665148e-09	-3.93294811829e-07
4.83496362112e-09	-5.1576853366e-07
4.85486059075e-09	-5.14710905009e-07
4.87475756038e-09	-4.04951833843e-07
4.89465453002e-09	-2.39151418668e-07
4.91455149965e-09	-7.49369633013e-08
4.93444846929e-09	4.64268818945e-08
4.95434543892e-09	1.13842197891e-07
4.97424240856e-09	1.41006140097e-07
4.99413937819e-09	1.46503111864e-07
5.01403634782e-09	1.40728410258e-07
5.03393331746e-09	1.17553813794e-07
5.05383028709e-09	6.64998864863e-08
5.07372725673e-09	-1.60676094652e-08
5.09362422636e-09	-1.19309763846e-07
5.113521196e-09	-2.18889681491e-07
5.13341816563e-09	-2.9051295769e-07
5.15331513526e-09	-3.20520783248e-07
5.1732121049e-09	-3.11544553711e-07
5.19310907453e-09	-2.79337101006e-07
5.21300604417e-09	-2.46224246325e-07
5.2329030138e-09	-2.28343061792e-07
5.25279998343e-09	-2.29549243613e-07
5.27269695307e-09	-2.43077714401e-07
5.2925939227e-09	-2.5374446011e-07
5.31249089234e-09	-2.4836364787e-07
5.33238786197e-09	-2.23057213589e-07
5.35228483161e-09	-1.85510643291e-07
5.37218180124e-09	-1.55820991665e-07
5.39207877087e-09	-1.55829624759e-07
5.41197574051e-09	-1.95874299891e-07
5.43187271014e-09	-2.6289978905e-07
5.45176967978e-09	-3.17644705206e-07
5.47166664941e-09	-3.14006825874e-07
5.49156361905e-09	-2.17189729312e-07
5.51146058868e-09	-3.39773862379e-08
5.53135755831e-09	1.9118589023e-07
5.55125452795e-09	3.83191192554e-07
5.57115149758e-09	4.7404603265e-07
5.59104846722e-09	4.31576580695e-07
5.61094543685e-09	2.71388842066e-07
5.63084240649e-09	4.77179273872e-08
5.65073937612e-09	-1.68817223312e-07
5.67063634575e-09	-3.26978835119e-07
5.69053331539e-09	-4.15300945633e-07
5.71043028502e-09	-4.5667091797e-07
5.73032725466e-09	-4.93524339618e-07
5.75022422429e-09	-5.54924156404e-07
5.77012119392e-09	-6.41339994445e-07
5.79001816356e-09	-7.21842013718e-07
5.80991513319e-09	-7.42567152656e-07
5.82981210283e-09	-6.62630526449e-07
5.84970907246e-09	-4.65778683179e-07
5.8696060421e-09	-1.83798078979e-07
5.88950301173e-09	1.24436539295e-07
5.90939998136e-09	3.85226343269e-07
5.929296951e-09	5.41488674344e-07
5.94919392063e-09	5.69432614839e-07
5.96909089027e-09	4.85814240392e-07
5.9889878599e-09	3.30811232629e-07
6.00888482954e-09	1.52668171438e-07
6.02878179917e-09	-1.19573275725e-08
6.0486787688e-09	-1.43134208486e-07
6.06857573844e-09	-2.4246941166e-07
6.08847270807e-09	-3.17459196708e-07
6.10836967771e-09	-3.74039331064e-07
6.12826664734e-09	-4.08084517289e-07
6.14816361697e-09	-4.15721743252e-07
6.16806058661e-09	-3.93202597593e-07
6.18795755624e-09	-3.51434252366e-07
6.20785452588e-09	-3.11421260335e-07
6.22775149551e-09	-2.98055155667e-07
6.24764846515e-09	-3.26199511846e-07
6.26754543478e-09	-3.91345224671e-07
6.28744240441e-09	-4.67009513727e-07
6.30733937405e-09	-5.07324529053e-07
6.32723634368e-09	-4.71400980473e-07
6.34713331332e-09	-3.35753640002e-07
6.36703028295e-09	-1.0942977724e-07
6.38692725259e-09	1.63543525389e-07
6.40682422222e-09	4.16991539964e-07
6.42672119185e-09	5.8675155401e-07
6.44661816149e-09	6.32133094314e-07
6.46651513112e-09	5.4935955518e-07
6.48641210076e-09	3.68831067021e-07
6.50630907039e-09	1.45439834398e-07
6.52620604003e-09	-7.25585529437e-08
6.54610300966e-09	-2.57112944269e-07
6.56599997929e-09	-4.06707414413e-07
6.58589694893e-09	-5.32521880814e-07
6.60579391856e-09	-6.43938761868e-07
6.6256908882e-09	-7.34484530085e-07
6.64558785783e-09	-7.8053264474e-07
6.66548482746e-09	-7.58243402288e-07
6.6853817971e-09	-6.51009742114e-07
6.70527876673e-09	-4.72346272318e-07
6.72517573637e-09	-2.56651603081e-07
6.745072706e-09	-5.16408196205e-08
6.76496967564e-09	1.00990487084e-07
6.78486664527e-09	1.80527401028e-07
6.8047636149e-09	1.9313998223e-07
6.82466058454e-09	1.63793004049e-07
6.84455755417e-09	1.23337507318e-07
6.86445452381e-09	9.28048642379e-08
6.88435149344e-09	8.09461475626e-08
6.90424846308e-09	7.87900553689e-08
6.92414543271e-09	7.14132717405e-08
6.94404240234e-09	4.64505536257e-08
6.96393937198e-09	6.04614136535e-10
6.98383634161e-09	-6.15116064751e-08
7.00373331125e-09	-1.28948677514e-07
7.02363028088e-09	-1.92560847267e-07
7.04352725051e-09	-2.5164004569e-07
7.06342422015e-09	-3.11389939611e-07
7.08332118978e-09	-3.78309039206e-07
7.10321815942e-09	-4.53724481986e-07
7.12311512905e-09	-5.31836434448e-07
7.14301209869e-09	-5.91746385226e-07
7.16290906832e-09	-6.04174402952e-07
7.18280603795e-09	-5.49139969053e-07
7.20270300759e-09	-4.18472950514e-07
7.22259997722e-09	-2.27523841545e-07
7.24249694686e-09	-1.39771079155e-08
7.26239391649e-09	1.72701035694e-07
7.28229088613e-09	2.93491311254e-07
7.30218785576e-09	3.30024747086e-07
7.32208482539e-09	2.90511025014e-07
7.34198179503e-09	2.05053304114e-07
7.36187876466e-09	1.07063087285e-07
7.3817757343e-09	2.5171293494e-08
7.40167270393e-09	-3.87017475845e-08
7.42156967357e-09	-9.40630791035e-08
7.4414666432e-09	-1.57645395404e-07
7.46136361283e-09	-2.40389127271e-07
7.48126058247e-09	-3.37556002705e-07
7.5011575521e-09	-4.30170459254e-07
7.52105452174e-09	-4.91806133596e-07
7.54095149137e-09	-5.04879295704e-07
7.560848461e-09	-4.62256636524e-07
7.58074543064e-09	-3.73108647977e-07
7.60064240027e-09	-2.61533628532e-07
7.62053936991e-09	-1.52189478797e-07
7.64043633954e-09	-6.44889510681e-08
7.66033330918e-09	-6.41325925699e-09
7.68023027881e-09	1.75125540736e-08
7.70012724844e-09	1.0193649036e-08
7.72002421808e-09	-2.45635032314e-08
7.73992118771e-09	-8.44039043102e-08
7.75981815735e-09	-1.59202400596e-07
7.77971512698e-09	-2.319751502e-07
7.79961209662e-09	-2.80290734622e-07
7.81950906625e-09	-2.79264071423e-07
7.83940603588e-09	-2.17262261515e-07
7.85930300552e-09	-1.00077521381e-07
7.87919997515e-09	4.61411922004e-08
7.89909694479e-09	1.76744109126e-07
7.91899391442e-09	2.49353959703e-07
7.93889088405e-09	2.33536049166e-07
7.95878785369e-09	1.22962070748e-07
7.97868482332e-09	-5.82613282063e-08
7.99858179296e-09	-2.66230472334e-07
8.01847876259e-09	-4.47123056802e-07
8.03837573223e-09	-5.59439911285e-07
8.05827270186e-09	-5.81036516678e-07
8.07816967149e-09	-5.17949388268e-07
8.09806664113e-09	-4.04444264746e-07
8.11796361076e-09	-2.80107542494e-07
8.1378605804e-09	-1.80321890753e-07
8.15775755003e-09	-1.25763541803e-07
8.17765451967e-09	-1.14620515745e-07
8.1975514893e-09	-1.2954716766e-07
8.21744845893e-09	-1.44958413273e-07
8.23734542857e-09	-1.45254254846e-07
8.2572423982e-09	-1.2651044301e-07
8.27713936784e-09	-9.08299853108e-08
8.29703633747e-09	-5.08725470638e-08
8.31693330711e-09	-1.31325106345e-08
8.33683027674e-09	1.96473601832e-08
8.35672724637e-09	5.37907727249e-08
8.37662421601e-09	9.02759254018e-08
8.39652118564e-09	1.21712417922e-07
8.41641815528e-09	1.3642485186e-07
8.43631512491e-09	1.15825024238e-07
8.45621209454e-09	4.45208812039e-08
8.47610906418e-09	-7.7282912514e-08
8.49600603381e-09	-2.32380124032e-07
8.51590300345e-09	-3.92673868532e-07
8.53579997308e-09	-5.2993624422e-07
8.55569694272e-09	-6.19465168938e-07
8.57559391235e-09	-6.52977632853e-07
8.59549088198e-09	-6.32730262851e-07
8.61538785162e-09	-5.71074053823e-07
8.63528482125e-09	-4.77723432368e-07
8.65518179089e-09	-3.63341655429e-07
8.67507876052e-09	-2.28108262945e-07
8.69497573016e-09	-7.63397878245e-08
8.71487269979e-09	8.71120420243e-08
8.73476966942e-09	2.47567683687e-07
8.75466663906e-09	3.80319804094e-07
8.77456360869e-09	4.61816895836e-07
8.79446057833e-09	4.70356397386e-07
8.81435754796e-09	3.98660318979e-07
8.83425451759e-09	2.55847567132e-07
8.85415148723e-09	6.74774227605e-08
8.87404845686e-09	-1.34002675622e-07
8.8939454265e-09	-3.16665435207e-07
8.91384239613e-09	-4.58467667386e-07
8.93373936577e-09	-5.5050412584e-07
8.9536363354e-09	-5.99202053309e-07
8.97353330503e-09	-6.1232947246e-07
8.99343027467e-09	-6.01358664198e-07
9.0133272443e-09	-5.67427264286e-07
9.03322421394e-09	-5.10587341296e-07
9.05312118357e-09	-4.25279978344e-07
9.07301815321e-09	-3.11321471713e-07
9.09291512284e-09	-1.77449244632e-07
9.11281209247e-09	-4.01108053438e-08
9.13270906211e-09	8.02446002979e-08
9.15260603174e-09	1.68407744638e-07
9.17250300138e-09	2.1481111645e-07
9.19239997101e-09	2.23753339412e-07
9.21229694065e-09	2.04128070891e-07
9.23219391028e-09	1.68671306255e-07
9.25209087991e-09	1.25577749088e-07
9.27198784955e-09	7.7807193577e-08
9.29188481918e-09	2.24344001154e-08
9.31178178882e-09	-4.49593375862e-08
9.33167875845e-09	-1.26238276721e-07
9.35157572808e-09	-2.17021799642e-07
9.37147269772e-09	-3.09263910481e-07
9.39136966735e-09	-3.9354988246e-07
9.41126663699e-09	-4.59966088329e-07
9.43116360662e-09	-5.06873391259e-07
9.45106057626e-09	-5.30497118234e-07
9.47095754589e-09	-5.30075652705e-07
9.49085451552e-09	-4.99821794619e-07
9.51075148516e-09	-4.37053031987e-07
9.53064845479e-09	-3.35558539177e-07
9.55054542443e-09	-1.98555348163e-07
9.57044239406e-09	-3.76495155052e-08
9.5903393637e-09	1.22554737914e-07
9.61023633333e-09	2.53104616377e-07
9.63013330296e-09	3.27010170054e-07
9.6500302726e-09	3.24576859612e-07
9.66992724223e-09	2.45381741593e-07
9.68982421187e-09	1.0685248597e-07
9.7097211815e-09	-5.91043765041e-08
9.72961815113e-09	-2.16047219226e-07
9.74951512077e-09	-3.32393284452e-07
9.7694120904e-09	-3.89696481307e-07
9.78930906004e-09	-3.87850491279e-07
9.80920602967e-09	-3.40376331565e-07
9.82910299931e-09	-2.70710131645e-07
9.84899996894e-09	-2.00514314486e-07
9.86889693857e-09	-1.48834040203e-07
9.88879390821e-09	-1.23327041024e-07
9.90869087784e-09	-1.23667163621e-07
9.92858784748e-09	-1.43736549774e-07
9.94848481711e-09	-1.73723627483e-07
9.96838178675e-09	-2.05549099519e-07
9.98827875638e-09	-2.32110487275e-07
1.0008175726e-08	-2.48964610705e-07
1.00280726956e-08	-2.5253704905e-07
1.00479696653e-08	-2.38937275299e-07
1.00678666349e-08	-2.08758613951e-07
1.00877636046e-08	-1.65174533606e-07
1.01076605742e-08	-1.14768216264e-07
1.01275575438e-08	-6.61375807454e-08
1.01474545135e-08	-2.77248854985e-08
1.01673514831e-08	-4.19947698838e-09
1.01872484527e-08	5.21229770456e-09
1.02071454224e-08	4.61586180389e-09
1.0227042392e-08	-1.38730110733e-09
1.02469393616e-08	-1.20589946917e-08
1.02668363313e-08	-2.75387028736e-08
1.02867333009e-08	-5.33440225325e-08
1.03066302705e-08	-9.67895950055e-08
1.03265272402e-08	-1.5653184704e-07
1.03464242098e-08	-2.28330812035e-07
1.03663211794e-08	-2.99698442063e-07
1.03862181491e-08	-3.5755101635e-07
1.04061151187e-08	-3.86254711771e-07
1.04260120883e-08	-3.81262537985e-07
1.0445909058e-08	-3.48279556306e-07
1.04658060276e-08	-2.96273768186e-07
1.04857029972e-08	-2.43780917231e-07
1.05055999669e-08	-2.00474069345e-07
1.05254969365e-08	-1.73934701309e-07
1.05453939061e-08	-1.59391461807e-07
1.05652908758e-08	-1.4817175753e-07
1.05851878454e-08	-1.29394400972e-07
1.0605084815e-08	-9.56175547628e-08
1.06249817847e-08	-4.61772486915e-08
1.06448787543e-08	1.30140662691e-08
1.06647757239e-08	6.89244572527e-08
1.06846726936e-08	1.10981950741e-07
1.07045696632e-08	1.29513189506e-07
1.07244666328e-08	1.18597395016e-07
1.07443636025e-08	8.02742974315e-08
1.07642605721e-08	1.84924768831e-08
1.07841575417e-08	-6.30835153004e-08
1.08040545114e-08	-1.58264015226e-07
1.0823951481e-08	-2.60583789213e-07
1.08438484507e-08	-3.62889139183e-07
1.08637454203e-08	-4.54993937637e-07
1.08836423899e-08	-5.24563205317e-07
1.09035393596e-08	-5.58645069759e-07
1.09234363292e-08	-5.49852387621e-07
1.09433332988e-08	-4.96128279792e-07
1.09632302685e-08	-4.02583765435e-07
1.09831272381e-08	-2.81354360254e-07
1.10030242077e-08	-1.48657171906e-07
1.10229211774e-08	-2.10703063885e-08
1.1042818147e-08	8.89313511721e-08
1.10627151166e-08	1.72512152119e-07
1.10826120863e-08	2.23918974029e-07
1.11025090559e-08	2.42792850713e-07
1.11224060255e-08	2.2862957394e-07
1.11423029952e-08	1.80865839638e-07
1.11621999648e-08	1.0035383724e-07
1.11820969344e-08	-4.14252587788e-09
1.12019939041e-08	-1.24056235506e-07
1.12218908737e-08	-2.40181840638e-07
1.12417878433e-08	-3.38548503009e-07
1.1261684813e-08	-4.01450037657e-07
1.12815817826e-08	-4.28025870747e-07
1.13014787522e-08	-4.1753548885e-07
1.13213757219e-08	-3.85639097544e-07
1.13412726915e-08	-3.4522219039e-07
1.13611696611e-08	-3.1019996527e-07
1.13810666308e-08	-2.87514254182e-07
1.14009636004e-08	-2.74036636938e-07
1.142086057e-08	-2.62182794586e-07
1.14407575397e-08	-2.39393784796e-07
1.14606545093e-08	-1.97537438851e-07
1.14805514789e-08	-1.32845507039e-07
1.15004484486e-08	-5.11244806489e-08
1.15203454182e-08	3.72944928273e-08
1.15402423878e-08	1.16880038092e-07
1.15601393575e-08	1.74270695652e-07
1.15800363271e-08	1.9852037525e-07
1.15999332968e-08	1.86468867014e-07
1.16198302664e-08	1.37675279177e-07
1.1639727236e-08	5.71449199072e-08
1.16596242057e-08	-4.53866473293e-08
1.16795211753e-08	-1.58326372457e-07
1.16994181449e-08	-2.69935227948e-07
1.17193151146e-08	-3.68039906107e-07
1.17392120842e-08	-4.41551605945e-07
1.17591090538e-08	-4.82434359128e-07
1.17790060235e-08	-4.88833762802e-07
1.17989029931e-08	-4.61408077967e-07
1.18187999627e-08	-4.06634768524e-07
1.18386969324e-08	-3.34869326934e-07
1.1858593902e-08	-2.56100960883e-07
1.18784908716e-08	-1.79436788983e-07
1.18983878413e-08	-1.09063929443e-07
1.19182848109e-08	-4.8074427994e-08
1.19381817805e-08	2.60024735077e-09
1.19580787502e-08	4.33313243065e-08
1.19779757198e-08	7.15083281477e-08
1.19978726894e-08	8.25863573084e-08
1.20177696591e-08	7.37705825316e-08
1.20376666287e-08	4.30564668363e-08
1.20575635983e-08	-5.42838973772e-09
1.2077460568e-08	-6.51503668792e-08
1.20973575376e-08	-1.23917303085e-07
1.21172545072e-08	-1.7291061738e-07
1.21371514769e-08	-2.048936949e-07
1.21570484465e-08	-2.2027904123e-07
1.21769454161e-08	-2.23321407589e-07
1.21968423858e-08	-2.23143800326e-07
1.22167393554e-08	-2.29273467767e-07
1.2236636325e-08	-2.42616764012e-07
1.22565332947e-08	-2.63920028942e-07
1.22764302643e-08	-2.86155710683e-07
1.22963272339e-08	-3.02607048752e-07
1.23162242036e-08	-3.0344182278e-07
1.23361211732e-08	-2.86879469513e-07
1.23560181429e-08	-2.52010536883e-07
1.23759151125e-08	-2.01801348965e-07
1.23958120821e-08	-1.42436825001e-07
1.24157090518e-08	-8.21834795772e-08
1.24356060214e-08	-2.73865392586e-08
1.2455502991e-08	1.61198743243e-08
1.24753999607e-08	4.29917488276e-08
1.24952969303e-08	5.08320123771e-08
1.25151938999e-08	3.77028399612e-08
1.25350908696e-08	6.75233069458e-09
1.25549878392e-08	-4.0050940342e-08
1.25748848088e-08	-9.45599829549e-08
1.25947817785e-08	-1.50655772302e-07
1.26146787481e-08	-2.0078822871e-07
1.26345757177e-08	-2.38726435953e-07
1.26544726874e-08	-2.62041822907e-07
1.2674369657e-08	-2.70833410809e-07
1.26942666266e-08	-2.68440601303e-07
1.27141635963e-08	-2.58197800918e-07
1.27340605659e-08	-2.44159522822e-07
1.27539575355e-08	-2.29387090656e-07
1.27738545052e-08	-2.15697269823e-07
1.27937514748e-08	-2.019274703e-07
1.28136484444e-08	-1.89035191056e-07
1.28335454141e-08	-1.77719272187e-07
1.28534423837e-08	-1.68878699469e-07
1.28733393533e-08	-1.63333361058e-07
1.2893236323e-08	-1.60114787207e-07
1.29131332926e-08	-1.55005452029e-07
1.29330302622e-08	-1.43659661944e-07
1.29529272319e-08	-1.19663539522e-07
1.29728242015e-08	-8.26167365631e-08
1.29927211711e-08	-3.47041861914e-08
1.30126181408e-08	1.45412091257e-08
1.30325151104e-08	5.5057761017e-08
1.30524120801e-08	7.28169062825e-08
1.30723090497e-08	6.04676273497e-08
1.30922060193e-08	1.59128230592e-08
1.3112102989e-08	-5.54834009847e-08
1.31319999586e-08	-1.43508508188e-07
1.31518969282e-08	-2.34664383925e-07
1.31717938979e-08	-3.15313741339e-07
1.31916908675e-08	-3.76441974481e-07
1.32115878371e-08	-4.11086219287e-07
1.32314848068e-08	-4.18820178538e-07
