% time-domain current integration by openEMS v0.0.36 @Thu Jan 22 21:57:14 2026
% start-coordinates: (0.0403226,-0.0004,0) m -> [125,50,7]
% stop-coordinates: (0.0403226,0.0044,0.00227273) m -> [125,56,10]
% t/s	current
7.10606058365e-13	-0
2.06075756926e-11	-0
4.05045453268e-11	-0
6.0401514961e-11	-0
8.02984845953e-11	-0
1.00195454229e-10	-0
1.20092423864e-10	-0
1.39989393498e-10	-0
1.59886363132e-10	-0
1.79783332766e-10	-0
1.99680302401e-10	-4.11370561761e-35
2.19577272035e-10	9.52271746919e-27
2.39474241669e-10	1.63606987069e-20
2.59371211303e-10	5.00930202809e-16
2.79268180937e-10	4.41614057605e-13
2.99165150572e-10	9.64705051953e-12
3.19062120206e-10	1.42351703342e-11
3.3895908984e-10	-4.69003145782e-13
3.58856059474e-10	-3.54497264876e-11
3.78753029109e-10	-1.08085949913e-10
3.98649998743e-10	-2.87092571938e-10
4.18546968377e-10	-4.54592224974e-10
4.38443938011e-10	-5.6451648911e-10
4.58340907645e-10	-6.38545993858e-10
4.7823787728e-10	-2.75493544644e-10
4.98134846914e-10	7.8347628385e-10
5.18031816548e-10	2.60527666107e-09
5.37928786182e-10	5.10715469915e-09
5.57825755817e-10	7.51712025959e-09
5.77722725451e-10	8.22097145914e-09
5.97619695085e-10	5.40955502615e-09
6.17516664719e-10	-3.53695761568e-09
6.37413634353e-10	-2.12328394866e-08
6.57310603988e-10	-5.01865180524e-08
6.77207573622e-10	-9.18579843301e-08
6.97104543256e-10	-1.46694205228e-07
7.1700151289e-10	-2.12454793314e-07
7.36898482525e-10	-2.76561735291e-07
7.56795452159e-10	-3.02793239371e-07
7.76692421793e-10	-2.18410576736e-07
7.96589391427e-10	8.7916539826e-08
8.16486361061e-10	7.49008734147e-07
8.36383330696e-10	1.8687105694e-06
8.5628030033e-10	3.44273348674e-06
8.76177269964e-10	5.27646625414e-06
8.96074239598e-10	6.94230902809e-06
9.15971209233e-10	7.82229471952e-06
9.35868178867e-10	7.25788459022e-06
9.55765148501e-10	4.78458423459e-06
9.75662118135e-10	3.72036595309e-07
9.95559087769e-10	-5.43898750038e-06
1.0154560574e-09	-1.15888369692e-05
1.03535302704e-09	-1.67605230672e-05
1.05524999667e-09	-1.97727986233e-05
1.07514696631e-09	-1.99581900233e-05
1.09504393594e-09	-1.73706703208e-05
1.11494090557e-09	-1.27400217025e-05
1.13483787521e-09	-7.19870558896e-06
1.15473484484e-09	-1.90546245449e-06
1.17463181448e-09	2.27932787311e-06
1.19452878411e-09	4.95330323247e-06
1.21442575375e-09	6.14579812463e-06
1.23432272338e-09	6.16483293925e-06
1.25421969301e-09	5.41532153875e-06
1.27411666265e-09	4.26370706919e-06
1.29401363228e-09	2.98135682897e-06
1.31391060192e-09	1.74867670921e-06
1.33380757155e-09	6.83009318436e-07
1.35370454119e-09	-1.37632142128e-07
1.37360151082e-09	-6.66876019295e-07
1.39349848045e-09	-8.92140405995e-07
1.41339545009e-09	-8.37057484659e-07
1.43329241972e-09	-5.57472390028e-07
1.45318938936e-09	-1.31700517159e-07
1.47308635899e-09	3.52404185833e-07
1.49298332863e-09	8.0892442611e-07
1.51288029826e-09	1.16361320579e-06
1.53277726789e-09	1.36081837354e-06
1.55267423753e-09	1.36948290219e-06
1.57257120716e-09	1.1869917671e-06
1.5924681768e-09	8.41041412514e-07
1.61236514643e-09	3.87705085814e-07
1.63226211606e-09	-9.65258735164e-08
1.6521590857e-09	-5.28563191438e-07
1.67205605533e-09	-8.37780646634e-07
1.69195302497e-09	-9.83023824119e-07
1.7118499946e-09	-9.61870114224e-07
1.73174696424e-09	-8.0780114331e-07
1.75164393387e-09	-5.77481046093e-07
1.7715409035e-09	-3.31815442678e-07
1.79143787314e-09	-1.17681913991e-07
1.81133484277e-09	4.16441992002e-08
1.83123181241e-09	1.46404914858e-07
1.85112878204e-09	2.12152087897e-07
1.87102575168e-09	2.58506048567e-07
1.89092272131e-09	2.99282817195e-07
1.91081969094e-09	3.37524795668e-07
1.93071666058e-09	3.66055473933e-07
1.95061363021e-09	3.71451108094e-07
1.97051059985e-09	3.40758873563e-07
1.99040756948e-09	2.67284576694e-07
2.01030453911e-09	1.5537823117e-07
2.03020150875e-09	2.11213997403e-08
2.05009847838e-09	-1.10512154095e-07
2.06999544802e-09	-2.12401346289e-07
2.08989241765e-09	-2.63649440058e-07
2.10978938729e-09	-2.56858896819e-07
2.12968635692e-09	-2.00664388217e-07
2.14958332655e-09	-1.16656011073e-07
2.16948029619e-09	-3.17676871475e-08
2.18937726582e-09	3.16317780857e-08
2.20927423546e-09	6.25404439347e-08
2.22917120509e-09	6.31378256344e-08
2.24906817473e-09	4.49170372008e-08
2.26896514436e-09	2.17138396152e-08
2.28886211399e-09	3.57642382376e-09
2.30875908363e-09	-6.49720055534e-09
2.32865605326e-09	-1.11528422053e-08
2.3485530229e-09	-1.492472812e-08
2.36844999253e-09	-2.02641974312e-08
2.38834696217e-09	-2.57934065218e-08
2.4082439318e-09	-2.73180855714e-08
2.42814090143e-09	-2.09969996945e-08
2.44803787107e-09	-6.08498273991e-09
2.4679348407e-09	1.39680143008e-08
2.48783181034e-09	3.26343574386e-08
2.50772877997e-09	4.35172893276e-08
2.5276257496e-09	4.31808757639e-08
2.54752271924e-09	3.29107656682e-08
2.56741968887e-09	1.77639822851e-08
2.58731665851e-09	4.30819424579e-09
2.60721362814e-09	-2.66466448906e-09
2.62711059778e-09	-1.89270843443e-09
2.64700756741e-09	4.1687377994e-09
2.66690453704e-09	1.10760325356e-08
2.68680150668e-09	1.48661447597e-08
2.70669847631e-09	1.38559625995e-08
2.72659544595e-09	9.01458552249e-09
2.74649241558e-09	2.79755152377e-09
2.76638938522e-09	-2.39170860894e-09
2.78628635485e-09	-5.65592328527e-09
2.80618332448e-09	-7.46936734686e-09
2.82608029412e-09	-9.05941188734e-09
2.84597726375e-09	-1.09853992569e-08
2.86587423339e-09	-1.24950263469e-08
2.88577120302e-09	-1.16283533913e-08
2.90566817265e-09	-6.41661035417e-09
2.92556514229e-09	3.61997987142e-09
2.94546211192e-09	1.67036358079e-08
2.96535908156e-09	2.87287189593e-08
2.98525605119e-09	3.48970523589e-08
3.00515302083e-09	3.16953752133e-08
3.02504999046e-09	1.89307307608e-08
3.04494696009e-09	3.00565433653e-10
3.06484392973e-09	-1.75514891509e-08
3.08474089936e-09	-2.76235159191e-08
3.104637869e-09	-2.54168508462e-08
3.12453483863e-09	-1.0949752216e-08
3.14443180827e-09	1.10316342727e-08
3.1643287779e-09	3.28524016879e-08
3.18422574753e-09	4.68586378588e-08
3.20412271717e-09	4.81827058252e-08
3.2240196868e-09	3.64148284859e-08
3.24391665644e-09	1.54554751219e-08
3.26381362607e-09	-8.15363243589e-09
3.28371059571e-09	-2.76119447307e-08
3.30360756534e-09	-3.81180633724e-08
3.32350453497e-09	-3.82463234416e-08
3.34340150461e-09	-2.98239726249e-08
3.36329847424e-09	-1.70049077042e-08
3.38319544388e-09	-4.23975254904e-09
3.40309241351e-09	5.36802913231e-09
3.42298938314e-09	1.0917703186e-08
3.44288635278e-09	1.35292079761e-08
3.46278332241e-09	1.51295527218e-08
3.48268029205e-09	1.71293113027e-08
3.50257726168e-09	1.96657605755e-08
3.52247423132e-09	2.1685558238e-08
3.54237120095e-09	2.18369464733e-08
3.56226817058e-09	1.94615168425e-08
3.58216514022e-09	1.49325387611e-08
3.60206210985e-09	9.50243794762e-09
3.62195907949e-09	4.50039561173e-09
3.64185604912e-09	7.41304240215e-10
3.66175301876e-09	-1.83776749374e-09
3.68164998839e-09	-3.89814180934e-09
3.70154695802e-09	-6.26424068173e-09
3.72144392766e-09	-9.42391498171e-09
3.74134089729e-09	-1.31696413774e-08
3.76123786693e-09	-1.64949067738e-08
3.78113483656e-09	-1.7894201676e-08
3.80103180619e-09	-1.57336952356e-08
3.82092877583e-09	-9.19298326352e-09
3.84082574546e-09	1.26261212596e-09
3.8607227151e-09	1.35391449163e-08
3.88061968473e-09	2.4592567982e-08
3.90051665437e-09	3.13628625292e-08
3.920413624e-09	3.21259676639e-08
3.94031059363e-09	2.69606914571e-08
3.96020756327e-09	1.77355747866e-08
3.9801045329e-09	7.08753855605e-09
4.00000150254e-09	-2.55007170935e-09
4.01989847217e-09	-9.6138297323e-09
4.03979544181e-09	-1.3538456578e-08
4.05969241144e-09	-1.43843505995e-08
4.07958938107e-09	-1.25041585974e-08
4.09948635071e-09	-8.352440517e-09
4.11938332034e-09	-2.66707611551e-09
4.13928028998e-09	3.50628726054e-09
4.15917725961e-09	8.76267414185e-09
4.17907422925e-09	1.18606147126e-08
4.19897119888e-09	1.20654419788e-08
4.21886816851e-09	9.5554240076e-09
4.23876513815e-09	5.46881429031e-09
4.25866210778e-09	1.50086099104e-09
4.27855907742e-09	-7.23625770416e-10
4.29845604705e-09	-2.59475996245e-10
4.31835301668e-09	2.67559929767e-09
4.33824998632e-09	6.82331657842e-09
4.35814695595e-09	1.03497690418e-08
4.37804392559e-09	1.16443699127e-08
4.39794089522e-09	9.99659111045e-09
4.41783786486e-09	5.89644510995e-09
4.43773483449e-09	6.35006602856e-10
4.45763180412e-09	-4.22680868084e-09
4.47752877376e-09	-7.58720375416e-09
4.49742574339e-09	-9.16192988143e-09
4.51732271303e-09	-9.1988034967e-09
4.53721968266e-09	-8.05889754929e-09
4.5571166523e-09	-5.72259351017e-09
4.57701362193e-09	-1.79583270477e-09
4.59691059156e-09	4.17097067995e-09
4.6168075612e-09	1.1950938017e-08
4.63670453083e-09	2.03630339257e-08
4.65660150047e-09	2.72068607643e-08
4.6764984701e-09	3.00619795723e-08
4.69639543973e-09	2.72311773131e-08
4.71629240937e-09	1.85856343649e-08
4.736189379e-09	5.84292214612e-09
4.75608634864e-09	-7.83684761529e-09
4.77598331827e-09	-1.89762268121e-08
4.79588028791e-09	-2.48542324499e-08
4.81577725754e-09	-2.44188669285e-08
4.83567422717e-09	-1.84977952955e-08
4.85557119681e-09	-9.35910726696e-09
4.87546816644e-09	1.48183049165e-10
4.89536513608e-09	7.59576490594e-09
4.91526210571e-09	1.16795826344e-08
4.93515907535e-09	1.25128982731e-08
4.95505604498e-09	1.12599920499e-08
4.97495301461e-09	9.52168921486e-09
4.99484998425e-09	8.58186943731e-09
5.01474695388e-09	8.92745521952e-09
5.03464392352e-09	1.01451487211e-08
5.05454089315e-09	1.13263629586e-08
5.07443786279e-09	1.15807043954e-08
5.09433483242e-09	1.04986455085e-08
5.11423180205e-09	8.32682545138e-09
5.13412877169e-09	5.60143664785e-09
5.15402574132e-09	2.81505041499e-09
5.17392271096e-09	3.53011370136e-11
5.19381968059e-09	-3.0762152825e-09
5.21371665022e-09	-6.7790613123e-09
5.23361361986e-09	-1.08336610793e-08
5.25351058949e-09	-1.41977833934e-08
5.27340755913e-09	-1.5238667217e-08
5.29330452876e-09	-1.25574430854e-08
5.3132014984e-09	-5.72730618487e-09
5.33309846803e-09	4.12286293994e-09
5.35299543766e-09	1.44785001766e-08
5.3728924073e-09	2.23171596758e-08
5.39278937693e-09	2.52648710841e-08
5.41268634657e-09	2.25835652401e-08
5.4325833162e-09	1.55271795421e-08
5.45248028584e-09	6.75919187287e-09
5.47237725547e-09	-7.22246706886e-10
5.4922742251e-09	-4.73668881895e-09
5.51217119474e-09	-4.7189194774e-09
5.53206816437e-09	-1.67342006918e-09
5.55196513401e-09	2.38641773009e-09
5.57186210364e-09	5.40812594707e-09
5.59175907327e-09	6.11454842314e-09
5.61165604291e-09	4.36034275353e-09
5.63155301254e-09	9.93039539487e-10
5.65144998218e-09	-2.65438315772e-09
5.67134695181e-09	-5.36986322075e-09
5.69124392145e-09	-6.45636344387e-09
5.71114089108e-09	-5.86976156569e-09
5.73103786071e-09	-3.95520682872e-09
5.75093483035e-09	-1.22995302831e-09
5.77083179998e-09	1.99148297853e-09
5.79072876962e-09	5.53756374089e-09
5.81062573925e-09	9.29588583887e-09
5.83052270889e-09	1.29312827113e-08
5.85041967852e-09	1.58057851252e-08
5.87031664815e-09	1.69650782311e-08
5.89021361779e-09	1.55817563297e-08
5.91011058742e-09	1.12834017685e-08
5.93000755706e-09	4.61539295671e-09
5.94990452669e-09	-2.99233704482e-09
5.96980149633e-09	-9.51448786424e-09
5.98969846596e-09	-1.29799397897e-08
6.00959543559e-09	-1.22467458397e-08
6.02949240523e-09	-7.44343697789e-09
6.04938937486e-09	-3.95200538961e-12
6.0692863445e-09	7.75203723435e-09
6.08918331413e-09	1.35016282599e-08
6.10908028376e-09	1.56808628304e-08
6.1289772534e-09	1.39933993282e-08
6.14887422303e-09	9.4423082686e-09
6.16877119267e-09	3.76747388842e-09
6.1886681623e-09	-1.2208187794e-09
6.20856513194e-09	-4.28555191334e-09
6.22846210157e-09	-5.08712183489e-09
6.2483590712e-09	-4.02062960703e-09
6.26825604084e-09	-1.78878933887e-09
6.28815301047e-09	8.66415938994e-10
6.30804998011e-09	3.48893380853e-09
6.32794694974e-09	5.78881298452e-09
6.34784391938e-09	7.51462359005e-09
6.36774088901e-09	8.38583336105e-09
6.38763785864e-09	8.17162515432e-09
6.40753482828e-09	6.83385525946e-09
6.42743179791e-09	4.72998484824e-09
6.44732876755e-09	2.46302955809e-09
6.46722573718e-09	7.59926066518e-10
6.48712270681e-09	1.11733067243e-10
6.50701967645e-09	5.9090432547e-10
6.52691664608e-09	1.82227055667e-09
6.54681361572e-09	3.20632853601e-09
6.56671058535e-09	4.12595513311e-09
6.58660755499e-09	4.25394208747e-09
6.60650452462e-09	3.61141716532e-09
6.62640149425e-09	2.51276333074e-09
6.64629846389e-09	1.3900065543e-09
6.66619543352e-09	6.37347563615e-10
6.68609240316e-09	4.22228474406e-10
6.70598937279e-09	7.22137238895e-10
6.72588634243e-09	1.3811815025e-09
6.74578331206e-09	2.18347739889e-09
6.76568028169e-09	3.01964830918e-09
6.78557725133e-09	3.83513176772e-09
6.80547422096e-09	4.64304195091e-09
6.8253711906e-09	5.44069056474e-09
6.84526816023e-09	6.12372641484e-09
6.86516512987e-09	6.48641984569e-09
6.8850620995e-09	6.27399421305e-09
6.90495906913e-09	5.332947417e-09
6.92485603877e-09	3.75438746758e-09
6.9447530084e-09	1.91856530662e-09
6.96464997804e-09	4.46865461301e-10
6.98454694767e-09	-8.71682032111e-11
7.0044439173e-09	6.10329231598e-10
7.02434088694e-09	2.30107177757e-09
7.04423785657e-09	4.29308455452e-09
7.06413482621e-09	5.68751712393e-09
7.08403179584e-09	5.75284841986e-09
7.10392876548e-09	4.34431868257e-09
7.12382573511e-09	1.9064332335e-09
7.14372270474e-09	-6.08281702785e-10
7.16361967438e-09	-2.23125251608e-09
7.18351664401e-09	-2.32237074016e-09
7.20341361365e-09	-8.96485052859e-10
7.22331058328e-09	1.46300516146e-09
7.24320755292e-09	3.88639564974e-09
7.26310452255e-09	5.61460922199e-09
7.28300149218e-09	6.27971230571e-09
7.30289846182e-09	6.02517546966e-09
7.32279543145e-09	5.35112043565e-09
7.34269240109e-09	4.72833683318e-09
7.36258937072e-09	4.40706049432e-09
7.38248634035e-09	4.28022994825e-09
7.40238330999e-09	4.02648758779e-09
7.42228027962e-09	3.37327499267e-09
7.44217724926e-09	2.36739339243e-09
7.46207421889e-09	1.37897315788e-09
7.48197118853e-09	9.93693238804e-10
7.50186815816e-09	1.62907565215e-09
7.52176512779e-09	3.31638960738e-09
7.54166209743e-09	5.52821521893e-09
7.56155906706e-09	7.40580174963e-09
7.5814560367e-09	8.01332689093e-09
7.60135300633e-09	6.80244038875e-09
7.62124997597e-09	3.81693565643e-09
7.6411469456e-09	-2.47913661822e-10
7.66104391523e-09	-4.23836832297e-09
7.68094088487e-09	-6.93798218876e-09
7.7008378545e-09	-7.4982784426e-09
7.72073482414e-09	-5.68262725764e-09
7.74063179377e-09	-1.93405247373e-09
7.76052876341e-09	2.77747203015e-09
7.78042573304e-09	7.35452765355e-09
7.80032270267e-09	1.08633146922e-08
7.82021967231e-09	1.2851120168e-08
7.84011664194e-09	1.32415847176e-08
7.86001361158e-09	1.23403767205e-08
7.87991058121e-09	1.04870325757e-08
7.89980755084e-09	8.0060971186e-09
7.91970452048e-09	5.08580733083e-09
7.93960149011e-09	1.93445681695e-09
7.95949845975e-09	-1.13003639779e-09
7.97939542938e-09	-3.6679674853e-09
7.99929239902e-09	-5.1762674147e-09
8.01918936865e-09	-5.31906474421e-09
8.03908633828e-09	-4.09612788133e-09
8.05898330792e-09	-1.95272509274e-09
8.07888027755e-09	3.99436400622e-10
8.09877724719e-09	2.21083462648e-09
8.11867421682e-09	3.04108804805e-09
8.13857118646e-09	2.93317081734e-09
8.15846815609e-09	2.41866304762e-09
8.17836512572e-09	2.25698282286e-09
8.19826209536e-09	3.08819281258e-09
8.21815906499e-09	5.08818276401e-09
8.23805603463e-09	7.90614596013e-09
8.25795300426e-09	1.06866204774e-08
8.27784997389e-09	1.25152030961e-08
8.29774694353e-09	1.26691501734e-08
8.31764391316e-09	1.09628039979e-08
8.3375408828e-09	7.73913289009e-09
8.35743785243e-09	3.76682196546e-09
8.37733482207e-09	-8.45955805406e-11
8.3972317917e-09	-3.07145753276e-09
8.41712876133e-09	-4.81805084718e-09
8.43702573097e-09	-5.2856048427e-09
8.4569227006e-09	-4.73678918311e-09
8.47681967024e-09	-3.55446116984e-09
8.49671663987e-09	-2.07289829746e-09
8.51661360951e-09	-4.94198737488e-10
8.53651057914e-09	1.120912696e-09
8.55640754877e-09	2.76158718115e-09
8.57630451841e-09	4.40564029702e-09
8.59620148804e-09	5.96050053758e-09
8.61609845768e-09	7.26068938306e-09
8.63599542731e-09	8.13860800974e-09
8.65589239695e-09	8.5261433469e-09
8.67578936658e-09	8.45256042936e-09
8.69568633621e-09	7.9844815204e-09
8.71558330585e-09	7.2397181583e-09
8.73548027548e-09	6.23378015874e-09
8.75537724512e-09	4.92130114438e-09
8.77527421475e-09	3.27477733819e-09
8.79517118438e-09	1.28745336614e-09
8.81506815402e-09	-8.64584681626e-10
8.83496512365e-09	-2.85969625757e-09
8.85486209329e-09	-4.26841539891e-09
8.87475906292e-09	-4.69888394861e-09
8.89465603256e-09	-3.89054255479e-09
8.91455300219e-09	-1.88459070571e-09
8.93444997182e-09	1.01141672815e-09
8.95434694146e-09	4.26729585001e-09
8.97424391109e-09	7.27431004321e-09
8.99414088073e-09	9.50962597557e-09
9.01403785036e-09	1.06460840144e-08
9.03393482e-09	1.05629993641e-08
9.05383178963e-09	9.35943234026e-09
9.07372875926e-09	7.27275439871e-09
9.0936257289e-09	4.64040672554e-09
9.11352269853e-09	1.87052795475e-09
9.13341966817e-09	-6.3953309315e-10
9.1533166378e-09	-2.4795103748e-09
9.17321360744e-09	-3.34077765451e-09
9.19311057707e-09	-3.09409964316e-09
9.2130075467e-09	-1.81413206679e-09
9.23290451634e-09	2.15541140491e-10
9.25280148597e-09	2.52417731161e-09
9.27269845561e-09	4.64134997102e-09
9.29259542524e-09	6.15464079701e-09
9.31249239487e-09	6.8977041856e-09
9.33238936451e-09	6.89942947218e-09
9.35228633414e-09	6.38428687694e-09
9.37218330378e-09	5.59754687046e-09
9.39208027341e-09	4.78133488357e-09
9.41197724305e-09	4.02923516774e-09
9.43187421268e-09	3.35199090706e-09
9.45177118231e-09	2.71027955634e-09
9.47166815195e-09	2.07503503269e-09
9.49156512158e-09	1.45329459578e-09
9.51146209122e-09	9.17155462687e-10
9.53135906085e-09	5.13082354381e-10
9.55125603049e-09	3.06476399814e-10
9.57115300012e-09	2.65289401558e-10
9.59104996975e-09	3.48144846285e-10
9.61094693939e-09	4.81796713636e-10
9.63084390902e-09	6.68249955371e-10
9.65074087866e-09	9.96651428053e-10
9.67063784829e-09	1.67342695256e-09
9.69053481792e-09	2.84994650102e-09
9.71043178756e-09	4.62872584706e-09
9.73032875719e-09	6.82408396457e-09
9.75022572683e-09	9.05346020375e-09
9.77012269646e-09	1.07254312098e-08
9.7900196661e-09	1.130938454e-08
9.80991663573e-09	1.04612336571e-08
9.82981360536e-09	8.20102119548e-09
9.849710575e-09	4.92006480002e-09
9.86960754463e-09	1.27232269165e-09
9.88950451427e-09	-2.00182004306e-09
9.9094014839e-09	-4.31324442829e-09
9.92929845354e-09	-5.36380806437e-09
9.94919542317e-09	-5.20571941109e-09
9.9690923928e-09	-4.1156167363e-09
9.98898936244e-09	-2.50742804297e-09
1.00088863321e-08	-7.10195624531e-10
1.00287833017e-08	1.09478015542e-09
1.00486802713e-08	2.85875501049e-09
1.0068577241e-08	4.60307347794e-09
1.00884742106e-08	6.31292529363e-09
1.01083711802e-08	7.86423548504e-09
1.01282681499e-08	9.09102126911e-09
1.01481651195e-08	9.77720926443e-09
1.01680620891e-08	9.79381464816e-09
1.01879590588e-08	9.12108788498e-09
1.02078560284e-08	7.86316611823e-09
1.0227752998e-08	6.17040640805e-09
1.02476499677e-08	4.22607593364e-09
1.02675469373e-08	2.15348849864e-09
1.0287443907e-08	8.46651498909e-11
1.03073408766e-08	-1.85979687206e-09
1.03272378462e-08	-3.48761397539e-09
1.03471348159e-08	-4.55687709788e-09
1.03670317855e-08	-4.79528461383e-09
1.03869287551e-08	-4.01195654476e-09
1.04068257248e-08	-2.20351537017e-09
1.04267226944e-08	4.2900802355e-10
1.0446619664e-08	3.44643091843e-09
1.04665166337e-08	6.28647667256e-09
1.04864136033e-08	8.4056113181e-09
1.05063105729e-08	9.45090050664e-09
1.05262075426e-08	9.31889854172e-09
1.05461045122e-08	8.25465917842e-09
1.05660014818e-08	6.67761002049e-09
1.05858984515e-08	5.10131314968e-09
1.06057954211e-08	3.89051235672e-09
1.06256923907e-08	3.21009174797e-09
1.06455893604e-08	2.96789925969e-09
1.066548633e-08	2.92316504336e-09
1.06853832996e-08	2.77900658041e-09
1.07052802693e-08	2.38532504859e-09
1.07251772389e-08	1.68732072758e-09
1.07450742085e-08	8.27181267926e-10
1.07649711782e-08	7.59377977166e-12
1.07848681478e-08	-5.56151014131e-10
1.08047651174e-08	-7.4098477354e-10
1.08246620871e-08	-5.09368158763e-10
1.08445590567e-08	9.16126063899e-11
1.08644560263e-08	9.97641302902e-10
1.0884352996e-08	2.12993245263e-09
1.09042499656e-08	3.43442541073e-09
1.09241469352e-08	4.8113579787e-09
1.09440439049e-08	6.10829786751e-09
1.09639408745e-08	7.08546776806e-09
1.09838378441e-08	7.52204254439e-09
1.10037348138e-08	7.24975768307e-09
1.10236317834e-08	6.26165563844e-09
1.10435287531e-08	4.73293493286e-09
1.10634257227e-08	2.97818836259e-09
1.10833226923e-08	1.36462530165e-09
1.1103219662e-08	2.29500835003e-10
1.11231166316e-08	-2.42395825634e-10
1.11430136012e-08	-2.10159528669e-11
1.11629105709e-08	7.51018913725e-10
1.11828075405e-08	1.83692339117e-09
1.12027045101e-08	2.95306223919e-09
1.12226014798e-08	3.88187970657e-09
1.12424984494e-08	4.48494885674e-09
1.1262395419e-08	4.72864547518e-09
1.12822923887e-08	4.64024241253e-09
1.13021893583e-08	4.30402380402e-09
1.13220863279e-08	3.79415210361e-09
1.13419832976e-08	3.19594328779e-09
1.13618802672e-08	2.57344923149e-09
1.13817772368e-08	2.0075703322e-09
1.14016742065e-08	1.57858359717e-09
1.14215711761e-08	1.37275846246e-09
1.14414681457e-08	1.43083445092e-09
1.14613651154e-08	1.77210546237e-09
1.1481262085e-08	2.33678876249e-09
1.15011590546e-08	3.00324654035e-09
1.15210560243e-08	3.62866736658e-09
1.15409529939e-08	4.08205202973e-09
1.15608499635e-08	4.30945501506e-09
1.15807469332e-08	4.31697122494e-09
1.16006439028e-08	4.18872048158e-09
1.16205408724e-08	4.0047072325e-09
1.16404378421e-08	3.84200582459e-09
1.16603348117e-08	3.68721364552e-09
1.16802317813e-08	3.51546192157e-09
1.1700128751e-08	3.27143268031e-09
1.17200257206e-08	2.94795921008e-09
1.17399226902e-08	2.54666332467e-09
1.17598196599e-08	2.13804929317e-09
1.17797166295e-08	1.77987813377e-09
1.17996135992e-08	1.53165669037e-09
1.18195105688e-08	1.41755363003e-09
1.18394075384e-08	1.45512801808e-09
1.18593045081e-08	1.63404723086e-09
1.18792014777e-08	1.94689286914e-09
1.18990984473e-08	2.38082398241e-09
1.1918995417e-08	2.91465851454e-09
1.19388923866e-08	3.48652506865e-09
1.19587893562e-08	4.02139788136e-09
1.19786863259e-08	4.41092407044e-09
1.19985832955e-08	4.57546311949e-09
1.20184802651e-08	4.4975982938e-09
1.20383772348e-08	4.24591695136e-09
1.20582742044e-08	3.94721011432e-09
1.2078171174e-08	3.74928799118e-09
1.20980681437e-08	3.73482134108e-09
1.21179651133e-08	3.8961269766e-09
1.21378620829e-08	4.13640632857e-09
1.21577590526e-08	4.26684243493e-09
1.21776560222e-08	4.13987022441e-09
1.21975529918e-08	3.63070817855e-09
1.22174499615e-08	2.76355982542e-09
1.22373469311e-08	1.6423518101e-09
1.22572439007e-08	5.26541032997e-10
1.22771408704e-08	-3.55227430804e-10
1.229703784e-08	-7.54744156062e-10
1.23169348096e-08	-5.94831517375e-10
1.23368317793e-08	1.15772322284e-10
1.23567287489e-08	1.20578147467e-09
1.23766257185e-08	2.47300646627e-09
1.23965226882e-08	3.70585451215e-09
1.24164196578e-08	4.74642991577e-09
1.24363166274e-08	5.48534284661e-09
1.24562135971e-08	5.9124616314e-09
1.24761105667e-08	6.01871885664e-09
1.24960075364e-08	5.82749537514e-09
1.2515904506e-08	5.37417577107e-09
1.25358014756e-08	4.72661243478e-09
1.25556984453e-08	3.95352905969e-09
1.25755954149e-08	3.2033142805e-09
1.25954923845e-08	2.60098254046e-09
1.26153893542e-08	2.26593210861e-09
1.26352863238e-08	2.20193574485e-09
1.26551832934e-08	2.33378516512e-09
1.26750802631e-08	2.48477749487e-09
1.26949772327e-08	2.49625142779e-09
1.27148742023e-08	2.22674811923e-09
1.2734771172e-08	1.71939629201e-09
1.27546681416e-08	1.07835140817e-09
1.27745651112e-08	5.39630840013e-10
1.27944620809e-08	3.10166059503e-10
1.28143590505e-08	5.34373101324e-10
1.28342560201e-08	1.22968801808e-09
1.28541529898e-08	2.28227081678e-09
1.28740499594e-08	3.50265438875e-09
1.2893946929e-08	4.67736471776e-09
1.29138438987e-08	5.64361979372e-09
1.29337408683e-08	6.30250118761e-09
1.29536378379e-08	6.6251302222e-09
1.29735348076e-08	6.61351284847e-09
1.29934317772e-08	6.28869001318e-09
1.30133287468e-08	5.66410873759e-09
1.30332257165e-08	4.75411932044e-09
1.30531226861e-08	3.61474916666e-09
1.30730196557e-08	2.33308394826e-09
1.30929166254e-08	1.0513706572e-09
1.3112813595e-08	-5.27598485733e-11
1.31327105646e-08	-8.02656496823e-10
1.31526075343e-08	-1.09712749996e-09
1.31725045039e-08	-9.0255536378e-10
1.31924014735e-08	-2.84651163751e-10
1.32122984432e-08	5.99634786269e-10
1.32321954128e-08	1.60110935621e-09
