% time-domain voltage integration by openEMS v0.0.36 @Thu Jan 22 21:57:14 2026
% start-coordinates: (0.0403226,0.0028,0.0015) m -> [125,54,9]
% stop-coordinates: (0.0403226,0.0028,0) m -> [125,54,7]
% t/s	voltage
0	0
1.98969696342e-11	0
3.97939392684e-11	0
5.96909089027e-11	0
7.95878785369e-11	0
9.94848481711e-11	0
1.19381817805e-10	0
1.3927878744e-10	0
1.59175757074e-10	0
1.79072726708e-10	0
1.98969696342e-10	0
2.18866665976e-10	9.43594375064e-29
2.38763635611e-10	4.21117465573e-22
2.58660605245e-10	3.71902711238e-17
2.78557574879e-10	1.03474263121e-13
2.98454544513e-10	2.5282235886e-12
3.18351514148e-10	-1.54232855654e-10
3.38248483782e-10	-4.66525568177e-11
3.58145453416e-10	-1.0030284936e-10
3.7804242305e-10	3.04836197951e-10
3.97939392684e-10	9.48961853542e-10
4.17836362319e-10	3.17213966206e-09
4.37733331953e-10	4.368250206e-09
4.57630301587e-10	7.95429455636e-09
4.77527271221e-10	1.03493955628e-08
4.97424240856e-10	8.38234859302e-09
5.1732121049e-10	3.22031268318e-09
5.37218180124e-10	-1.73209784293e-08
5.57115149758e-10	-4.87276281547e-08
5.77012119392e-10	-8.70501501993e-08
5.96909089027e-10	-9.37903443798e-08
6.16806058661e-10	2.47066074266e-08
6.36703028295e-10	4.67206461963e-07
6.56599997929e-10	1.52732786773e-06
6.76496967564e-10	3.50107416125e-06
6.96393937198e-10	6.60953992337e-06
7.16290906832e-10	1.07527298496e-05
7.36187876466e-10	1.50308014781e-05
7.560848461e-10	1.71259252966e-05
7.75981815735e-10	1.28957412926e-05
7.95878785369e-10	-3.40335543569e-06
8.15775755003e-10	-3.79491011699e-05
8.35672724637e-10	-9.47984372033e-05
8.55569694272e-10	-0.000172345557075
8.75466663906e-10	-0.000259914639173
8.9536363354e-10	-0.0003363956057
9.15260603174e-10	-0.000372837515897
9.35157572808e-10	-0.00033964990871
9.55054542443e-10	-0.00021732733876
9.74951512077e-10	-6.89257649356e-06
9.94848481711e-10	0.000264677859377
1.01474545135e-09	0.000547756470041
1.03464242098e-09	0.000782538612839
1.05453939061e-09	0.00091705712839
1.07443636025e-09	0.00092358366237
1.09433332988e-09	0.000806924654171
1.11423029952e-09	0.000601172476308
1.13412726915e-09	0.000356733580702
1.15402423878e-09	0.000123588997667
1.17392120842e-09	-6.22849729552e-05
1.19381817805e-09	-0.000184785560123
1.21371514769e-09	-0.000245591378189
1.23361211732e-09	-0.000257161940681
1.25350908696e-09	-0.00023523519485
1.27340605659e-09	-0.000193789332116
1.29330302622e-09	-0.000143353943713
1.31319999586e-09	-9.15355776669e-05
1.33309696549e-09	-4.40825424448e-05
1.35299393513e-09	-5.5250816331e-06
1.37289090476e-09	2.0943396521e-05
1.3927878744e-09	3.37804631272e-05
1.41268484403e-09	3.33748830599e-05
1.43258181366e-09	2.18873601625e-05
1.4524787833e-09	2.85211649498e-06
1.47237575293e-09	-1.94410567929e-05
1.49227272257e-09	-4.05894188589e-05
1.5121696922e-09	-5.67263432458e-05
1.53206666184e-09	-6.5077412728e-05
1.55196363147e-09	-6.43017010589e-05
1.5718606011e-09	-5.46719948034e-05
1.59175757074e-09	-3.79321609216e-05
1.61165454037e-09	-1.69964387169e-05
1.63155151001e-09	4.57096916762e-06
1.65144847964e-09	2.32117299674e-05
1.67134544927e-09	3.61496167898e-05
1.69124241891e-09	4.19891730417e-05
1.71113938854e-09	4.09659223806e-05
1.73103635818e-09	3.47152581526e-05
1.75093332781e-09	2.56838484347e-05
1.77083029745e-09	1.63091262948e-05
1.79072726708e-09	8.30989074529e-06
1.81062423671e-09	2.32547108681e-06
1.83052120635e-09	-1.98103577986e-06
1.85041817598e-09	-5.46569413018e-06
1.87031514562e-09	-8.97195195648e-06
1.89021211525e-09	-1.28426368065e-05
1.91010908489e-09	-1.67481421158e-05
1.93000605452e-09	-1.98170946533e-05
1.94990302415e-09	-2.09821100725e-05
1.96979999379e-09	-1.94391668629e-05
1.98969696342e-09	-1.50024056893e-05
2.00959393306e-09	-8.27265557746e-06
2.02949090269e-09	-5.370410463e-07
2.04938787232e-09	6.57698319628e-06
2.06928484196e-09	1.15864904728e-05
2.08918181159e-09	1.3593472886e-05
2.10907878123e-09	1.25379465317e-05
2.12897575086e-09	9.18060550248e-06
2.1488727205e-09	4.80343874187e-06
2.16876969013e-09	7.48172794829e-07
2.18866665976e-09	-2.00304396003e-06
2.2085636294e-09	-3.10788266233e-06
2.22846059903e-09	-2.8106951504e-06
2.24835756867e-09	-1.74129593233e-06
2.2682545383e-09	-5.71076782308e-07
2.28815150794e-09	2.43438876169e-07
2.30804847757e-09	5.69112785342e-07
2.3279454472e-09	5.37634093689e-07
2.34784241684e-09	3.81265820693e-07
2.36773938647e-09	2.8298534005e-07
2.38763635611e-09	2.87698497914e-07
2.40753332574e-09	3.31248742214e-07
2.42743029538e-09	3.02901540294e-07
2.44732726501e-09	1.57071077922e-07
2.46722423464e-09	-8.04981930003e-08
2.48712120428e-09	-3.02418669662e-07
2.50701817391e-09	-4.1751586366e-07
2.52691514355e-09	-3.98033222382e-07
2.54681211318e-09	-3.24444457078e-07
2.56670908281e-09	-3.43439040762e-07
2.58660605245e-09	-5.7770279227e-07
2.60650302208e-09	-1.0421862271e-06
2.62639999172e-09	-1.6034540522e-06
2.64629696135e-09	-2.02011551664e-06
2.66619393099e-09	-2.0368420337e-06
2.68609090062e-09	-1.5383718619e-06
2.70598787025e-09	-6.10389093936e-07
2.72588483989e-09	4.74259948646e-07
2.74578180952e-09	1.35487994157e-06
2.76567877916e-09	1.74429845856e-06
2.78557574879e-09	1.54449486445e-06
2.80547271843e-09	8.91038524742e-07
2.82536968806e-09	6.96729607341e-08
2.84526665769e-09	-5.96791892349e-07
2.86516362733e-09	-9.03516308881e-07
2.88506059696e-09	-8.12632720226e-07
2.9049575666e-09	-4.53623812291e-07
2.92485453623e-09	-3.57398448614e-08
2.94475150586e-09	2.56538584154e-07
2.9646484755e-09	3.18531164112e-07
2.98454544513e-09	1.54196591495e-07
3.00444241477e-09	-1.48812823397e-07
3.0243393844e-09	-4.7636075351e-07
3.04423635404e-09	-7.46884609271e-07
3.06413332367e-09	-9.13278029202e-07
3.0840302933e-09	-9.77238073574e-07
3.10392726294e-09	-9.57767326781e-07
3.12382423257e-09	-8.78722232756e-07
3.14372120221e-09	-7.5822697454e-07
3.16361817184e-09	-5.91574973896e-07
3.18351514148e-09	-3.70809900119e-07
3.20341211111e-09	-9.89885506897e-08
3.22330908074e-09	1.95699826122e-07
3.24320605038e-09	4.64931019906e-07
3.26310302001e-09	6.49842348821e-07
3.28299998965e-09	6.98455096426e-07
3.30289695928e-09	5.99497667508e-07
3.32279392892e-09	3.98224386799e-07
3.34269089855e-09	1.75391392077e-07
3.36258786818e-09	1.38461544452e-08
3.38248483782e-09	-4.07746636455e-08
3.40238180745e-09	-1.97169631733e-08
3.42227877709e-09	-8.70673222408e-09
3.44217574672e-09	-1.08800946919e-07
3.46207271635e-09	-3.71697524315e-07
3.48196968599e-09	-7.61085487966e-07
3.50186665562e-09	-1.15783319643e-06
3.52176362526e-09	-1.40906320212e-06
3.54166059489e-09	-1.40918893976e-06
3.56155756453e-09	-1.14148650709e-06
3.58145453416e-09	-6.82942783214e-07
3.60135150379e-09	-1.66475004448e-07
3.62124847343e-09	2.7945705483e-07
3.64114544306e-09	5.73722815034e-07
3.6610424127e-09	6.9770996447e-07
3.68093938233e-09	6.80381333495e-07
3.70083635197e-09	5.69733657585e-07
3.7207333216e-09	4.06487174587e-07
3.74063029123e-09	2.25868987513e-07
3.76052726087e-09	4.95293122071e-08
3.7804242305e-09	-1.0756168578e-07
3.80032120014e-09	-2.38875358605e-07
3.82021816977e-09	-3.469478429e-07
3.8401151394e-09	-4.33757080032e-07
3.86001210904e-09	-5.05770771042e-07
3.87990907867e-09	-5.67699601106e-07
3.89980604831e-09	-6.18179285539e-07
3.91970301794e-09	-6.51855572187e-07
3.93959998758e-09	-6.54811714185e-07
3.95949695721e-09	-6.14667754917e-07
3.97939392684e-09	-5.06817400492e-07
3.99929089648e-09	-3.15741758072e-07
4.01918786611e-09	-4.23422434892e-08
4.03908483575e-09	2.74961635682e-07
4.05898180538e-09	5.70991318227e-07
4.07887877502e-09	7.60099084118e-07
4.09877574465e-09	7.66933453633e-07
4.11867271428e-09	5.62773038837e-07
4.13856968392e-09	1.79293493829e-07
4.15846665355e-09	-2.90798723768e-07
4.17836362319e-09	-7.22679999399e-07
4.19826059282e-09	-9.9910391782e-07
4.21815756246e-09	-1.0501070733e-06
4.23805453209e-09	-8.8159069378e-07
4.25795150172e-09	-5.62156486694e-07
4.27784847136e-09	-2.09876709789e-07
4.29774544099e-09	6.12968058533e-08
4.31764241063e-09	1.77726093398e-07
4.33753938026e-09	1.33150400927e-07
4.35743634989e-09	-1.56442281352e-08
4.37733331953e-09	-1.74122952501e-07
4.39723028916e-09	-2.58694043964e-07
4.4171272588e-09	-2.27028436939e-07
4.43702422843e-09	-9.25810716979e-08
4.45692119807e-09	8.96513405735e-08
4.4768181677e-09	2.50570025173e-07
4.49671513733e-09	3.41805659332e-07
4.51661210697e-09	3.44712034916e-07
4.5365090766e-09	2.64850996246e-07
4.55640604624e-09	1.1099877284e-07
4.57630301587e-09	-1.13138398206e-07
4.59619998551e-09	-3.99280395413e-07
4.61609695514e-09	-7.22150616639e-07
4.63599392477e-09	-1.02178898942e-06
4.65589089441e-09	-1.20655801084e-06
4.67578786404e-09	-1.19211466654e-06
4.69568483368e-09	-9.37833448234e-07
4.71558180331e-09	-4.77021131928e-07
4.73547877294e-09	8.08308797673e-08
4.75537574258e-09	5.88485079334e-07
4.77527271221e-09	9.03313605249e-07
4.79516968185e-09	9.50201297201e-07
4.81506665148e-09	7.40186465009e-07
4.83496362112e-09	3.63370162404e-07
4.85486059075e-09	-4.66224587825e-08
4.87475756038e-09	-3.57669279083e-07
4.89465453002e-09	-4.91560371074e-07
4.91455149965e-09	-4.40836473103e-07
4.93444846929e-09	-2.74374414744e-07
4.95434543892e-09	-9.8945552196e-08
4.97424240856e-09	-1.42625435906e-08
4.99413937819e-09	-7.81498101787e-08
5.01403634782e-09	-2.7684137649e-07
5.03393331746e-09	-5.39178472536e-07
5.05383028709e-09	-7.59178931276e-07
5.07372725673e-09	-8.52085491942e-07
5.09362422636e-09	-7.79734818934e-07
5.113521196e-09	-5.66443844718e-07
5.13341816563e-09	-2.79410755866e-07
5.15331513526e-09	2.44231745938e-09
5.1732121049e-09	2.20470205647e-07
5.19310907453e-09	3.59821143547e-07
5.21300604417e-09	4.32196785027e-07
5.2329030138e-09	4.57456479808e-07
5.25279998343e-09	4.42962374336e-07
5.27269695307e-09	3.74155547433e-07
5.2925939227e-09	2.30035034576e-07
5.31249089234e-09	5.4932618454e-09
5.33238786197e-09	-2.73562505981e-07
5.35228483161e-09	-5.46559078884e-07
5.37218180124e-09	-7.37732307243e-07
5.39207877087e-09	-7.91109187048e-07
5.41197574051e-09	-6.95044974464e-07
5.43187271014e-09	-4.86642250053e-07
5.45176967978e-09	-2.45537464139e-07
5.47166664941e-09	-5.44412923631e-08
5.49156361905e-09	2.83107111088e-08
5.51146058868e-09	-5.00733565723e-09
5.53135755831e-09	-1.13748690467e-07
5.55125452795e-09	-2.30077674246e-07
5.57115149758e-09	-2.85367931951e-07
5.59104846722e-09	-2.47400436137e-07
5.61094543685e-09	-1.22834443061e-07
5.63084240649e-09	4.31455511318e-08
5.65073937612e-09	1.88120786504e-07
5.67063634575e-09	2.64751832901e-07
5.69053331539e-09	2.48166600159e-07
5.71043028502e-09	1.51157287576e-07
5.73032725466e-09	6.40241104577e-09
5.75022422429e-09	-1.46615761309e-07
5.77012119392e-09	-2.73909421367e-07
5.79001816356e-09	-3.64102277217e-07
5.80991513319e-09	-4.17337616909e-07
5.82981210283e-09	-4.46169948987e-07
5.84970907246e-09	-4.58279117765e-07
5.8696060421e-09	-4.53441529658e-07
5.88950301173e-09	-4.21844774223e-07
5.90939998136e-09	-3.52244569513e-07
5.929296951e-09	-2.40961547604e-07
5.94919392063e-09	-1.01524047835e-07
5.96909089027e-09	3.65685473014e-08
5.9889878599e-09	1.40051518827e-07
6.00888482954e-09	1.79408871759e-07
6.02878179917e-09	1.46127362655e-07
6.0486787688e-09	5.39763078677e-08
6.06857573844e-09	-6.57541505689e-08
6.08847270807e-09	-1.76206398805e-07
6.10836967771e-09	-2.50092696774e-07
6.12826664734e-09	-2.76641330288e-07
6.14816361697e-09	-2.65245304831e-07
6.16806058661e-09	-2.3398437321e-07
6.18795755624e-09	-1.97890770437e-07
6.20785452588e-09	-1.63264594732e-07
6.22775149551e-09	-1.31915825818e-07
6.24764846515e-09	-1.0162700903e-07
6.26754543478e-09	-8.20739600726e-08
6.28744240441e-09	-8.58440358797e-08
6.30733937405e-09	-1.25901557624e-07
6.32723634368e-09	-2.02225386658e-07
6.34713331332e-09	-2.90659571078e-07
6.36703028295e-09	-3.54137483782e-07
6.38692725259e-09	-3.57581498633e-07
6.40682422222e-09	-2.82486425363e-07
6.42672119185e-09	-1.42194181763e-07
6.44661816149e-09	2.07948520625e-08
6.46651513112e-09	1.49731128829e-07
6.48641210076e-09	1.97525828582e-07
6.50630907039e-09	1.43885110049e-07
6.52620604003e-09	4.90709473056e-09
6.54610300966e-09	-1.78549754537e-07
6.56599997929e-09	-3.47841165649e-07
6.58589694893e-09	-4.56278144156e-07
6.60579391856e-09	-4.79623835759e-07
6.6256908882e-09	-4.18946697778e-07
6.64558785783e-09	-3.01667711256e-07
6.66548482746e-09	-1.66202823948e-07
6.6853817971e-09	-5.22064613762e-08
6.70527876673e-09	1.68057860961e-08
6.72517573637e-09	2.97764373158e-08
6.745072706e-09	-5.05036101828e-09
6.76496967564e-09	-6.73988580502e-08
6.78486664527e-09	-1.33858051754e-07
6.8047636149e-09	-1.88171895843e-07
6.82466058454e-09	-2.18989157474e-07
6.84455755417e-09	-2.20938709106e-07
6.86445452381e-09	-1.93875166588e-07
6.88435149344e-09	-1.428510501e-07
6.90424846308e-09	-7.38845713499e-08
6.92414543271e-09	-5.48659317978e-09
6.94404240234e-09	3.63994203667e-08
6.96393937198e-09	2.67391202513e-08
6.98383634161e-09	-5.19766913953e-08
7.00373331125e-09	-1.91608094724e-07
7.02363028088e-09	-3.6250702351e-07
7.04352725051e-09	-5.13690082471e-07
7.06342422015e-09	-5.89380249494e-07
7.08332118978e-09	-5.56192105705e-07
7.10321815942e-09	-4.10080247093e-07
7.12311512905e-09	-1.88472597529e-07
7.14301209869e-09	4.96698699948e-08
7.16290906832e-09	2.34800829446e-07
7.18280603795e-09	3.18062674864e-07
7.20270300759e-09	2.87489044126e-07
7.22259997722e-09	1.64771591926e-07
7.24249694686e-09	1.10953468635e-10
7.26239391649e-09	-1.53177424522e-07
7.28229088613e-09	-2.55419180917e-07
7.30218785576e-09	-2.95558862717e-07
7.32208482539e-09	-2.8753782999e-07
7.34198179503e-09	-2.59846814288e-07
7.36187876466e-09	-2.38790477169e-07
7.3817757343e-09	-2.37811633497e-07
7.40167270393e-09	-2.57151313576e-07
7.42156967357e-09	-2.83460906303e-07
7.4414666432e-09	-3.04117619976e-07
7.46136361283e-09	-3.12450239903e-07
7.48126058247e-09	-3.08551847183e-07
7.5011575521e-09	-2.93500903581e-07
7.52105452174e-09	-2.69228820571e-07
7.54095149137e-09	-2.28341797026e-07
7.560848461e-09	-1.64788097834e-07
7.58074543064e-09	-7.11500582895e-08
7.60064240027e-09	4.53819897217e-08
7.62053936991e-09	1.68341728113e-07
7.64043633954e-09	2.66121034542e-07
7.66033330918e-09	3.07867580318e-07
7.68023027881e-09	2.71235322202e-07
7.70012724844e-09	1.51082069522e-07
7.72002421808e-09	-3.51873641335e-08
7.73992118771e-09	-2.450561567e-07
7.75981815735e-09	-4.32527883731e-07
7.77971512698e-09	-5.56347828251e-07
7.79961209662e-09	-5.96617923065e-07
7.81950906625e-09	-5.59132530498e-07
7.83940603588e-09	-4.71761637755e-07
7.85930300552e-09	-3.71202688143e-07
7.87919997515e-09	-2.86002943994e-07
7.89909694479e-09	-2.2432175939e-07
7.91899391442e-09	-1.78779046678e-07
7.93889088405e-09	-1.30086135641e-07
7.95878785369e-09	-6.40366799587e-08
7.97868482332e-09	2.38451747236e-08
7.99858179296e-09	1.17558638379e-07
8.01847876259e-09	1.91684151218e-07
8.03837573223e-09	2.23572037328e-07
8.05827270186e-09	1.99059165595e-07
8.07816967149e-09	1.20748843813e-07
8.09806664113e-09	8.13795342225e-09
8.11796361076e-09	-1.13761462472e-07
8.1378605804e-09	-2.24052378428e-07
8.15775755003e-09	-3.11685312226e-07
8.17765451967e-09	-3.75523597995e-07
8.1975514893e-09	-4.22163537905e-07
8.21744845893e-09	-4.55212429529e-07
8.23734542857e-09	-4.71634663768e-07
8.2572423982e-09	-4.65191419607e-07
8.27713936784e-09	-4.26491226335e-07
8.29703633747e-09	-3.5198566195e-07
8.31693330711e-09	-2.45664750764e-07
8.33683027674e-09	-1.19761132567e-07
8.35672724637e-09	4.15631973283e-09
8.37662421601e-09	1.08536180932e-07
8.39652118564e-09	1.78610598311e-07
8.41641815528e-09	2.03567573465e-07
8.43631512491e-09	1.85720956836e-07
8.45621209454e-09	1.32295539856e-07
8.47610906418e-09	5.42490319333e-08
8.49600603381e-09	-3.99255064565e-08
8.51590300345e-09	-1.39967383461e-07
8.53579997308e-09	-2.37313997786e-07
8.55569694272e-09	-3.22863186852e-07
8.57559391235e-09	-3.87507853361e-07
8.59549088198e-09	-4.23752140932e-07
8.61538785162e-09	-4.24600685278e-07
8.63528482125e-09	-3.91831790125e-07
8.65518179089e-09	-3.32900967237e-07
8.67507876052e-09	-2.59180907847e-07
8.69497573016e-09	-1.8358054632e-07
8.71487269979e-09	-1.18485946388e-07
8.73476966942e-09	-7.05377800614e-08
8.75466663906e-09	-3.76491264831e-08
8.77456360869e-09	-1.4558250605e-08
8.79446057833e-09	4.97728258608e-09
8.81435754796e-09	2.47044331658e-08
8.83425451759e-09	4.02041955283e-08
8.85415148723e-09	3.86445844214e-08
8.87404845686e-09	1.16579084164e-08
8.8939454265e-09	-4.61128948359e-08
8.91384239613e-09	-1.31492825517e-07
8.93373936577e-09	-2.32552459067e-07
8.9536363354e-09	-3.27916808374e-07
8.97353330503e-09	-4.00084459784e-07
8.99343027467e-09	-4.37229033423e-07
9.0133272443e-09	-4.33815444012e-07
9.03322421394e-09	-3.90253418914e-07
9.05312118357e-09	-3.14570641535e-07
9.07301815321e-09	-2.19179987937e-07
9.09291512284e-09	-1.13263070034e-07
9.11281209247e-09	-8.01226485159e-09
9.13270906211e-09	8.5151807383e-08
9.15260603174e-09	1.50094095375e-07
9.17250300138e-09	1.76247574757e-07
9.19239997101e-09	1.53532297986e-07
9.21229694065e-09	8.29324235951e-08
9.23219391028e-09	-2.56584051783e-08
9.25209087991e-09	-1.50181456604e-07
9.27198784955e-09	-2.65518963261e-07
9.29188481918e-09	-3.49194877458e-07
9.31178178882e-09	-3.93429374412e-07
9.33167875845e-09	-3.97129454655e-07
9.35157572808e-09	-3.71009562627e-07
9.37147269772e-09	-3.28930198634e-07
9.39136966735e-09	-2.85816000201e-07
9.41126663699e-09	-2.46243487823e-07
9.43116360662e-09	-2.10222289354e-07
9.45106057626e-09	-1.72012917687e-07
9.47095754589e-09	-1.26371638487e-07
9.49085451552e-09	-6.9928148605e-08
9.51075148516e-09	-7.28152738105e-09
9.53064845479e-09	5.31634629652e-08
9.55054542443e-09	9.54083247962e-08
9.57044239406e-09	1.08982568747e-07
9.5903393637e-09	8.98619951784e-08
9.61023633333e-09	4.0192002615e-08
9.63013330296e-09	-3.46095880843e-08
9.6500302726e-09	-1.22302395766e-07
9.66992724223e-09	-2.11582047882e-07
9.68982421187e-09	-2.95954365015e-07
9.7097211815e-09	-3.7068971892e-07
9.72961815113e-09	-4.28623366133e-07
9.74951512077e-09	-4.62920027644e-07
9.7694120904e-09	-4.67222022849e-07
9.78930906004e-09	-4.34550912587e-07
9.80920602967e-09	-3.61065531251e-07
9.82910299931e-09	-2.53594194533e-07
9.84899996894e-09	-1.28025597235e-07
9.86889693857e-09	-5.76629588522e-09
9.88879390821e-09	9.19389577803e-08
9.90869087784e-09	1.47615864421e-07
9.92858784748e-09	1.59146807732e-07
9.94848481711e-09	1.33374463474e-07
9.96838178675e-09	8.46832080015e-08
9.98827875638e-09	2.70629776367e-08
1.0008175726e-08	-2.76665694798e-08
1.00280726956e-08	-7.9537272768e-08
1.00479696653e-08	-1.32963862143e-07
1.00678666349e-08	-1.92744835203e-07
1.00877636046e-08	-2.59961609572e-07
1.01076605742e-08	-3.31367601802e-07
1.01275575438e-08	-3.95146457777e-07
1.01474545135e-08	-4.35498265006e-07
1.01673514831e-08	-4.42806239676e-07
1.01872484527e-08	-4.12908917724e-07
1.02071454224e-08	-3.52199919007e-07
1.0227042392e-08	-2.68657061042e-07
1.02469393616e-08	-1.77747011776e-07
1.02668363313e-08	-9.01804995124e-08
1.02867333009e-08	-1.38931417482e-08
1.03066302705e-08	4.91864096119e-08
1.03265272402e-08	9.45218339155e-08
1.03464242098e-08	1.18181940678e-07
1.03663211794e-08	1.18804692306e-07
1.03862181491e-08	9.08326747151e-08
1.04061151187e-08	3.4250177805e-08
1.04260120883e-08	-4.92459744095e-08
1.0445909058e-08	-1.47581708632e-07
1.04658060276e-08	-2.466832143e-07
1.04857029972e-08	-3.27783638454e-07
1.05055999669e-08	-3.77739510782e-07
1.05254969365e-08	-3.88599815437e-07
1.05453939061e-08	-3.63373288792e-07
1.05652908758e-08	-3.15270327178e-07
1.05851878454e-08	-2.58201040992e-07
1.0605084815e-08	-2.06331250752e-07
1.06249817847e-08	-1.66456700867e-07
1.06448787543e-08	-1.3941428989e-07
1.06647757239e-08	-1.18912424796e-07
1.06846726936e-08	-9.80546452922e-08
1.07045696632e-08	-7.3746456053e-08
1.07244666328e-08	-4.52626167657e-08
1.07443636025e-08	-1.8859312334e-08
1.07642605721e-08	-3.84704179623e-09
1.07841575417e-08	-5.3649142906e-09
1.08040545114e-08	-2.54370045027e-08
1.0823951481e-08	-5.99547700375e-08
1.08438484507e-08	-1.03703992949e-07
1.08637454203e-08	-1.47935878658e-07
1.08836423899e-08	-1.89474256729e-07
1.09035393596e-08	-2.26084132748e-07
1.09234363292e-08	-2.5755041122e-07
1.09433332988e-08	-2.80697250332e-07
1.09632302685e-08	-2.93022011988e-07
1.09831272381e-08	-2.89650259333e-07
1.10030242077e-08	-2.69644516493e-07
1.10229211774e-08	-2.31438967546e-07
1.1042818147e-08	-1.81081887263e-07
1.10627151166e-08	-1.26679417178e-07
1.10826120863e-08	-7.74883979204e-08
1.11025090559e-08	-4.36105516144e-08
1.11224060255e-08	-2.95197049027e-08
1.11423029952e-08	-3.59651330939e-08
1.11621999648e-08	-5.91881264e-08
1.11820969344e-08	-9.23290208732e-08
1.12019939041e-08	-1.27011944073e-07
1.12218908737e-08	-1.58303279818e-07
1.12417878433e-08	-1.83871861736e-07
1.1261684813e-08	-2.01583524984e-07
1.12815817826e-08	-2.11315423826e-07
1.13014787522e-08	-2.13637932234e-07
1.13213757219e-08	-2.09757871517e-07
1.13412726915e-08	-1.99221382502e-07
1.13611696611e-08	-1.83009184695e-07
1.13810666308e-08	-1.63963726152e-07
1.14009636004e-08	-1.44458454088e-07
1.142086057e-08	-1.27629952829e-07
1.14407575397e-08	-1.14582412891e-07
1.14606545093e-08	-1.0794234484e-07
1.14805514789e-08	-1.0557166874e-07
1.15004484486e-08	-1.04758630215e-07
1.15203454182e-08	-1.01825936127e-07
1.15402423878e-08	-1.00214816001e-07
1.15601393575e-08	-9.93362938573e-08
1.15800363271e-08	-1.04970546033e-07
1.15999332968e-08	-1.22030030525e-07
1.16198302664e-08	-1.50565853119e-07
1.1639727236e-08	-1.87068984303e-07
1.16596242057e-08	-2.2355736462e-07
1.16795211753e-08	-2.51973531817e-07
1.16994181449e-08	-2.64552525664e-07
1.17193151146e-08	-2.5813882587e-07
1.17392120842e-08	-2.3437019081e-07
1.17591090538e-08	-1.99548537694e-07
1.17790060235e-08	-1.604187716e-07
1.17989029931e-08	-1.24031231508e-07
1.18187999627e-08	-9.66129469759e-08
1.18386969324e-08	-7.70980150833e-08
1.1858593902e-08	-6.6083671868e-08
1.18784908716e-08	-6.24596552257e-08
1.18983878413e-08	-6.47490310257e-08
1.19182848109e-08	-7.34321794482e-08
1.19381817805e-08	-8.96150957885e-08
1.19580787502e-08	-1.11475323195e-07
1.19779757198e-08	-1.35459785611e-07
1.19978726894e-08	-1.57318716276e-07
1.20177696591e-08	-1.75435538097e-07
1.20376666287e-08	-1.88990512129e-07
1.20575635983e-08	-1.99249498678e-07
1.2077460568e-08	-2.10524838451e-07
1.20973575376e-08	-2.24909229019e-07
1.21172545072e-08	-2.40987787947e-07
1.21371514769e-08	-2.54704872305e-07
1.21570484465e-08	-2.6195874625e-07
1.21769454161e-08	-2.53253446658e-07
1.21968423858e-08	-2.24511097713e-07
1.22167393554e-08	-1.76129866247e-07
1.2236636325e-08	-1.14142089558e-07
1.22565332947e-08	-4.95343517315e-08
1.22764302643e-08	4.23626400625e-09
1.22963272339e-08	3.5104093854e-08
1.23162242036e-08	3.83967826423e-08
1.23361211732e-08	1.57998494288e-08
1.23560181429e-08	-2.67633106787e-08
1.23759151125e-08	-8.06818647447e-08
1.23958120821e-08	-1.35230479259e-07
1.24157090518e-08	-1.83460592496e-07
1.24356060214e-08	-2.23928665832e-07
1.2455502991e-08	-2.55092828638e-07
1.24753999607e-08	-2.77433215956e-07
1.24952969303e-08	-2.91679342013e-07
1.25151938999e-08	-2.96815841239e-07
1.25350908696e-08	-2.91158826826e-07
1.25549878392e-08	-2.72555652714e-07
1.25748848088e-08	-2.42816753371e-07
1.25947817785e-08	-2.06690550897e-07
1.26146787481e-08	-1.68465611239e-07
1.26345757177e-08	-1.31051599794e-07
1.26544726874e-08	-9.79086109965e-08
1.2674369657e-08	-6.83868641715e-08
1.26942666266e-08	-4.23511554715e-08
1.27141635963e-08	-1.83248687335e-08
1.27340605659e-08	-5.93686766415e-11
1.27539575355e-08	8.11435918457e-09
1.27738545052e-08	9.2891327963e-10
1.27937514748e-08	-2.46394646908e-08
1.28136484444e-08	-7.01148579196e-08
1.28335454141e-08	-1.29885478373e-07
1.28534423837e-08	-1.94282115729e-07
1.28733393533e-08	-2.52551629387e-07
1.2893236323e-08	-2.94865571959e-07
1.29131332926e-08	-3.16573093073e-07
1.29330302622e-08	-3.17356594337e-07
1.29529272319e-08	-3.01100584466e-07
1.29728242015e-08	-2.73945232721e-07
1.29927211711e-08	-2.40210376035e-07
1.30126181408e-08	-2.04295034223e-07
1.30325151104e-08	-1.65752794601e-07
1.30524120801e-08	-1.25194219436e-07
1.30723090497e-08	-8.384467165e-08
1.30922060193e-08	-4.47762591449e-08
1.3112102989e-08	-1.22591403695e-08
1.31319999586e-08	7.18194570482e-09
1.31518969282e-08	8.77382122511e-09
1.31717938979e-08	-9.51113943159e-09
1.31916908675e-08	-4.38013003645e-08
1.32115878371e-08	-8.97264058608e-08
1.32314848068e-08	-1.39436664881e-07
