% time-domain current integration by openEMS v0.0.36 @Thu Jan 22 21:57:14 2026
% start-coordinates: (0.0403226,0.0170476,0) m -> [125,72,7]
% stop-coordinates: (0.0403226,0.0219048,0.00227273) m -> [125,78,10]
% t/s	current
7.10606058365e-13	-0
2.06075756926e-11	-0
4.05045453268e-11	-0
6.0401514961e-11	-0
8.02984845953e-11	-0
1.00195454229e-10	-0
1.20092423864e-10	-0
1.39989393498e-10	-0
1.59886363132e-10	-0
1.79783332766e-10	-0
1.99680302401e-10	9.85420702509e-36
2.19577272035e-10	1.46277984617e-26
2.39474241669e-10	1.95096218181e-20
2.59371211303e-10	5.25021143317e-16
2.79268180937e-10	4.12682556314e-13
2.99165150572e-10	7.50303291719e-12
3.19062120206e-10	1.19522161265e-11
3.3895908984e-10	1.13627206602e-12
3.58856059474e-10	-2.69778990813e-11
3.78753029109e-10	-8.8522487951e-11
3.98649998743e-10	-2.34571417845e-10
4.18546968377e-10	-3.95893151595e-10
4.38443938011e-10	-4.98847907426e-10
4.58340907645e-10	-5.70998748284e-10
4.7823787728e-10	-3.1582950144e-10
4.98134846914e-10	5.31766408685e-10
5.18031816548e-10	2.09578132626e-09
5.37928786182e-10	4.2670289524e-09
5.57825755817e-10	6.44248121517e-09
5.77722725451e-10	7.52021644956e-09
5.97619695085e-10	5.99942939772e-09
6.17516664719e-10	2.98332414328e-10
6.37413634353e-10	-1.09444320273e-08
6.57310603988e-10	-2.94197519679e-08
6.77207573622e-10	-5.69236568992e-08
6.97104543256e-10	-9.55249888079e-08
7.1700151289e-10	-1.48058262539e-07
7.36898482525e-10	-2.14013169852e-07
7.56795452159e-10	-2.79026181715e-07
7.76692421793e-10	-2.98810562072e-07
7.96589391427e-10	-1.88144767321e-07
8.16486361061e-10	1.76857881229e-07
8.36383330696e-10	9.31219744871e-07
8.5628030033e-10	2.15909153667e-06
8.76177269964e-10	3.81080667466e-06
8.96074239598e-10	5.62943614568e-06
9.15971209233e-10	7.13195458957e-06
9.35868178867e-10	7.68324753153e-06
9.55765148501e-10	6.67160202283e-06
9.75662118135e-10	3.74738624487e-06
9.95559087769e-10	-9.66485004028e-07
1.0154560574e-09	-6.79177037455e-06
1.03535302704e-09	-1.26074673972e-05
1.05524999667e-09	-1.71489609784e-05
1.07514696631e-09	-1.939399408e-05
1.09504393594e-09	-1.88876165339e-05
1.11494090557e-09	-1.58713901328e-05
1.13483787521e-09	-1.11699800982e-05
1.15473484484e-09	-5.88996363149e-06
1.17463181448e-09	-1.06687366497e-06
1.19452878411e-09	2.60100910054e-06
1.21442575375e-09	4.84784413857e-06
1.23432272338e-09	5.77365653953e-06
1.25421969301e-09	5.68697123526e-06
1.27411666265e-09	4.94633059134e-06
1.29401363228e-09	3.85948760595e-06
1.31391060192e-09	2.65193216364e-06
1.33380757155e-09	1.48041658576e-06
1.35370454119e-09	4.57885448668e-07
1.37360151082e-09	-3.30783791469e-07
1.39349848045e-09	-8.2688461589e-07
1.41339545009e-09	-1.0029209534e-06
1.43329241972e-09	-8.67945914251e-07
1.45318938936e-09	-4.69512599466e-07
1.47308635899e-09	1.08237934171e-07
1.49298332863e-09	7.51612219574e-07
1.51288029826e-09	1.33163268856e-06
1.53277726789e-09	1.72570469203e-06
1.55267423753e-09	1.84433702088e-06
1.57257120716e-09	1.65464791735e-06
1.5924681768e-09	1.19260846532e-06
1.61236514643e-09	5.56613031222e-07
1.63226211606e-09	-1.16793195559e-07
1.6521590857e-09	-6.89262947162e-07
1.67205605533e-09	-1.05713581888e-06
1.69195302497e-09	-1.17748800221e-06
1.7118499946e-09	-1.07311495867e-06
1.73174696424e-09	-8.16985334495e-07
1.75164393387e-09	-5.02874456743e-07
1.7715409035e-09	-2.15149157157e-07
1.79143787314e-09	-5.93551519046e-09
1.81133484277e-09	1.11783350576e-07
1.83123181241e-09	1.56112818672e-07
1.85112878204e-09	1.59472435257e-07
1.87102575168e-09	1.51856724528e-07
1.89092272131e-09	1.50412319044e-07
1.91081969094e-09	1.57607118467e-07
1.93071666058e-09	1.66111362887e-07
1.95061363021e-09	1.66280457847e-07
1.97051059985e-09	1.51672793436e-07
1.99040756948e-09	1.21068339354e-07
2.01030453911e-09	7.75081829829e-08
2.03020150875e-09	2.65468980132e-08
2.05009847838e-09	-2.53642902237e-08
2.06999544802e-09	-7.14919252687e-08
2.08989241765e-09	-1.04856063388e-07
2.10978938729e-09	-1.19386882602e-07
2.12968635692e-09	-1.11916698131e-07
2.14958332655e-09	-8.38388558577e-08
2.16948029619e-09	-4.23231014679e-08
2.18937726582e-09	1.42154343852e-09
2.20927423546e-09	3.54978020312e-08
2.22917120509e-09	5.16751264001e-08
2.24906817473e-09	4.8020769583e-08
2.26896514436e-09	2.90295325556e-08
2.28886211399e-09	3.41110184543e-09
2.30875908363e-09	-1.98794278816e-08
2.32865605326e-09	-3.46256214812e-08
2.3485530229e-09	-3.88882490654e-08
2.36844999253e-09	-3.4407637628e-08
2.38834696217e-09	-2.5095159728e-08
2.4082439318e-09	-1.51250034719e-08
2.42814090143e-09	-7.94254084724e-09
2.44803787107e-09	-5.42269695814e-09
2.4679348407e-09	-7.87635645594e-09
2.48783181034e-09	-1.37907409936e-08
2.50772877997e-09	-2.02412522299e-08
2.5276257496e-09	-2.34615029626e-08
2.54752271924e-09	-2.04334487108e-08
2.56741968887e-09	-9.99391058798e-09
2.58731665851e-09	6.19519457956e-09
2.60721362814e-09	2.39986963635e-08
2.62711059778e-09	3.82947824562e-08
2.64700756741e-09	4.47850894147e-08
2.66690453704e-09	4.15772660745e-08
2.68680150668e-09	2.95852089494e-08
2.70669847631e-09	1.21024177346e-08
2.72659544595e-09	-6.44991571264e-09
2.74649241558e-09	-2.17914664091e-08
2.76638938522e-09	-3.06362721858e-08
2.78628635485e-09	-3.1421457436e-08
2.80618332448e-09	-2.43127367128e-08
2.82608029412e-09	-1.09941495907e-08
2.84597726375e-09	5.6499791512e-09
2.86587423339e-09	2.22569678243e-08
2.88577120302e-09	3.54665417035e-08
2.90566817265e-09	4.26125374986e-08
2.92556514229e-09	4.20884198604e-08
2.94546211192e-09	3.36228005438e-08
2.96535908156e-09	1.83897999051e-08
2.98525605119e-09	-9.01090424499e-10
3.00515302083e-09	-2.04304750895e-08
3.02504999046e-09	-3.60151020118e-08
3.04494696009e-09	-4.42002736634e-08
3.06484392973e-09	-4.33731131011e-08
3.08474089936e-09	-3.43832518013e-08
3.104637869e-09	-2.03817371869e-08
3.12453483863e-09	-5.46800205115e-09
3.14443180827e-09	6.85830325864e-09
3.1643287779e-09	1.50193475434e-08
3.18422574753e-09	1.96872669278e-08
3.20412271717e-09	2.28392540436e-08
3.2240196868e-09	2.62513033533e-08
3.24391665644e-09	3.00767091233e-08
3.26381362607e-09	3.26157234554e-08
3.28371059571e-09	3.12365671107e-08
3.30360756534e-09	2.4061581172e-08
3.32350453497e-09	1.13090603548e-08
3.34340150461e-09	-4.2962957636e-09
3.36329847424e-09	-1.85744166714e-08
3.38319544388e-09	-2.75798832661e-08
3.40309241351e-09	-2.92412867253e-08
3.42298938314e-09	-2.405780819e-08
3.44288635278e-09	-1.46532670442e-08
3.46278332241e-09	-4.44233005936e-09
3.48268029205e-09	3.68602037781e-09
3.50257726168e-09	8.45504288804e-09
3.52247423132e-09	1.02301074278e-08
3.54237120095e-09	1.04623145702e-08
3.56226817058e-09	1.05728785726e-08
3.58216514022e-09	1.12939551045e-08
3.60206210985e-09	1.21490106864e-08
3.62195907949e-09	1.21096386252e-08
3.64185604912e-09	1.01376436135e-08
3.66175301876e-09	6.22911766612e-09
3.68164998839e-09	1.2996025367e-09
3.70154695802e-09	-2.98037750035e-09
3.72144392766e-09	-5.40598588117e-09
3.74134089729e-09	-5.60875923483e-09
3.76123786693e-09	-4.40988179307e-09
3.78113483656e-09	-2.97074254085e-09
3.80103180619e-09	-2.12909978536e-09
3.82092877583e-09	-1.66550084835e-09
3.84082574546e-09	-6.98538282773e-10
3.8607227151e-09	1.84662563019e-09
3.88061968473e-09	6.14084383344e-09
3.90051665437e-09	1.1350682172e-08
3.920413624e-09	1.57004738099e-08
3.94031059363e-09	1.733813626e-08
3.96020756327e-09	1.51243497726e-08
3.9801045329e-09	9.19869336258e-09
4.00000150254e-09	9.88621517983e-10
4.01989847217e-09	-7.07530389832e-09
4.03979544181e-09	-1.23883996395e-08
4.05969241144e-09	-1.29367814239e-08
4.07958938107e-09	-8.19019430054e-09
4.09948635071e-09	5.48233125564e-10
4.11938332034e-09	1.03768762472e-08
4.13928028998e-09	1.77162391424e-08
4.15917725961e-09	1.95895140109e-08
4.17907422925e-09	1.49693075713e-08
4.19897119888e-09	5.14519227224e-09
4.21886816851e-09	-6.65756072493e-09
4.23876513815e-09	-1.64968554373e-08
4.25866210778e-09	-2.12387281096e-08
4.27855907742e-09	-1.95479294973e-08
4.29845604705e-09	-1.21096155326e-08
4.31835301668e-09	-1.15182885452e-09
4.33824998632e-09	1.06017292723e-08
4.35814695595e-09	2.07541734909e-08
4.37804392559e-09	2.76888236783e-08
4.39794089522e-09	3.0604951462e-08
4.41783786486e-09	2.91563928556e-08
4.43773483449e-09	2.33741523914e-08
4.45763180412e-09	1.36987843291e-08
4.47752877376e-09	1.20825049965e-09
4.49742574339e-09	-1.20412204652e-08
4.51732271303e-09	-2.31929355721e-08
4.53721968266e-09	-2.92969470905e-08
4.5571166523e-09	-2.82726873024e-08
4.57701362193e-09	-1.98961878084e-08
4.59691059156e-09	-6.19885565101e-09
4.6168075612e-09	9.02570285177e-09
4.63670453083e-09	2.14810782495e-08
4.65660150047e-09	2.77689657935e-08
4.6764984701e-09	2.66248765257e-08
4.69639543973e-09	1.92563991419e-08
4.71629240937e-09	8.71194849594e-09
4.736189379e-09	-1.19420828781e-09
4.75608634864e-09	-7.41126049419e-09
4.77598331827e-09	-8.60677840109e-09
4.79588028791e-09	-5.45965583854e-09
4.81577725754e-09	-2.00510677506e-10
4.83567422717e-09	4.5612762456e-09
4.85557119681e-09	6.90102375245e-09
4.87546816644e-09	6.42248432214e-09
4.89536513608e-09	4.14250900249e-09
4.91526210571e-09	1.87899673598e-09
4.93515907535e-09	1.16291987151e-09
4.95505604498e-09	2.54792165144e-09
4.97495301461e-09	5.3356186136e-09
4.99484998425e-09	8.05704036821e-09
5.01474695388e-09	9.2228473747e-09
5.03464392352e-09	7.95555266109e-09
5.05454089315e-09	4.37930358643e-09
5.07443786279e-09	-5.35343658292e-10
5.09433483242e-09	-5.35155120218e-09
5.11423180205e-09	-8.67808580551e-09
5.13412877169e-09	-9.58310142352e-09
5.15402574132e-09	-7.84246978469e-09
5.17392271096e-09	-3.84695164612e-09
5.19381968059e-09	1.49541468097e-09
5.21371665022e-09	7.12370296085e-09
5.23361361986e-09	1.20476038035e-08
5.25351058949e-09	1.54954555853e-08
5.27340755913e-09	1.70086220663e-08
5.29330452876e-09	1.63807101217e-08
5.3132014984e-09	1.36509177295e-08
5.33309846803e-09	9.18812048667e-09
5.35299543766e-09	3.72673980564e-09
5.3728924073e-09	-1.62859681296e-09
5.39278937693e-09	-5.70044900172e-09
5.41268634657e-09	-7.5447363912e-09
5.4325833162e-09	-6.9229417754e-09
5.45248028584e-09	-4.35312186298e-09
5.47237725547e-09	-9.60035162478e-10
5.4922742251e-09	1.99507788068e-09
5.51217119474e-09	3.69371799813e-09
5.53206816437e-09	3.98015531644e-09
5.55196513401e-09	3.41699424311e-09
5.57186210364e-09	2.90324697616e-09
5.59175907327e-09	3.13766834736e-09
5.61165604291e-09	4.24073398619e-09
5.63155301254e-09	5.71211344891e-09
5.65144998218e-09	6.69274324849e-09
5.67134695181e-09	6.51243503569e-09
5.69124392145e-09	5.0389594719e-09
5.71114089108e-09	2.84154921815e-09
5.73103786071e-09	9.08213615425e-10
5.75093483035e-09	2.24200408239e-10
5.77083179998e-09	1.27117494308e-09
5.79072876962e-09	3.80483289319e-09
5.81062573925e-09	6.88834056461e-09
5.83052270889e-09	9.30857879666e-09
5.85041967852e-09	9.99649962807e-09
5.87031664815e-09	8.46947223465e-09
5.89021361779e-09	4.96873830969e-09
5.91011058742e-09	3.62716218172e-10
5.93000755706e-09	-4.25419832695e-09
5.94990452669e-09	-7.79408271256e-09
5.96980149633e-09	-9.58159240838e-09
5.98969846596e-09	-9.29063226351e-09
6.00959543559e-09	-6.97194257882e-09
6.02949240523e-09	-2.82878165336e-09
6.04938937486e-09	2.74862355099e-09
6.0692863445e-09	9.17406861589e-09
6.08918331413e-09	1.55211221653e-08
6.10908028376e-09	2.05591685898e-08
6.1289772534e-09	2.29626841985e-08
6.14887422303e-09	2.1693722374e-08
6.16877119267e-09	1.64515103762e-08
6.1886681623e-09	7.91703236303e-09
6.20856513194e-09	-2.21407447931e-09
6.22846210157e-09	-1.16738236855e-08
6.2483590712e-09	-1.81567738622e-08
6.26825604084e-09	-2.00717344967e-08
6.28815301047e-09	-1.69916614112e-08
6.30804998011e-09	-9.82379866343e-09
6.32794694974e-09	-5.48123102462e-10
6.34784391938e-09	8.48603676218e-09
6.36774088901e-09	1.52094141725e-08
6.38763785864e-09	1.84651476332e-08
6.40753482828e-09	1.82300450291e-08
6.42743179791e-09	1.53723345164e-08
6.44732876755e-09	1.12001439234e-08
6.46722573718e-09	6.86885925916e-09
6.48712270681e-09	3.07914960196e-09
6.50701967645e-09	2.62305177579e-11
6.52691664608e-09	-2.3419370887e-09
6.54681361572e-09	-4.06903666317e-09
6.56671058535e-09	-5.02109864797e-09
6.58660755499e-09	-4.97678032119e-09
6.60650452462e-09	-3.78666076273e-09
6.62640149425e-09	-1.65051716738e-09
6.64629846389e-09	9.60698631758e-10
6.66619543352e-09	3.37805250439e-09
6.68609240316e-09	5.02200947494e-09
6.70598937279e-09	5.71886893397e-09
6.72588634243e-09	5.72671998711e-09
6.74578331206e-09	5.53761481115e-09
6.76568028169e-09	5.67057734102e-09
6.78557725133e-09	6.308217948e-09
6.80547422096e-09	7.26149629315e-09
6.8253711906e-09	8.05601807485e-09
6.84526816023e-09	8.13444245296e-09
6.86516512987e-09	7.21932469361e-09
6.8850620995e-09	5.39248778963e-09
6.90495906913e-09	3.10629788558e-09
6.92485603877e-09	9.90100113007e-10
6.9447530084e-09	-4.41022857123e-10
6.96464997804e-09	-1.00308061857e-09
6.98454694767e-09	-9.11713204932e-10
7.0044439173e-09	-6.13793238458e-10
7.02434088694e-09	-6.25669627219e-10
7.04423785657e-09	-1.20219312283e-09
7.06413482621e-09	-2.23760898699e-09
7.08403179584e-09	-3.15052561817e-09
7.10392876548e-09	-3.24359827886e-09
7.12382573511e-09	-1.85619319915e-09
7.14372270474e-09	1.17760912133e-09
7.16361967438e-09	5.46869260987e-09
7.18351664401e-09	1.00631085687e-08
7.20341361365e-09	1.38494833379e-08
7.22331058328e-09	1.59183013437e-08
7.24320755292e-09	1.58990403065e-08
7.26310452255e-09	1.39952813782e-08
7.28300149218e-09	1.08262883103e-08
7.30289846182e-09	7.0454451162e-09
7.32279543145e-09	3.10498649014e-09
7.34269240109e-09	-8.54504744741e-10
7.36258937072e-09	-4.79417350263e-09
7.38248634035e-09	-8.57947934918e-09
7.40238330999e-09	-1.17750289519e-08
7.42228027962e-09	-1.36727056343e-08
7.44217724926e-09	-1.34552147202e-08
7.46207421889e-09	-1.06204112171e-08
7.48197118853e-09	-5.15814146951e-09
7.50186815816e-09	2.22473550693e-09
7.52176512779e-09	1.0265273076e-08
7.54166209743e-09	1.74067071868e-08
7.56155906706e-09	2.22770513147e-08
7.5814560367e-09	2.39444375438e-08
7.60135300633e-09	2.22090150714e-08
7.62124997597e-09	1.75038561423e-08
7.6411469456e-09	1.0810561335e-08
7.66104391523e-09	3.37908456771e-09
7.68094088487e-09	-3.49455442361e-09
7.7008378545e-09	-8.70178773482e-09
7.72073482414e-09	-1.15313820714e-08
7.74063179377e-09	-1.17273311062e-08
7.76052876341e-09	-9.5462748817e-09
7.78042573304e-09	-5.69173952414e-09
7.80032270267e-09	-1.1327420113e-09
7.82021967231e-09	3.13867021262e-09
7.84011664194e-09	6.30793950407e-09
7.86001361158e-09	7.88919596317e-09
7.87991058121e-09	7.87884868458e-09
7.89980755084e-09	6.63230181885e-09
7.91970452048e-09	4.81683803955e-09
7.93960149011e-09	3.19385162761e-09
7.95949845975e-09	2.40815012376e-09
7.97939542938e-09	2.77289657902e-09
7.99929239902e-09	4.18593693041e-09
8.01918936865e-09	6.14103523588e-09
8.03908633828e-09	7.92393262117e-09
8.05898330792e-09	8.86036399805e-09
8.07888027755e-09	8.50620107684e-09
8.09877724719e-09	6.84332102097e-09
8.11867421682e-09	4.23440260633e-09
8.13857118646e-09	1.24272403479e-09
8.15846815609e-09	-1.49924150872e-09
8.17836512572e-09	-3.53277695986e-09
8.19826209536e-09	-4.61570026644e-09
8.21815906499e-09	-4.71271599523e-09
8.23805603463e-09	-3.88627263703e-09
8.25795300426e-09	-2.23876073235e-09
8.27784997389e-09	1.39195072135e-10
8.29774694353e-09	3.02529934437e-09
8.31764391316e-09	6.13071993172e-09
8.3375408828e-09	8.97678997802e-09
8.35743785243e-09	1.10771951611e-08
8.37733482207e-09	1.19954393085e-08
8.3972317917e-09	1.15879608131e-08
8.41712876133e-09	9.94932491949e-09
8.43702573097e-09	7.44603223524e-09
8.4569227006e-09	4.49047332651e-09
8.47681967024e-09	1.51180790109e-09
8.49671663987e-09	-1.2042180586e-09
8.51661360951e-09	-3.4367355628e-09
8.53651057914e-09	-5.03624031367e-09
8.55640754877e-09	-5.81195180871e-09
8.57630451841e-09	-5.60428414786e-09
8.59620148804e-09	-4.25238289026e-09
8.61609845768e-09	-1.75041703354e-09
8.63599542731e-09	1.69320357735e-09
8.65589239695e-09	5.63751711979e-09
8.67578936658e-09	9.43360856098e-09
8.69568633621e-09	1.23422676523e-08
8.71558330585e-09	1.37614648565e-08
8.73548027548e-09	1.33329054464e-08
8.75537724512e-09	1.10684599264e-08
8.77527421475e-09	7.43048911289e-09
8.79517118438e-09	3.16038506476e-09
8.81506815402e-09	-8.70585048496e-10
8.83496512365e-09	-3.93773502694e-09
8.85486209329e-09	-5.60065993582e-09
8.87475906292e-09	-5.80523762395e-09
8.89465603256e-09	-4.7987307461e-09
8.91455300219e-09	-2.98218272299e-09
8.93444997182e-09	-7.06292413444e-10
8.95434694146e-09	1.74407743803e-09
8.97424391109e-09	4.1880818813e-09
8.99414088073e-09	6.48041798001e-09
9.01403785036e-09	8.40789748935e-09
9.03393482e-09	9.66958957349e-09
9.05383178963e-09	1.00020356442e-08
9.07372875926e-09	9.24047593998e-09
9.0936257289e-09	7.49569206704e-09
9.11352269853e-09	5.10776310136e-09
9.13341966817e-09	2.63886246188e-09
9.1533166378e-09	6.61303733995e-10
9.17321360744e-09	-3.93529764331e-10
9.19311057707e-09	-4.14087986123e-10
9.2130075467e-09	4.31404856283e-10
9.23290451634e-09	1.72947656196e-09
9.25280148597e-09	2.98401103827e-09
9.27269845561e-09	3.77893227821e-09
9.29259542524e-09	3.87142717884e-09
9.31249239487e-09	3.21013904347e-09
9.33238936451e-09	1.94379512486e-09
9.35228633414e-09	3.76071618291e-10
9.37218330378e-09	-1.10349618332e-09
9.39208027341e-09	-2.06341277398e-09
9.41197724305e-09	-2.17298734562e-09
9.43187421268e-09	-1.19265164411e-09
9.45177118231e-09	8.82712958283e-10
9.47166815195e-09	3.82311959868e-09
9.49156512158e-09	7.1777566113e-09
9.51146209122e-09	1.03157731246e-08
9.53135906085e-09	1.25441461662e-08
9.55125603049e-09	1.32525057595e-08
9.57115300012e-09	1.2125228821e-08
9.59104996975e-09	9.21013132427e-09
9.61094693939e-09	5.00561148087e-09
9.63084390902e-09	3.25885735064e-10
9.65074087866e-09	-3.82328257942e-09
9.67063784829e-09	-6.59244614454e-09
9.69053481792e-09	-7.46012140951e-09
9.71043178756e-09	-6.36776142926e-09
9.73032875719e-09	-3.74278075199e-09
9.75022572683e-09	-3.30529076331e-10
9.77012269646e-09	3.04210590052e-09
9.7900196661e-09	5.73026692763e-09
9.80991663573e-09	7.37223704306e-09
9.82981360536e-09	7.98656074608e-09
9.849710575e-09	7.84917730812e-09
9.86960754463e-09	7.29250571041e-09
9.88950451427e-09	6.58322640845e-09
9.9094014839e-09	5.82836578999e-09
9.92929845354e-09	5.02923747092e-09
9.94919542317e-09	4.11795353372e-09
9.9690923928e-09	3.10910075463e-09
9.98898936244e-09	2.07094896787e-09
1.00088863321e-08	1.17989407133e-09
1.00287833017e-08	5.95394400449e-10
1.00486802713e-08	4.46961967437e-10
1.0068577241e-08	7.79873443602e-10
1.00884742106e-08	1.4852705732e-09
1.01083711802e-08	2.39682895753e-09
1.01282681499e-08	3.27134386247e-09
1.01481651195e-08	3.88442167321e-09
1.01680620891e-08	4.07539602065e-09
1.01879590588e-08	3.78380748955e-09
1.02078560284e-08	3.05710257109e-09
1.0227752998e-08	2.04884731403e-09
1.02476499677e-08	9.91330351141e-10
1.02675469373e-08	1.61059748871e-10
1.0287443907e-08	-1.85408216558e-10
1.03073408766e-08	1.4406840998e-10
1.03272378462e-08	1.22024090832e-09
1.03471348159e-08	2.92242385846e-09
1.03670317855e-08	4.99280750077e-09
1.03869287551e-08	7.02085767301e-09
1.04068257248e-08	8.57266257981e-09
1.04267226944e-08	9.24401266644e-09
1.0446619664e-08	8.83266881857e-09
1.04665166337e-08	7.32377047896e-09
1.04864136033e-08	4.99465313553e-09
1.05063105729e-08	2.30501662202e-09
1.05262075426e-08	-1.96125365948e-10
1.05461045122e-08	-2.02764982582e-09
1.05660014818e-08	-2.87400836463e-09
1.05858984515e-08	-2.681156408e-09
1.06057954211e-08	-1.59385094012e-09
1.06256923907e-08	7.30773150326e-11
1.06455893604e-08	1.98123450978e-09
1.066548633e-08	3.79111320115e-09
1.06853832996e-08	5.27760724012e-09
1.07052802693e-08	6.26121154923e-09
1.07251772389e-08	6.69061739345e-09
1.07450742085e-08	6.55185194987e-09
1.07649711782e-08	5.90455684346e-09
1.07848681478e-08	4.85731455058e-09
1.08047651174e-08	3.59469276567e-09
1.08246620871e-08	2.30214114438e-09
1.08445590567e-08	1.22970877925e-09
1.08644560263e-08	5.5111787356e-10
1.0884352996e-08	3.97906846361e-10
1.09042499656e-08	7.74389274927e-10
1.09241469352e-08	1.60135549265e-09
1.09440439049e-08	2.67849320501e-09
1.09639408745e-08	3.77767239712e-09
1.09838378441e-08	4.68555239053e-09
1.10037348138e-08	5.20024689976e-09
1.10236317834e-08	5.22471355069e-09
1.10435287531e-08	4.72069894286e-09
1.10634257227e-08	3.76971964755e-09
1.10833226923e-08	2.51207232793e-09
1.1103219662e-08	1.20325605035e-09
1.11231166316e-08	1.37549721613e-10
1.11430136012e-08	-3.87911036626e-10
1.11629105709e-08	-1.50628329254e-10
1.11828075405e-08	9.16392683958e-10
1.12027045101e-08	2.67393573949e-09
1.12226014798e-08	4.76781858438e-09
1.12424984494e-08	6.69574395928e-09
1.1262395419e-08	7.93141463618e-09
1.12822923887e-08	8.09368660981e-09
1.13021893583e-08	7.04696123677e-09
1.13220863279e-08	4.99966779088e-09
1.13419832976e-08	2.42719866428e-09
1.13618802672e-08	-3.81384507309e-11
1.13817772368e-08	-1.8160137838e-09
1.14016742065e-08	-2.47094322781e-09
1.14215711761e-08	-1.90972215819e-09
1.14414681457e-08	-3.11656478402e-10
1.14613651154e-08	1.88843873872e-09
1.1481262085e-08	4.18851842099e-09
1.15011590546e-08	6.10959638436e-09
1.15210560243e-08	7.33023597377e-09
1.15409529939e-08	7.72440600372e-09
1.15608499635e-08	7.34791472112e-09
1.15807469332e-08	6.34352925744e-09
1.16006439028e-08	4.9360755483e-09
1.16205408724e-08	3.34077876474e-09
1.16404378421e-08	1.75178649364e-09
1.16603348117e-08	3.19976184437e-10
1.16802317813e-08	-8.07477584797e-10
1.1700128751e-08	-1.51690382477e-09
1.17200257206e-08	-1.7115787676e-09
1.17399226902e-08	-1.37105882203e-09
1.17598196599e-08	-5.03086572401e-10
1.17797166295e-08	8.04519784126e-10
1.17996135992e-08	2.4083788297e-09
1.18195105688e-08	4.11154843505e-09
1.18394075384e-08	5.75505154643e-09
1.18593045081e-08	7.14906800425e-09
1.18792014777e-08	8.13985145953e-09
1.18990984473e-08	8.5957108098e-09
1.1918995417e-08	8.40755287612e-09
1.19388923866e-08	7.51746220828e-09
1.19587893562e-08	5.9707603306e-09
1.19786863259e-08	3.93467214366e-09
1.19985832955e-08	1.74237257955e-09
1.20184802651e-08	-2.25270718746e-10
1.20383772348e-08	-1.59758006824e-09
1.20582742044e-08	-2.10277772972e-09
1.2078171174e-08	-1.70664149479e-09
1.20980681437e-08	-5.92012994183e-10
1.21179651133e-08	8.94395668638e-10
1.21378620829e-08	2.32887975571e-09
1.21577590526e-08	3.3651947895e-09
1.21776560222e-08	3.85045195728e-09
1.21975529918e-08	3.81635079094e-09
1.22174499615e-08	3.49164674951e-09
1.22373469311e-08	3.171915397e-09
1.22572439007e-08	3.11249293006e-09
1.22771408704e-08	3.46065709422e-09
1.229703784e-08	4.17732648472e-09
1.23169348096e-08	5.10678921373e-09
1.23368317793e-08	5.9982983025e-09
1.23567287489e-08	6.60603438618e-09
1.23766257185e-08	6.73797950768e-09
1.23965226882e-08	6.30789909195e-09
1.24164196578e-08	5.32732524761e-09
1.24363166274e-08	3.90680332529e-09
1.24562135971e-08	2.21895257724e-09
1.24761105667e-08	4.6275766552e-10
1.24960075364e-08	-1.1469104555e-09
1.2515904506e-08	-2.4034914059e-09
1.25358014756e-08	-3.11246184381e-09
1.25556984453e-08	-3.10435233075e-09
1.25755954149e-08	-2.29741803359e-09
1.25954923845e-08	-7.29850901937e-10
1.26153893542e-08	1.44814382708e-09
1.26352863238e-08	3.94568910878e-09
1.26551832934e-08	6.40373754024e-09
1.26750802631e-08	8.47089332012e-09
1.26949772327e-08	9.85396564346e-09
1.27148742023e-08	1.0365351244e-08
1.2734771172e-08	9.95980897756e-09
1.27546681416e-08	8.70974403711e-09
1.27745651112e-08	6.7832348627e-09
1.27944620809e-08	4.41415881625e-09
1.28143590505e-08	1.88901094766e-09
1.28342560201e-08	-4.71949757053e-10
1.28541529898e-08	-2.35158958972e-09
1.28740499594e-08	-3.47237594234e-09
1.2893946929e-08	-3.62706287227e-09
1.29138438987e-08	-2.79195910835e-09
1.29337408683e-08	-1.11889808529e-09
1.29536378379e-08	1.07381215031e-09
1.29735348076e-08	3.34140604075e-09
1.29934317772e-08	5.25888621539e-09
1.30133287468e-08	6.50742126851e-09
1.30332257165e-08	6.95327084799e-09
1.30531226861e-08	6.64776811377e-09
1.30730196557e-08	5.80723025223e-09
1.30929166254e-08	4.71141037295e-09
1.3112813595e-08	3.66012176123e-09
1.31327105646e-08	2.85362355967e-09
1.31526075343e-08	2.38934472208e-09
1.31725045039e-08	2.24398166715e-09
1.31924014735e-08	2.31508501258e-09
1.32122984432e-08	2.46159648221e-09
1.32321954128e-08	2.58534149644e-09
