% time-domain current integration by openEMS v0.0.36 @Thu Feb  5 16:09:18 2026
% start-coordinates: (-0.0354839,0.0092,0) m -> [31,62,7]
% stop-coordinates: (-0.0354839,0.013,0.00227273) m -> [31,67,10]
% t/s	current
7.10606058365e-13	0
2.06075756926e-11	-1.95802440017e-13
4.05045453268e-11	-9.73120806158e-10
6.0401514961e-11	-8.38261193792e-09
8.02984845953e-11	-9.17002118683e-09
1.00195454229e-10	-3.6769109979e-09
1.20092423864e-10	2.01184242599e-08
1.39989393498e-10	8.15724661152e-08
1.59886363132e-10	2.04890326927e-07
1.79783332766e-10	4.07618131248e-07
1.99680302401e-10	6.77934849591e-07
2.19577272035e-10	9.37677896218e-07
2.39474241669e-10	1.01141506548e-06
2.59371211303e-10	6.13420070295e-07
2.79268180937e-10	-6.06049752605e-07
2.99165150572e-10	-2.93532775686e-06
3.19062120206e-10	-6.40583311906e-06
3.3895908984e-10	-1.05843491838e-05
3.58856059474e-10	-1.44651348819e-05
3.78753029109e-10	-1.65776200447e-05
3.98649998743e-10	-1.53703058459e-05
4.18546968377e-10	-9.78675416263e-06
4.38443938011e-10	1.36178584853e-07
4.58340907645e-10	1.29635391204e-05
4.7823787728e-10	2.60400993284e-05
4.98134846914e-10	3.61937454727e-05
5.18031816548e-10	4.07423794968e-05
5.37928786182e-10	3.84144259442e-05
5.57825755817e-10	2.97931928799e-05
