% time-domain current integration by openEMS v0.0.36 @Thu Feb  5 16:09:18 2026
% start-coordinates: (-0.0346774,0.0092,0) m -> [32,62,7]
% stop-coordinates: (-0.0346774,0.013,0.00227273) m -> [32,67,10]
% t/s	current
7.10606058365e-13	0
2.06075756926e-11	-1.34527034762e-14
4.05045453268e-11	-4.11365608244e-10
6.0401514961e-11	-6.95371316084e-09
8.02984845953e-11	-7.72847030817e-09
1.00195454229e-10	-4.84468509754e-09
1.20092423864e-10	1.26766037667e-08
1.39989393498e-10	6.23987901349e-08
1.59886363132e-10	1.6749739018e-07
1.79783332766e-10	3.4960891071e-07
1.99680302401e-10	6.06752564636e-07
2.19577272035e-10	8.81112612205e-07
2.39474241669e-10	1.02388571577e-06
2.59371211303e-10	7.73922806729e-07
2.79268180937e-10	-2.11211684586e-07
2.99165150572e-10	-2.25067287829e-06
3.19062120206e-10	-5.45897000848e-06
3.3895908984e-10	-9.53289963945e-06
3.58856059474e-10	-1.36076696435e-05
3.78753029109e-10	-1.63041659107e-05
3.98649998743e-10	-1.60417239385e-05
4.18546968377e-10	-1.1580199498e-05
4.38443938011e-10	-2.64388199867e-06
4.58340907645e-10	9.67977302935e-06
4.7823787728e-10	2.29821198445e-05
4.98134846914e-10	3.41202539857e-05
5.18031816548e-10	4.0186165279e-05
5.37928786182e-10	3.94937778765e-05
5.57825755817e-10	3.21733168676e-05
