% time-domain current integration by openEMS v0.0.36 @Thu Feb  5 16:09:18 2026
% start-coordinates: (0.0395161,-0.0004,0) m -> [124,50,7]
% stop-coordinates: (0.0395161,0.0044,0.00227273) m -> [124,56,10]
% t/s	current
7.10606058365e-13	-0
2.06075756926e-11	-0
4.05045453268e-11	-0
6.0401514961e-11	-0
8.02984845953e-11	-0
1.00195454229e-10	-0
1.20092423864e-10	-0
1.39989393498e-10	-0
1.59886363132e-10	-0
1.79783332766e-10	-0
1.99680302401e-10	-2.88440829342e-34
2.19577272035e-10	7.02073509917e-26
2.39474241669e-10	7.47031657958e-20
2.59371211303e-10	1.4951307836e-15
2.79268180937e-10	8.38649950267e-13
2.99165150572e-10	1.13813567945e-11
3.19062120206e-10	1.3167925951e-11
3.3895908984e-10	-4.02626933529e-12
3.58856059474e-10	-4.14421136297e-11
3.78753029109e-10	-1.27274538131e-10
3.98649998743e-10	-3.17318754606e-10
4.18546968377e-10	-4.73515060495e-10
4.38443938011e-10	-5.89646553806e-10
4.58340907645e-10	-6.40615338554e-10
4.7823787728e-10	-1.88996221451e-10
4.98134846914e-10	9.73696900886e-10
5.18031816548e-10	2.92964941195e-09
5.37928786182e-10	5.53053514096e-09
5.57825755817e-10	7.88080534164e-09
