% time-domain voltage integration by openEMS v0.0.36 @Thu Feb  5 16:09:18 2026
% start-coordinates: (-0.0346774,0.0115,0.0015) m -> [32,65,9]
% stop-coordinates: (-0.0346774,0.0115,0) m -> [32,65,7]
% t/s	voltage
0	0
1.98969696342e-11	-2.77772918463e-14
3.97939392684e-11	-7.40583461223e-09
5.96909089027e-11	-3.81162095664e-07
7.95878785369e-11	-3.64866508562e-07
9.94848481711e-11	-2.36727252911e-07
1.19381817805e-10	6.13616037981e-07
1.3927878744e-10	2.93373341265e-06
1.59175757074e-10	7.89864043327e-06
1.79072726708e-10	1.64105731528e-05
1.98969696342e-10	2.83256458715e-05
2.18866665976e-10	4.07859570259e-05
2.38763635611e-10	4.67145473522e-05
2.58660605245e-10	3.39195594279e-05
2.78557574879e-10	-1.33401863422e-05
2.98454544513e-10	-0.000109300261101
3.18351514148e-10	-0.000258236352238
3.38248483782e-10	-0.000444743738626
3.58145453416e-10	-0.000627725676168
3.7804242305e-10	-0.000743131502531
3.97939392684e-10	-0.000719143165043
4.17836362319e-10	-0.000502378155943
4.37733331953e-10	-8.48984527693e-05
4.57630301587e-10	0.000478402129374
4.77527271221e-10	0.00107490969822
4.97424240856e-10	0.00156358274398
5.1732121049e-10	0.00181995751336
5.37218180124e-10	0.00177935214015
5.57115149758e-10	0.00145996920764
