% time-domain voltage integration by openEMS v0.0.36 @Thu Feb  5 16:09:18 2026
% start-coordinates: (-0.0354839,0.0115,0.0015) m -> [31,65,9]
% stop-coordinates: (-0.0354839,0.0115,0) m -> [31,65,7]
% t/s	voltage
0	0
1.98969696342e-11	-1.12378780327e-12
3.97939392684e-11	-3.62806247267e-08
5.96909089027e-11	-4.12896909552e-07
7.95878785369e-11	-4.35916248875e-07
9.94848481711e-11	-1.63231035799e-07
1.19381817805e-10	1.00806630599e-06
1.3927878744e-10	3.93822620026e-06
1.59175757074e-10	9.76917135631e-06
1.79072726708e-10	1.92130692085e-05
1.98969696342e-10	3.16266923619e-05
2.18866665976e-10	4.32379310951e-05
2.38763635611e-10	4.57051683043e-05
2.58660605245e-10	2.56962875937e-05
2.78557574879e-10	-3.27805173583e-05
2.98454544513e-10	-0.000142344848427
3.18351514148e-10	-0.000303130480461
3.38248483782e-10	-0.000493457235279
3.58145453416e-10	-0.000665623316308
3.7804242305e-10	-0.000751820160076
3.97939392684e-10	-0.000682287587551
4.17836362319e-10	-0.000412925612181
4.37733331953e-10	4.89735957672e-05
4.57630301587e-10	0.000632370705716
4.77527271221e-10	0.00121373380534
4.97424240856e-10	0.00165157217998
5.1732121049e-10	0.00183295400348
5.37218180124e-10	0.00171326700365
5.57115149758e-10	0.00133215507958
