% time-domain voltage integration by openEMS v0.0.36 @Thu Jan 22 21:57:14 2026
% start-coordinates: (-0.033871,0.0115,0.0015) m -> [33,65,9]
% stop-coordinates: (-0.033871,0.0115,0) m -> [33,65,7]
% t/s	voltage
0	0
1.98969696342e-11	-4.6101250462e-16
3.97939392684e-11	-1.13306264371e-09
5.96909089027e-11	-2.37414546689e-07
7.95878785369e-11	-3.0950297969e-07
9.94848481711e-11	-2.93261223305e-07
1.19381817805e-10	3.24416120634e-07
1.3927878744e-10	2.21570064696e-06
1.59175757074e-10	6.39185009277e-06
1.79072726708e-10	1.39478538586e-05
1.98969696342e-10	2.50740222327e-05
2.18866665976e-10	3.78573695343e-05
2.38763635611e-10	4.64385702799e-05
2.58660605245e-10	3.98487609345e-05
2.78557574879e-10	2.87219154416e-06
2.98454544513e-10	-7.98335422587e-05
3.18351514148e-10	-0.000216032865865
3.38248483782e-10	-0.000396100585931
3.58145453416e-10	-0.000585604546359
3.7804242305e-10	-0.000725223944755
3.97939392684e-10	-0.000742957898183
4.17836362319e-10	-0.000578037841478
4.37733331953e-10	-0.000208576515433
4.57630301587e-10	0.000327081375872
4.77527271221e-10	0.00092927008518
4.97424240856e-10	0.00146042229608
5.1732121049e-10	0.00178739754483
5.37218180124e-10	0.00182697124546
5.57115149758e-10	0.00157535111066
5.77012119392e-10	0.00110786408186
5.96909089027e-10	0.000549867603695
6.16806058661e-10	3.15024026349e-05
6.36703028295e-10	-0.000353837720468
6.56599997929e-10	-0.00057124797604
6.76496967564e-10	-0.000640542799374
6.96393937198e-10	-0.000613569864072
7.16290906832e-10	-0.00054577740957
7.36187876466e-10	-0.000475178399938
7.560848461e-10	-0.000414943075157
7.75981815735e-10	-0.000358995195711
7.95878785369e-10	-0.000293990990031
8.15775755003e-10	-0.000210741367482
8.35672724637e-10	-0.000110376247903
8.55569694272e-10	-4.27279087489e-06
8.75466663906e-10	9.04516091396e-05
8.9536363354e-10	0.000157201364345
9.15260603174e-10	0.000185520977539
9.35157572808e-10	0.000174422551936
9.55054542443e-10	0.000132835448312
9.74951512077e-10	7.72790044721e-05
9.94848481711e-10	2.72657161986e-05
1.01474545135e-09	-2.57578278706e-08
1.03464242098e-09	5.46891283193e-06
1.05453939061e-09	4.41683914687e-05
1.07443636025e-09	0.000105780382
1.09433332988e-09	0.000171044397575
1.11423029952e-09	0.000215007035877
1.13412726915e-09	0.000212104918319
1.15402423878e-09	0.00014286692749
1.17392120842e-09	1.52435359269e-06
1.19381817805e-09	-0.000197683650185
1.21371514769e-09	-0.000418563533458
1.23361211732e-09	-0.000608441419899
1.25350908696e-09	-0.00071148754796
1.27340605659e-09	-0.000686761253746
1.29330302622e-09	-0.000524683739059
1.31319999586e-09	-0.000254616243183
1.33309696549e-09	6.09842973063e-05
1.35299393513e-09	0.000345179214492
1.37289090476e-09	0.000530974095454
1.3927878744e-09	0.000582776207011
1.41268484403e-09	0.000505798059748
1.43258181366e-09	0.000340716898791
1.4524787833e-09	0.000146172016684
1.47237575293e-09	-2.2656663532e-05
1.49227272257e-09	-0.000130944310513
1.5121696922e-09	-0.000170691972016
1.53206666184e-09	-0.000156237867486
1.55196363147e-09	-0.000113031073852
1.5718606011e-09	-6.52353082842e-05
1.59175757074e-09	-2.75087622867e-05
1.61165454037e-09	-3.23671599745e-06
1.63155151001e-09	1.21558796309e-05
1.65144847964e-09	2.54683491221e-05
1.67134544927e-09	4.07979478041e-05
1.69124241891e-09	5.73990382691e-05
1.71113938854e-09	7.05793136149e-05
1.73103635818e-09	7.45374745748e-05
1.75093332781e-09	6.54242903693e-05
1.77083029745e-09	4.32222786912e-05
1.79072726708e-09	1.19498818094e-05
1.81062423671e-09	-2.16286962313e-05
1.83052120635e-09	-5.01131726196e-05
1.85041817598e-09	-6.75462615618e-05
1.87031514562e-09	-7.08484039933e-05
1.89021211525e-09	-6.04144825047e-05
1.91010908489e-09	-3.98415540985e-05
1.93000605452e-09	-1.48286308104e-05
1.94990302415e-09	8.39097083372e-06
1.96979999379e-09	2.47553844019e-05
1.98969696342e-09	3.16649784509e-05
2.00959393306e-09	2.94920555461e-05
2.02949090269e-09	2.11145916182e-05
2.04938787232e-09	1.06353459159e-05
2.06928484196e-09	1.83765035899e-06
2.08918181159e-09	-3.01250838675e-06
2.10907878123e-09	-3.60670264854e-06
2.12897575086e-09	-1.28812371258e-06
2.1488727205e-09	1.83420394251e-06
2.16876969013e-09	3.79857578992e-06
2.18866665976e-09	3.48962021235e-06
2.2085636294e-09	8.81783222439e-07
2.22846059903e-09	-3.14200099183e-06
2.24835756867e-09	-7.22729646441e-06
2.2682545383e-09	-1.00282695712e-05
2.28815150794e-09	-1.06412057903e-05
2.30804847757e-09	-8.82029326021e-06
2.3279454472e-09	-5.00557484884e-06
2.34784241684e-09	-1.90573331338e-07
2.36773938647e-09	4.36150344285e-06
2.38763635611e-09	7.50818003326e-06
2.40753332574e-09	8.52541052154e-06
2.42743029538e-09	7.3524340678e-06
2.44732726501e-09	4.56216230305e-06
2.46722423464e-09	1.12274449293e-06
2.48712120428e-09	-1.97745066544e-06
2.50701817391e-09	-4.04357797379e-06
2.52691514355e-09	-4.85061423205e-06
2.54681211318e-09	-4.58534805148e-06
2.56670908281e-09	-3.66955339359e-06
2.58660605245e-09	-2.54316694281e-06
2.60650302208e-09	-1.53735101094e-06
2.62639999172e-09	-7.8797447145e-07
2.64629696135e-09	-2.58345835391e-07
2.66619393099e-09	1.87590970313e-07
2.68609090062e-09	7.21068801113e-07
2.70598787025e-09	1.42637060208e-06
2.72588483989e-09	2.23095764795e-06
2.74578180952e-09	2.91980040856e-06
2.76567877916e-09	3.22743983361e-06
2.78557574879e-09	2.95040581477e-06
2.80547271843e-09	2.04406308058e-06
2.82536968806e-09	6.60574102085e-07
2.84526665769e-09	-9.06476941509e-07
2.86516362733e-09	-2.30419243508e-06
2.88506059696e-09	-3.21536447245e-06
2.9049575666e-09	-3.45333467067e-06
2.92485453623e-09	-3.01331704122e-06
2.94475150586e-09	-2.08312769701e-06
2.9646484755e-09	-9.74187912561e-07
2.98454544513e-09	3.17706749797e-09
3.00444241477e-09	6.55053980836e-07
3.0243393844e-09	9.57459064921e-07
3.04423635404e-09	1.02370194099e-06
3.06413332367e-09	9.9683541066e-07
3.0840302933e-09	9.56049603928e-07
3.10392726294e-09	8.91251460189e-07
3.12382423257e-09	7.4220542956e-07
3.14372120221e-09	4.64302019054e-07
3.16361817184e-09	8.80525590219e-08
3.18351514148e-09	-3.01199904129e-07
3.20341211111e-09	-5.97255336743e-07
3.22330908074e-09	-7.24367225757e-07
3.24320605038e-09	-6.75147504126e-07
3.26310302001e-09	-5.20865484077e-07
3.28299998965e-09	-3.65889107456e-07
3.30289695928e-09	-2.99496861089e-07
3.32279392892e-09	-3.51765308437e-07
3.34269089855e-09	-4.70705131761e-07
3.36258786818e-09	-5.65789378015e-07
3.38248483782e-09	-5.67091603898e-07
3.40238180745e-09	-4.64317835736e-07
3.42227877709e-09	-3.08608846922e-07
3.44217574672e-09	-1.52271098841e-07
3.46207271635e-09	-1.26217036822e-08
3.48196968599e-09	1.37321649163e-07
3.50186665562e-09	3.20639685469e-07
3.52176362526e-09	5.16693262398e-07
3.54166059489e-09	6.48803393233e-07
3.56155756453e-09	6.33690063978e-07
3.58145453416e-09	4.36944475268e-07
3.60135150379e-09	1.09293786466e-07
3.62124847343e-09	-2.56717285652e-07
3.64114544306e-09	-5.74741847004e-07
3.6610424127e-09	-7.99355319714e-07
3.68093938233e-09	-9.21861925463e-07
3.70083635197e-09	-9.50914625264e-07
3.7207333216e-09	-8.79592818137e-07
3.74063029123e-09	-6.91578861733e-07
3.76052726087e-09	-3.93240284779e-07
3.7804242305e-09	-4.51331256812e-08
3.80032120014e-09	2.77081497302e-07
3.82021816977e-09	4.90233929895e-07
3.8401151394e-09	5.54065934466e-07
3.86001210904e-09	4.85020720475e-07
3.87990907867e-09	3.41613215937e-07
3.89980604831e-09	1.85141729503e-07
3.91970301794e-09	4.96649850135e-08
3.93959998758e-09	-6.51008420505e-08
3.95949695721e-09	-1.89127057126e-07
3.97939392684e-09	-3.4616208211e-07
3.99929089648e-09	-5.42967171668e-07
4.01918786611e-09	-7.49248556531e-07
4.03908483575e-09	-9.11451763841e-07
4.05898180538e-09	-9.64718594787e-07
4.07887877502e-09	-8.68225072281e-07
4.09877574465e-09	-6.09540620644e-07
4.11867271428e-09	-2.35094972822e-07
4.13856968392e-09	1.79726214355e-07
4.15846665355e-09	5.34269020136e-07
4.17836362319e-09	7.50424817397e-07
4.19826059282e-09	7.84933462228e-07
4.21815756246e-09	6.50606381214e-07
4.23805453209e-09	3.90465700661e-07
4.25795150172e-09	7.43426831207e-08
4.27784847136e-09	-2.28534233315e-07
4.29774544099e-09	-4.66227675133e-07
4.31764241063e-09	-6.02093763291e-07
4.33753938026e-09	-6.3900921532e-07
4.35743634989e-09	-5.98997701218e-07
4.37733331953e-09	-5.24913701838e-07
4.39723028916e-09	-4.53132088296e-07
4.4171272588e-09	-3.95717037804e-07
4.43702422843e-09	-3.54393250745e-07
4.45692119807e-09	-3.11691366051e-07
4.4768181677e-09	-2.69109463602e-07
4.49671513733e-09	-2.32043980475e-07
4.51661210697e-09	-2.04317522901e-07
4.5365090766e-09	-1.75501348565e-07
4.55640604624e-09	-1.16032673247e-07
4.57630301587e-09	-3.55624774073e-09
4.59619998551e-09	1.60358958112e-07
4.61609695514e-09	3.37919502158e-07
4.63599392477e-09	4.72685613317e-07
4.65589089441e-09	5.14724916911e-07
4.67578786404e-09	4.38158849647e-07
4.69568483368e-09	2.50578963801e-07
4.71558180331e-09	-8.98223140311e-09
4.73547877294e-09	-2.89680613719e-07
4.75537574258e-09	-5.29766793989e-07
4.77527271221e-09	-6.76041281622e-07
4.79516968185e-09	-7.1146217806e-07
4.81506665148e-09	-6.66227208512e-07
4.83496362112e-09	-5.98766717985e-07
4.85486059075e-09	-5.66411898717e-07
4.87475756038e-09	-5.77720982164e-07
4.89465453002e-09	-5.87315923894e-07
4.91455149965e-09	-5.28792156729e-07
4.93444846929e-09	-3.5355834882e-07
4.95434543892e-09	-7.15988370814e-08
4.97424240856e-09	2.52481498819e-07
4.99413937819e-09	5.34006630915e-07
5.01403634782e-09	7.03756256826e-07
5.03393331746e-09	7.32988155505e-07
5.05383028709e-09	6.25251971087e-07
5.07372725673e-09	4.07807903002e-07
5.09362422636e-09	1.23748748138e-07
5.113521196e-09	-1.80806537742e-07
5.13341816563e-09	-4.58935915049e-07
5.15331513526e-09	-6.75913952364e-07
5.1732121049e-09	-8.06799988595e-07
5.19310907453e-09	-8.39496834715e-07
5.21300604417e-09	-7.70829672092e-07
5.2329030138e-09	-6.12572563341e-07
5.25279998343e-09	-3.8877411157e-07
5.27269695307e-09	-1.44569597182e-07
5.2925939227e-09	6.63446328986e-08
5.31249089234e-09	2.0323238914e-07
5.33238786197e-09	2.39119486878e-07
5.35228483161e-09	1.80312746068e-07
5.37218180124e-09	5.03017663078e-08
5.39207877087e-09	-1.15098039544e-07
5.41197574051e-09	-2.72031343229e-07
5.43187271014e-09	-3.66377904015e-07
5.45176967978e-09	-3.62271350696e-07
5.47166664941e-09	-2.54445353676e-07
5.49156361905e-09	-8.20389338685e-08
5.51146058868e-09	8.83898003678e-08
5.53135755831e-09	1.8971734761e-07
5.55125452795e-09	1.88328982631e-07
5.57115149758e-09	9.95483411259e-08
5.59104846722e-09	-3.40397221521e-08
5.61094543685e-09	-1.69093077318e-07
5.63084240649e-09	-2.75072778777e-07
5.65073937612e-09	-3.39940100957e-07
5.67063634575e-09	-3.6710687823e-07
5.69053331539e-09	-3.63182707019e-07
5.71043028502e-09	-3.41584552643e-07
5.73032725466e-09	-3.1728399108e-07
5.75022422429e-09	-2.99999300069e-07
5.77012119392e-09	-2.88680936933e-07
5.79001816356e-09	-2.65424787926e-07
5.80991513319e-09	-2.14927105446e-07
5.82981210283e-09	-1.3946092281e-07
5.84970907246e-09	-5.76983740785e-08
5.8696060421e-09	8.84368667187e-09
5.88950301173e-09	4.33287059565e-08
5.90939998136e-09	4.42874998896e-08
5.929296951e-09	2.47277105458e-08
5.94919392063e-09	-4.98468044619e-09
5.96909089027e-09	-4.15607406268e-08
5.9889878599e-09	-8.52379358207e-08
6.00888482954e-09	-1.36173738952e-07
6.02878179917e-09	-1.89740184453e-07
6.0486787688e-09	-2.42078755264e-07
6.06857573844e-09	-2.81332589225e-07
6.08847270807e-09	-2.9200300844e-07
6.10836967771e-09	-2.57521847402e-07
6.12826664734e-09	-1.75256040791e-07
6.14816361697e-09	-6.4166254532e-08
6.16806058661e-09	3.19056363551e-08
6.18795755624e-09	6.64871784295e-08
6.20785452588e-09	1.41502938256e-08
6.22775149551e-09	-1.14794897144e-07
6.24764846515e-09	-2.80301264866e-07
6.26754543478e-09	-4.28885130077e-07
6.28744240441e-09	-5.17860115679e-07
6.30733937405e-09	-5.23983942458e-07
6.32723634368e-09	-4.4322163717e-07
6.34713331332e-09	-2.93219201808e-07
6.36703028295e-09	-1.08791105902e-07
6.38692725259e-09	5.82676271677e-08
6.40682422222e-09	1.68339539641e-07
6.42672119185e-09	2.0103254883e-07
6.44661816149e-09	1.66889911668e-07
6.46651513112e-09	9.97415874338e-08
6.48641210076e-09	2.36364794404e-08
6.50630907039e-09	-5.28922612375e-08
6.52620604003e-09	-1.33225867671e-07
6.54610300966e-09	-2.24432049833e-07
6.56599997929e-09	-3.16231108854e-07
6.58589694893e-09	-3.86149537235e-07
6.60579391856e-09	-4.13783141084e-07
6.6256908882e-09	-3.9051056433e-07
6.64558785783e-09	-3.18547051847e-07
6.66548482746e-09	-2.16555754662e-07
6.6853817971e-09	-1.05405227657e-07
6.70527876673e-09	-1.15413891777e-08
6.72517573637e-09	3.84429448275e-08
6.745072706e-09	3.03709528637e-08
6.76496967564e-09	-2.7974127903e-08
6.78486664527e-09	-1.14033916532e-07
6.8047636149e-09	-1.96571406264e-07
6.82466058454e-09	-2.55384620118e-07
6.84455755417e-09	-2.8994715251e-07
6.86445452381e-09	-3.08641986635e-07
6.88435149344e-09	-3.14009142244e-07
6.90424846308e-09	-3.03672536006e-07
6.92414543271e-09	-2.63658208155e-07
6.94404240234e-09	-1.87813576247e-07
6.96393937198e-09	-8.30227726567e-08
6.98383634161e-09	3.58412997059e-08
7.00373331125e-09	1.47332841038e-07
7.02363028088e-09	2.25683919552e-07
7.04352725051e-09	2.43112637577e-07
7.06342422015e-09	1.87604776158e-07
7.08332118978e-09	5.79367025466e-08
7.10321815942e-09	-1.22171222472e-07
7.12311512905e-09	-3.07784461029e-07
7.14301209869e-09	-4.54724059296e-07
7.16290906832e-09	-5.38186867516e-07
7.18280603795e-09	-5.54646533146e-07
7.20270300759e-09	-5.1699456094e-07
7.22259997722e-09	-4.46217541139e-07
7.24249694686e-09	-3.59882818657e-07
7.26239391649e-09	-2.70120580126e-07
7.28229088613e-09	-1.85024845223e-07
7.30218785576e-09	-1.09070761312e-07
7.32208482539e-09	-4.30795719097e-08
7.34198179503e-09	1.61794959652e-08
7.36187876466e-09	6.64962911401e-08
7.3817757343e-09	9.75817577853e-08
7.40167270393e-09	1.02907478094e-07
7.42156967357e-09	8.06104551998e-08
7.4414666432e-09	4.05832665251e-08
7.46136361283e-09	-1.06002029376e-09
7.48126058247e-09	-3.10632763956e-08
7.5011575521e-09	-5.0531692608e-08
7.52105452174e-09	-6.76864004845e-08
7.54095149137e-09	-9.80996368583e-08
7.560848461e-09	-1.50607789351e-07
7.58074543064e-09	-2.29821722542e-07
7.60064240027e-09	-3.27260536892e-07
7.62053936991e-09	-4.31292832559e-07
7.64043633954e-09	-5.13743316333e-07
7.66033330918e-09	-5.49818594209e-07
7.68023027881e-09	-5.25882398961e-07
7.70012724844e-09	-4.51125103496e-07
7.72002421808e-09	-3.47588851923e-07
7.73992118771e-09	-2.41509006571e-07
7.75981815735e-09	-1.4283243388e-07
7.77971512698e-09	-4.56246240788e-08
7.79961209662e-09	5.84976440621e-08
7.81950906625e-09	1.69088970381e-07
7.83940603588e-09	2.70058180263e-07
7.85930300552e-09	3.3912627373e-07
7.87919997515e-09	3.58769128184e-07
7.89909694479e-09	3.15484115276e-07
7.91899391442e-09	2.04848966234e-07
7.93889088405e-09	2.78610254867e-08
7.95878785369e-09	-1.94309691892e-07
7.97868482332e-09	-4.23218835977e-07
7.99858179296e-09	-6.10460460848e-07
8.01847876259e-09	-7.18420693602e-07
8.03837573223e-09	-7.3534951639e-07
8.05827270186e-09	-6.78228587958e-07
8.07816967149e-09	-5.72256737996e-07
8.09806664113e-09	-4.31623476516e-07
8.11796361076e-09	-2.67557098255e-07
8.1378605804e-09	-9.21478964244e-08
8.15775755003e-09	7.09821890155e-08
8.17765451967e-09	1.96397564878e-07
8.1975514893e-09	2.63002320366e-07
8.21744845893e-09	2.71118707929e-07
8.23734542857e-09	2.32092766339e-07
8.2572423982e-09	1.54269628183e-07
8.27713936784e-09	4.2323918592e-08
8.29703633747e-09	-9.20566627371e-08
8.31693330711e-09	-2.19462719997e-07
8.33683027674e-09	-3.09444558866e-07
8.35672724637e-09	-3.39755658274e-07
8.37662421601e-09	-3.19067055443e-07
8.39652118564e-09	-2.7888160048e-07
8.41641815528e-09	-2.5079742727e-07
8.43631512491e-09	-2.41829660297e-07
8.45621209454e-09	-2.41349766839e-07
8.47610906418e-09	-2.33349034318e-07
8.49600603381e-09	-2.16963371713e-07
8.51590300345e-09	-1.98144761043e-07
8.53579997308e-09	-1.79017341395e-07
8.55569694272e-09	-1.57785308375e-07
8.57559391235e-09	-1.27742147527e-07
8.59549088198e-09	-9.45751388315e-08
8.61538785162e-09	-7.51908757479e-08
8.63528482125e-09	-7.9112442819e-08
8.65518179089e-09	-9.52268095489e-08
8.67507876052e-09	-1.05143023177e-07
8.69497573016e-09	-9.18601905653e-08
8.71487269979e-09	-7.1790200451e-08
8.73476966942e-09	-7.03778972877e-08
8.75466663906e-09	-1.05276303231e-07
8.77456360869e-09	-1.6855317142e-07
8.79446057833e-09	-2.36183900881e-07
8.81435754796e-09	-2.80053896518e-07
8.83425451759e-09	-2.97102872082e-07
8.85415148723e-09	-2.92094668453e-07
8.87404845686e-09	-2.66658616965e-07
8.8939454265e-09	-2.14970448553e-07
8.91384239613e-09	-1.36979217302e-07
8.93373936577e-09	-4.55094077978e-08
8.9536363354e-09	2.68524180669e-08
8.97353330503e-09	5.84790740277e-08
8.99343027467e-09	5.17354354912e-08
9.0133272443e-09	2.60712473832e-08
9.03322421394e-09	-6.80562584066e-09
9.05312118357e-09	-5.00300920692e-08
9.07301815321e-09	-1.21937191011e-07
9.09291512284e-09	-2.30478001129e-07
9.11281209247e-09	-3.55391932771e-07
9.13270906211e-09	-4.57968070577e-07
9.15260603174e-09	-5.10553604727e-07
9.17250300138e-09	-5.07698445062e-07
9.19239997101e-09	-4.55956680412e-07
9.21229694065e-09	-3.62002182897e-07
9.23219391028e-09	-2.30898621112e-07
9.25209087991e-09	-7.10561991468e-08
9.27198784955e-09	8.88279281241e-08
9.29188481918e-09	2.0826453806e-07
9.31178178882e-09	2.61896971665e-07
9.33167875845e-09	2.48625696031e-07
9.35157572808e-09	1.97512292743e-07
9.37147269772e-09	1.27671846428e-07
9.39136966735e-09	4.32498215019e-08
9.41126663699e-09	-6.66681394534e-08
9.43116360662e-09	-1.99398122902e-07
9.45106057626e-09	-3.39177191222e-07
9.47095754589e-09	-4.51139896995e-07
9.49085451552e-09	-5.15151953095e-07
9.51075148516e-09	-5.31635436118e-07
9.53064845479e-09	-5.11817944471e-07
9.55054542443e-09	-4.59475884895e-07
9.57044239406e-09	-3.76145791847e-07
9.5903393637e-09	-2.65192156235e-07
9.61023633333e-09	-1.48510714837e-07
9.63013330296e-09	-5.35128279466e-08
9.6500302726e-09	4.23071511158e-09
9.66992724223e-09	3.16846904269e-08
9.68982421187e-09	5.32147677035e-08
9.7097211815e-09	8.01916684168e-08
9.72961815113e-09	1.04779790178e-07
9.74951512077e-09	1.0573132414e-07
9.7694120904e-09	7.49621165141e-08
9.78930906004e-09	2.13988791131e-08
9.80920602967e-09	-3.57165763631e-08
9.82910299931e-09	-8.68709406632e-08
9.84899996894e-09	-1.40288967998e-07
9.86889693857e-09	-2.02302459229e-07
9.88879390821e-09	-2.68699736239e-07
9.90869087784e-09	-3.24416902231e-07
9.92858784748e-09	-3.62433880241e-07
9.94848481711e-09	-3.86053926604e-07
9.96838178675e-09	-4.08146888731e-07
9.98827875638e-09	-4.33116710497e-07
1.0008175726e-08	-4.37636373363e-07
1.00280726956e-08	-3.97243837824e-07
1.00479696653e-08	-3.02938772734e-07
1.00678666349e-08	-1.72780460161e-07
1.00877636046e-08	-3.89676344525e-08
1.01076605742e-08	7.34239442579e-08
1.01275575438e-08	1.53733942909e-07
1.01474545135e-08	2.03912136953e-07
1.01673514831e-08	2.17347647435e-07
1.01872484527e-08	1.88240434795e-07
1.02071454224e-08	1.09361273815e-07
1.0227042392e-08	1.1096603636e-09
1.02469393616e-08	-1.1483610507e-07
1.02668363313e-08	-2.16704137301e-07
1.02867333009e-08	-3.03401847646e-07
1.03066302705e-08	-3.76951831527e-07
1.03265272402e-08	-4.33981057313e-07
1.03464242098e-08	-4.56236392665e-07
1.03663211794e-08	-4.30243915162e-07
1.03862181491e-08	-3.55635521032e-07
1.04061151187e-08	-2.55431487517e-07
1.04260120883e-08	-1.60718343523e-07
1.0445909058e-08	-8.98546552719e-08
1.04658060276e-08	-4.38495213473e-08
1.04857029972e-08	-1.75843242189e-08
1.05055999669e-08	-1.29614958766e-08
1.05254969365e-08	-3.29017630918e-08
1.05453939061e-08	-7.00848516999e-08
1.05652908758e-08	-1.09442449769e-07
1.05851878454e-08	-1.31847620821e-07
1.0605084815e-08	-1.33905381006e-07
1.06249817847e-08	-1.26772491171e-07
1.06448787543e-08	-1.27413670725e-07
1.06647757239e-08	-1.39810452993e-07
1.06846726936e-08	-1.51638815282e-07
1.07045696632e-08	-1.48709197845e-07
1.07244666328e-08	-1.29792873338e-07
1.07443636025e-08	-1.13153131309e-07
1.07642605721e-08	-1.10501879647e-07
1.07841575417e-08	-1.25357544789e-07
1.08040545114e-08	-1.5076307136e-07
1.0823951481e-08	-1.78164974329e-07
1.08438484507e-08	-2.03428072609e-07
1.08637454203e-08	-2.35515038582e-07
1.08836423899e-08	-2.65247123821e-07
1.09035393596e-08	-2.78425090983e-07
1.09234363292e-08	-2.64024947683e-07
1.09433332988e-08	-2.23481272599e-07
1.09632302685e-08	-1.73173212659e-07
1.09831272381e-08	-1.33156738968e-07
1.10030242077e-08	-1.08447842706e-07
1.10229211774e-08	-9.25312200195e-08
1.1042818147e-08	-7.50992192877e-08
1.10627151166e-08	-5.91488529267e-08
1.10826120863e-08	-5.89593742717e-08
1.11025090559e-08	-7.56643423472e-08
1.11224060255e-08	-1.07194729537e-07
1.11423029952e-08	-1.40334719845e-07
1.11621999648e-08	-1.64608835007e-07
1.11820969344e-08	-1.77836859905e-07
1.12019939041e-08	-1.8421150827e-07
1.12218908737e-08	-1.81653859954e-07
1.12417878433e-08	-1.6057540364e-07
1.1261684813e-08	-1.24209961427e-07
1.12815817826e-08	-8.36272455729e-08
1.13014787522e-08	-5.97388094548e-08
1.13213757219e-08	-6.90893280364e-08
1.13412726915e-08	-1.06708746728e-07
1.13611696611e-08	-1.5763825445e-07
1.13810666308e-08	-2.07430872479e-07
1.14009636004e-08	-2.4958784195e-07
1.142086057e-08	-2.80930692043e-07
1.14407575397e-08	-3.01218264553e-07
1.14606545093e-08	-3.01873569697e-07
1.14805514789e-08	-2.7636653499e-07
1.15004484486e-08	-2.31063040701e-07
1.15203454182e-08	-1.79880622397e-07
1.15402423878e-08	-1.31379991331e-07
1.15601393575e-08	-8.60577422657e-08
1.15800363271e-08	-4.26968362888e-08
1.15999332968e-08	1.96817762088e-09
1.16198302664e-08	3.28220242096e-08
1.1639727236e-08	3.39725154674e-08
1.16596242057e-08	1.40868894327e-09
1.16795211753e-08	-5.15315008442e-08
1.16994181449e-08	-1.11978732065e-07
1.17193151146e-08	-1.63548214971e-07
1.17392120842e-08	-2.05637753936e-07
1.17591090538e-08	-2.37535182634e-07
1.17790060235e-08	-2.60631438209e-07
1.17989029931e-08	-2.64455593424e-07
1.18187999627e-08	-2.49855190759e-07
1.18386969324e-08	-2.2794898058e-07
1.1858593902e-08	-2.08506087063e-07
1.18784908716e-08	-2.0029416703e-07
1.18983878413e-08	-1.94075845172e-07
1.19182848109e-08	-1.84862223307e-07
1.19381817805e-08	-1.68878187878e-07
1.19580787502e-08	-1.54614035353e-07
1.19779757198e-08	-1.51801735626e-07
1.19978726894e-08	-1.58525402583e-07
1.20177696591e-08	-1.60698881757e-07
1.20376666287e-08	-1.47834093411e-07
1.20575635983e-08	-1.18830104867e-07
1.2077460568e-08	-8.11566351899e-08
1.20973575376e-08	-4.54268000993e-08
1.21172545072e-08	-1.32993540625e-08
1.21371514769e-08	1.46518304156e-08
1.21570484465e-08	2.80999490343e-08
1.21769454161e-08	1.8251370193e-08
1.21968423858e-08	-2.88213541921e-08
1.22167393554e-08	-1.03328741119e-07
1.2236636325e-08	-1.90032558578e-07
1.22565332947e-08	-2.63462723638e-07
1.22764302643e-08	-3.18117855613e-07
1.22963272339e-08	-3.56041866212e-07
1.23162242036e-08	-3.80912595688e-07
1.23361211732e-08	-3.88383298855e-07
1.23560181429e-08	-3.68832246522e-07
1.23759151125e-08	-3.19539381621e-07
1.23958120821e-08	-2.4901341078e-07
1.24157090518e-08	-1.74642245554e-07
1.24356060214e-08	-1.05439596609e-07
1.2455502991e-08	-4.09992129136e-08
1.24753999607e-08	1.75643073419e-08
1.24952969303e-08	6.34414689671e-08
1.25151938999e-08	8.42247764865e-08
1.25350908696e-08	6.84513778992e-08
1.25549878392e-08	2.40760051895e-08
1.25748848088e-08	-2.87897732321e-08
1.25947817785e-08	-7.52381765778e-08
1.26146787481e-08	-1.1500250352e-07
1.26345757177e-08	-1.55149415093e-07
1.26544726874e-08	-2.00966901787e-07
1.2674369657e-08	-2.47473849413e-07
1.26942666266e-08	-2.78335960502e-07
1.27141635963e-08	-2.89766546757e-07
1.27340605659e-08	-2.89228466954e-07
1.27539575355e-08	-2.84914605686e-07
1.27738545052e-08	-2.79929949443e-07
1.27937514748e-08	-2.65902173169e-07
1.28136484444e-08	-2.39417808245e-07
1.28335454141e-08	-2.01366191277e-07
1.28534423837e-08	-1.67366984272e-07
1.28733393533e-08	-1.46094777165e-07
1.2893236323e-08	-1.29564377005e-07
1.29131332926e-08	-1.04330247552e-07
1.29330302622e-08	-6.10219625941e-08
1.29529272319e-08	-1.36373685677e-08
1.29728242015e-08	2.33524239945e-08
1.29927211711e-08	3.71742210348e-08
1.30126181408e-08	2.78855418756e-08
1.30325151104e-08	6.51482312541e-10
1.30524120801e-08	-3.75401558728e-08
1.30723090497e-08	-9.27589312028e-08
1.30922060193e-08	-1.67890227942e-07
1.3112102989e-08	-2.49710296885e-07
1.31319999586e-08	-3.14351723318e-07
1.31518969282e-08	-3.50303480445e-07
1.31717938979e-08	-3.55254655915e-07
1.31916908675e-08	-3.41545785432e-07
1.32115878371e-08	-3.17166069408e-07
1.32314848068e-08	-2.81305716499e-07
