% time-domain voltage integration by openEMS v0.0.36 @Thu Feb  5 16:09:18 2026
% start-coordinates: (0.041129,0.0028,0.0015) m -> [126,54,9]
% stop-coordinates: (0.041129,0.0028,0) m -> [126,54,7]
% t/s	voltage
0	0
1.98969696342e-11	0
3.97939392684e-11	0
5.96909089027e-11	0
7.95878785369e-11	0
9.94848481711e-11	0
1.19381817805e-10	0
1.3927878744e-10	0
1.59175757074e-10	0
1.79072726708e-10	0
1.98969696342e-10	0
2.18866665976e-10	1.10016000238e-29
2.38763635611e-10	7.76574396622e-23
2.58660605245e-10	1.02887785158e-17
2.78557574879e-10	4.37424314164e-14
2.98454544513e-10	3.06325516168e-12
3.18351514148e-10	-1.2030708027e-10
3.38248483782e-10	-9.3934336004e-11
3.58145453416e-10	-7.42345108995e-11
3.7804242305e-10	2.04192544817e-10
3.97939392684e-10	6.93252205641e-10
4.17836362319e-10	2.94987612115e-09
4.37733331953e-10	4.29643454147e-09
4.57630301587e-10	7.4833528263e-09
4.77527271221e-10	1.10654929664e-08
4.97424240856e-10	1.00129411429e-08
5.1732121049e-10	5.75014236226e-09
5.37218180124e-10	-1.10895359562e-08
5.57115149758e-10	-4.12810354788e-08
