% time-domain voltage integration by openEMS v0.0.36 @Thu Jan 22 21:57:14 2026
% start-coordinates: (0.0395161,0.0028,0.0015) m -> [124,54,9]
% stop-coordinates: (0.0395161,0.0028,0) m -> [124,54,7]
% t/s	voltage
0	0
1.98969696342e-11	0
3.97939392684e-11	0
5.96909089027e-11	0
7.95878785369e-11	0
9.94848481711e-11	0
1.19381817805e-10	0
1.3927878744e-10	0
1.59175757074e-10	0
1.79072726708e-10	0
1.98969696342e-10	0
2.18866665976e-10	7.69589327974e-28
2.38763635611e-10	2.18173127477e-21
2.58660605245e-10	1.28154721726e-16
2.78557574879e-10	2.30107599641e-13
2.98454544513e-10	-5.18592113696e-13
3.18351514148e-10	-1.82385141712e-10
3.38248483782e-10	-5.49375128722e-12
3.58145453416e-10	-1.16901696656e-10
3.7804242305e-10	3.99731844847e-10
3.97939392684e-10	1.26643590059e-09
4.17836362319e-10	3.34128480439e-09
4.37733331953e-10	4.51872139706e-09
4.57630301587e-10	8.32906632553e-09
4.77527271221e-10	9.5999270755e-09
4.97424240856e-10	6.68386701541e-09
5.1732121049e-10	2.53958520879e-11
5.37218180124e-10	-2.37566242234e-08
5.57115149758e-10	-5.63222730676e-08
5.77012119392e-10	-8.95197374007e-08
5.96909089027e-10	-7.54994360364e-08
6.16806058661e-10	1.08195536086e-07
6.36703028295e-10	6.82643701566e-07
6.56599997929e-10	1.95954601168e-06
6.76496967564e-10	4.22204630013e-06
6.96393937198e-10	7.64138280829e-06
7.16290906832e-10	1.1967930277e-05
7.36187876466e-10	1.59870387506e-05
7.560848461e-10	1.68941633092e-05
7.75981815735e-10	1.00681459116e-05
7.95878785369e-10	-1.05301173789e-05
8.15775755003e-10	-5.08553312102e-05
8.35672724637e-10	-0.000113817357487
8.55569694272e-10	-0.000195634092961
8.75466663906e-10	-0.000282788896584
8.9536363354e-10	-0.000351540205884
9.15260603174e-10	-0.000371818605345
9.35157572808e-10	-0.000315596014843
9.55054542443e-10	-0.000168066311744
9.74951512077e-10	6.28439302091e-05
9.94848481711e-10	0.000343109088135
1.01474545135e-09	0.000618639140157
1.03464242098e-09	0.000829865661217
1.05453939061e-09	0.000930095091462
1.07443636025e-09	0.000900322425878
1.09433332988e-09	0.000754436827265
1.11423029952e-09	0.000532828562427
1.13412726915e-09	0.000287582544843
1.15402423878e-09	6.58750504954e-05
1.17392120842e-09	-0.000101793870272
1.19381817805e-09	-0.000205054391699
1.21371514769e-09	-0.000249703385634
1.23361211732e-09	-0.000250024342677
1.25350908696e-09	-0.000221659014642
1.27340605659e-09	-0.000177550326043
1.29330302622e-09	-0.000127075458295
1.31319999586e-09	-7.69690268498e-05
1.33309696549e-09	-3.24349748553e-05
1.35299393513e-09	2.4502415954e-06
1.37289090476e-09	2.49305730904e-05
1.3927878744e-09	3.39640228049e-05
1.41268484403e-09	3.03975575662e-05
1.43258181366e-09	1.67316593433e-05
1.4524787833e-09	-3.33067430347e-06
1.47237575293e-09	-2.55095474131e-05
1.49227272257e-09	-4.55465487903e-05
1.5121696922e-09	-5.98294627707e-05
1.53206666184e-09	-6.58840908727e-05
1.55196363147e-09	-6.27161025477e-05
1.5718606011e-09	-5.09324054292e-05
1.59175757074e-09	-3.2615775126e-05
1.61165454037e-09	-1.09487441478e-05
1.63155151001e-09	1.03457668956e-05
1.65144847964e-09	2.77601402559e-05
1.67134544927e-09	3.88033295167e-05
1.69124241891e-09	4.2514573579e-05
1.71113938854e-09	3.96080395149e-05
1.73103635818e-09	3.20789495163e-05
1.75093332781e-09	2.25270559895e-05
1.77083029745e-09	1.33040980472e-05
1.79072726708e-09	5.86789929002e-06
1.81062423671e-09	5.70207504325e-07
1.83052120635e-09	-3.14727310524e-06
1.85041817598e-09	-6.2454912495e-06
1.87031514562e-09	-9.52853179115e-06
1.89021211525e-09	-1.32537893478e-05
1.91010908489e-09	-1.69784552781e-05
1.93000605452e-09	-1.97657154786e-05
1.94990302415e-09	-2.05298583751e-05
1.96979999379e-09	-1.8522485334e-05
1.98969696342e-09	-1.36524827212e-05
2.00959393306e-09	-6.65367565489e-06
2.02949090269e-09	1.08164454105e-06
2.04938787232e-09	7.88536362961e-06
2.06928484196e-09	1.23274794532e-05
2.08918181159e-09	1.36419093906e-05
2.10907878123e-09	1.19635769806e-05
2.12897575086e-09	8.21124149297e-06
2.1488727205e-09	3.74888463739e-06
2.16876969013e-09	-1.07862042853e-07
2.18866665976e-09	-2.50093739851e-06
2.2085636294e-09	-3.22857533774e-06
2.22846059903e-09	-2.67200186954e-06
2.24835756867e-09	-1.50595792547e-06
2.2682545383e-09	-3.79860836119e-07
2.28815150794e-09	3.33027500687e-07
2.30804847757e-09	5.86097542055e-07
2.3279454472e-09	5.56560905807e-07
2.34784241684e-09	4.74554539664e-07
2.36773938647e-09	4.621489893e-07
2.38763635611e-09	5.08294505153e-07
2.40753332574e-09	4.97226892548e-07
2.42743029538e-09	3.35314382482e-07
2.44732726501e-09	1.29392514481e-08
2.46722423464e-09	-3.62389755537e-07
2.48712120428e-09	-6.3935138428e-07
2.50701817391e-09	-7.09164424961e-07
2.52691514355e-09	-5.75968783778e-07
2.54681211318e-09	-3.69187318938e-07
2.56670908281e-09	-2.7904853539e-07
2.58660605245e-09	-4.56069486177e-07
2.60650302208e-09	-9.08819004053e-07
2.62639999172e-09	-1.48179094595e-06
2.64629696135e-09	-1.91010150274e-06
2.66619393099e-09	-1.9358424197e-06
2.68609090062e-09	-1.44087988474e-06
2.70598787025e-09	-5.30523863063e-07
2.72588483989e-09	5.17099266517e-07
2.74578180952e-09	1.34929751994e-06
2.76567877916e-09	1.69442341758e-06
2.78557574879e-09	1.48042022374e-06
2.80547271843e-09	8.44857851234e-07
2.82536968806e-09	6.98000484078e-08
2.84526665769e-09	-5.53888327204e-07
2.86516362733e-09	-8.49702757932e-07
2.88506059696e-09	-7.95251423824e-07
2.9049575666e-09	-5.07745028244e-07
2.92485453623e-09	-1.6754810872e-07
2.94475150586e-09	7.68184840183e-08
2.9646484755e-09	1.48164204461e-07
2.98454544513e-09	5.79918104648e-08
3.00444241477e-09	-1.32100325345e-07
3.0243393844e-09	-3.54186511231e-07
3.04423635404e-09	-5.56397139917e-07
3.06413332367e-09	-7.2546777119e-07
3.0840302933e-09	-8.50591931112e-07
3.10392726294e-09	-9.3086825359e-07
3.12382423257e-09	-9.48383927835e-07
3.14372120221e-09	-8.82320023265e-07
3.16361817184e-09	-7.12094447408e-07
3.18351514148e-09	-4.39118807094e-07
3.20341211111e-09	-9.45703355626e-08
3.22330908074e-09	2.70673240266e-07
3.24320605038e-09	5.81483362794e-07
3.26310302001e-09	7.62061233672e-07
3.28299998965e-09	7.67406532987e-07
3.30289695928e-09	6.03606764571e-07
3.32279392892e-09	3.38804824196e-07
3.34269089855e-09	7.53072946225e-08
3.36258786818e-09	-8.71356604648e-08
3.38248483782e-09	-1.06637923381e-07
3.40238180745e-09	-3.00771123563e-08
3.42227877709e-09	2.72170845861e-08
3.44217574672e-09	-5.54017525189e-08
3.46207271635e-09	-3.36738466444e-07
3.48196968599e-09	-7.63751245358e-07
3.50186665562e-09	-1.19701172707e-06
3.52176362526e-09	-1.47082442936e-06
3.54166059489e-09	-1.46562916825e-06
3.56155756453e-09	-1.16980669418e-06
3.58145453416e-09	-6.74963047231e-07
3.60135150379e-09	-1.26186598948e-07
3.62124847343e-09	3.40844422908e-07
3.64114544306e-09	6.43728157002e-07
3.6610424127e-09	7.62559068335e-07
3.68093938233e-09	7.31867146442e-07
3.70083635197e-09	5.99421838388e-07
3.7207333216e-09	4.1765153469e-07
3.74063029123e-09	2.1740667222e-07
3.76052726087e-09	2.14287840805e-08
3.7804242305e-09	-1.55999586582e-07
3.80032120014e-09	-3.04745654489e-07
3.82021816977e-09	-4.14735310983e-07
3.8401151394e-09	-4.89104394319e-07
3.86001210904e-09	-5.33314619133e-07
3.87990907867e-09	-5.57302541893e-07
3.89980604831e-09	-5.76700273314e-07
3.91970301794e-09	-5.97549359327e-07
3.93959998758e-09	-6.1236221427e-07
3.95949695721e-09	-5.95282926952e-07
3.97939392684e-09	-5.14797449114e-07
3.99929089648e-09	-3.40879353189e-07
4.01918786611e-09	-7.20098718432e-08
4.03908483575e-09	2.59014811377e-07
4.05898180538e-09	5.73701896656e-07
4.07887877502e-09	7.77610352998e-07
4.09877574465e-09	7.88230266835e-07
4.11867271428e-09	5.7561649669e-07
4.13856968392e-09	1.80180244058e-07
4.15846665355e-09	-2.98367993423e-07
4.17836362319e-09	-7.27473889128e-07
4.19826059282e-09	-9.91569038433e-07
4.21815756246e-09	-1.0309987033e-06
4.23805453209e-09	-8.57256821973e-07
4.25795150172e-09	-5.50210444317e-07
4.27784847136e-09	-2.18849834255e-07
4.29774544099e-09	2.97758013801e-08
4.31764241063e-09	1.31205766252e-07
4.33753938026e-09	8.76282797435e-08
4.35743634989e-09	-4.02046840264e-08
4.37733331953e-09	-1.68861021166e-07
4.39723028916e-09	-2.21932737077e-07
4.4171272588e-09	-1.72591427372e-07
4.43702422843e-09	-4.17620338311e-08
4.45692119807e-09	1.14237607818e-07
4.4768181677e-09	2.39388576517e-07
4.49671513733e-09	3.02726775203e-07
4.51661210697e-09	2.99930704273e-07
4.5365090766e-09	2.36024213507e-07
4.55640604624e-09	1.1153721502e-07
4.57630301587e-09	-8.85191973055e-08
4.59619998551e-09	-3.70060249111e-07
4.61609695514e-09	-7.09084702066e-07
4.63599392477e-09	-1.03494443238e-06
4.65589089441e-09	-1.24600393292e-06
4.67578786404e-09	-1.24171629068e-06
4.69568483368e-09	-9.74021986622e-07
4.71558180331e-09	-4.81853930978e-07
4.73547877294e-09	1.15819190682e-07
4.75537574258e-09	6.50152173876e-07
4.77527271221e-09	9.74838542334e-07
4.79516968185e-09	1.00615721976e-06
4.81506665148e-09	7.6435830465e-07
4.83496362112e-09	3.54126427737e-07
4.85486059075e-09	-7.75037811707e-08
4.87475756038e-09	-3.9345709979e-07
4.89465453002e-09	-5.18189807508e-07
4.91455149965e-09	-4.55716701708e-07
4.93444846929e-09	-2.80035791889e-07
4.95434543892e-09	-1.03925984263e-07
4.97424240856e-09	-2.86246200076e-08
4.99413937819e-09	-1.0557021568e-07
5.01403634782e-09	-3.14453430406e-07
5.03393331746e-09	-5.73413643679e-07
5.05383028709e-09	-7.80587981808e-07
5.07372725673e-09	-8.50247204198e-07
5.09362422636e-09	-7.53133747367e-07
5.113521196e-09	-5.23022833931e-07
5.13341816563e-09	-2.33024806562e-07
5.15331513526e-09	4.04350490868e-08
5.1732121049e-09	2.50217752296e-07
5.19310907453e-09	3.81234997349e-07
5.21300604417e-09	4.51182117445e-07
5.2329030138e-09	4.76728402532e-07
5.25279998343e-09	4.5627355405e-07
5.27269695307e-09	3.73620864025e-07
5.2925939227e-09	2.07649826223e-07
5.31249089234e-09	-4.0449601002e-08
5.33238786197e-09	-3.31745184212e-07
5.35228483161e-09	-6.01801332323e-07
5.37218180124e-09	-7.75611880499e-07
5.39207877087e-09	-8.01903496495e-07
5.41197574051e-09	-6.76450440551e-07
5.43187271014e-09	-4.5211395161e-07
5.45176967978e-09	-2.1344999368e-07
5.47166664941e-09	-4.41866436773e-08
5.49156361905e-09	9.87454829016e-09
5.51146058868e-09	-4.56961775086e-08
5.53135755831e-09	-1.56711209343e-07
5.55125452795e-09	-2.48856991902e-07
5.57115149758e-09	-2.66191179321e-07
5.59104846722e-09	-1.858975196e-07
5.61094543685e-09	-3.66277603803e-08
5.63084240649e-09	1.30193228642e-07
5.65073937612e-09	2.52805762102e-07
5.67063634575e-09	2.89817336352e-07
5.69053331539e-09	2.32878875295e-07
5.71043028502e-09	1.02859704754e-07
5.73032725466e-09	-5.9002166708e-08
5.75022422429e-09	-2.11673665262e-07
5.77012119392e-09	-3.30129381609e-07
5.79001816356e-09	-4.06694141475e-07
5.80991513319e-09	-4.49595020768e-07
5.82981210283e-09	-4.70360561167e-07
5.84970907246e-09	-4.73675171975e-07
5.8696060421e-09	-4.54536703387e-07
5.88950301173e-09	-4.02748298711e-07
5.90939998136e-09	-3.11424358301e-07
5.929296951e-09	-1.84584727947e-07
5.94919392063e-09	-4.20409200785e-08
5.96909089027e-09	8.64324221084e-08
5.9889878599e-09	1.68696416836e-07
6.00888482954e-09	1.82789023029e-07
6.02878179917e-09	1.28174093561e-07
6.0486787688e-09	2.41294113579e-08
6.06857573844e-09	-9.31512680324e-08
6.08847270807e-09	-1.90457491556e-07
6.10836967771e-09	-2.47227220029e-07
6.12826664734e-09	-2.64912202397e-07
6.14816361697e-09	-2.56818125877e-07
6.16806058661e-09	-2.39609931896e-07
6.18795755624e-09	-2.21944191026e-07
6.20785452588e-09	-2.00142331153e-07
6.22775149551e-09	-1.69062943201e-07
6.24764846515e-09	-1.28512496644e-07
6.26754543478e-09	-9.0238078343e-08
6.28744240441e-09	-7.61209690836e-08
6.30733937405e-09	-1.019210778e-07
6.32723634368e-09	-1.69296008323e-07
6.34713331332e-09	-2.57022819028e-07
6.36703028295e-09	-3.26107212345e-07
6.38692725259e-09	-3.37114300919e-07
6.40682422222e-09	-2.69228522143e-07
6.42672119185e-09	-1.37173564951e-07
6.44661816149e-09	1.67471352341e-08
6.46651513112e-09	1.37248704846e-07
6.48641210076e-09	1.75785586976e-07
6.50630907039e-09	1.15951390711e-07
6.52620604003e-09	-2.35534933779e-08
6.54610300966e-09	-1.9643535154e-07
6.56599997929e-09	-3.50342190814e-07
6.58589694893e-09	-4.45010869043e-07
6.60579391856e-09	-4.58040474882e-07
6.6256908882e-09	-3.99849611199e-07
6.64558785783e-09	-2.93536857043e-07
6.66548482746e-09	-1.74709647638e-07
6.6853817971e-09	-7.06823861663e-08
6.70527876673e-09	-5.77484149389e-09
6.72517573637e-09	1.56207144997e-08
6.745072706e-09	-2.35495067891e-10
6.76496967564e-09	-4.05874533982e-08
6.78486664527e-09	-9.40591569076e-08
6.8047636149e-09	-1.46968631043e-07
6.82466058454e-09	-1.90550444756e-07
6.84455755417e-09	-2.15776410073e-07
6.86445452381e-09	-2.15186133801e-07
6.88435149344e-09	-1.79960316871e-07
6.90424846308e-09	-1.17903340424e-07
6.92414543271e-09	-4.46838335222e-08
6.94404240234e-09	9.45682154807e-09
6.96393937198e-09	1.18850493891e-08
6.98383634161e-09	-5.48166010361e-08
7.00373331125e-09	-1.88340614216e-07
7.02363028088e-09	-3.53289721033e-07
7.04352725051e-09	-4.96994090327e-07
7.06342422015e-09	-5.64591630337e-07
7.08332118978e-09	-5.20534968018e-07
7.10321815942e-09	-3.67906139331e-07
7.12311512905e-09	-1.44495665211e-07
7.14301209869e-09	8.16390652858e-08
7.16290906832e-09	2.45908168495e-07
7.18280603795e-09	3.05242508603e-07
7.20270300759e-09	2.51946460139e-07
7.22259997722e-09	1.17651985931e-07
7.24249694686e-09	-4.51189556827e-08
7.26239391649e-09	-1.85153275822e-07
7.28229088613e-09	-2.70081201847e-07
7.30218785576e-09	-2.95233292036e-07
7.32208482539e-09	-2.8060793511e-07
7.34198179503e-09	-2.54029629332e-07
7.36187876466e-09	-2.39313436623e-07
7.3817757343e-09	-2.45604937277e-07
7.40167270393e-09	-2.64745906975e-07
7.42156967357e-09	-2.83677351831e-07
7.4414666432e-09	-2.9270748314e-07
7.46136361283e-09	-2.8877765601e-07
7.48126058247e-09	-2.76576386682e-07
7.5011575521e-09	-2.63063313355e-07
7.52105452174e-09	-2.46041196306e-07
7.54095149137e-09	-2.17807397007e-07
7.560848461e-09	-1.63341638881e-07
7.58074543064e-09	-7.6747401323e-08
7.60064240027e-09	3.96603283548e-08
7.62053936991e-09	1.61934700316e-07
7.64043633954e-09	2.60136417296e-07
7.66033330918e-09	3.00137955378e-07
7.68023027881e-09	2.55042024833e-07
7.70012724844e-09	1.25701937748e-07
7.72002421808e-09	-6.4332560612e-08
7.73992118771e-09	-2.74532283129e-07
7.75981815735e-09	-4.54742391298e-07
7.77971512698e-09	-5.65945441622e-07
7.79961209662e-09	-5.92542818367e-07
7.81950906625e-09	-5.45255261386e-07
7.83940603588e-09	-4.53525004218e-07
7.85930300552e-09	-3.52820066496e-07
7.87919997515e-09	-2.66665921345e-07
7.89909694479e-09	-2.05279803822e-07
7.91899391442e-09	-1.57711504301e-07
7.93889088405e-09	-1.07182813736e-07
7.95878785369e-09	-3.90257977045e-08
7.97868482332e-09	4.47050645391e-08
7.99858179296e-09	1.28575670999e-07
8.01847876259e-09	1.89795628103e-07
8.03837573223e-09	2.04546637406e-07
8.05827270186e-09	1.66279029656e-07
8.07816967149e-09	8.28987509749e-08
8.09806664113e-09	-2.48876865783e-08
8.11796361076e-09	-1.3621344408e-07
8.1378605804e-09	-2.33597873489e-07
8.15775755003e-09	-3.11445859325e-07
8.17765451967e-09	-3.73126724185e-07
8.1975514893e-09	-4.20860374106e-07
8.21744845893e-09	-4.55325746884e-07
8.23734542857e-09	-4.72373528737e-07
8.2572423982e-09	-4.61709703359e-07
8.27713936784e-09	-4.15366628204e-07
8.29703633747e-09	-3.31558283051e-07
8.31693330711e-09	-2.17792418766e-07
8.33683027674e-09	-9.23889871274e-08
8.35672724637e-09	2.60453312251e-08
8.37662421601e-09	1.17750392548e-07
8.39652118564e-09	1.70386691423e-07
8.41641815528e-09	1.846177895e-07
8.43631512491e-09	1.63894974037e-07
8.45621209454e-09	1.15022785963e-07
8.47610906418e-09	4.3745160383e-08
8.49600603381e-09	-4.13546175082e-08
8.51590300345e-09	-1.36241617099e-07
8.53579997308e-09	-2.3228364654e-07
8.55569694272e-09	-3.19735150356e-07
8.57559391235e-09	-3.88088821524e-07
8.59549088198e-09	-4.26781753049e-07
8.61538785162e-09	-4.31497994668e-07
8.63528482125e-09	-4.00571337877e-07
8.65518179089e-09	-3.40260797316e-07
8.67507876052e-09	-2.63096239905e-07
8.69497573016e-09	-1.85385616192e-07
8.71487269979e-09	-1.17613673467e-07
8.73476966942e-09	-6.65551773693e-08
8.75466663906e-09	-2.97452498188e-08
8.77456360869e-09	-1.49984213937e-09
8.79446057833e-09	2.40509336891e-08
8.81435754796e-09	4.48277610587e-08
8.83425451759e-09	5.37728386263e-08
8.85415148723e-09	4.41329479628e-08
8.87404845686e-09	5.65751778758e-09
8.8939454265e-09	-6.33081747026e-08
8.91384239613e-09	-1.54823169396e-07
8.93373936577e-09	-2.53721324839e-07
8.9536363354e-09	-3.44568022115e-07
8.97353330503e-09	-4.09452454164e-07
8.99343027467e-09	-4.36037822737e-07
9.0133272443e-09	-4.22402820277e-07
9.03322421394e-09	-3.74647740387e-07
9.05312118357e-09	-3.01835157757e-07
9.07301815321e-09	-2.10093475062e-07
9.09291512284e-09	-1.08898067452e-07
9.11281209247e-09	-7.15686643282e-09
9.13270906211e-09	8.36534823634e-08
9.15260603174e-09	1.50546298983e-07
9.17250300138e-09	1.75604860431e-07
9.19239997101e-09	1.50132507315e-07
9.21229694065e-09	7.47400541456e-08
9.23219391028e-09	-3.53548852416e-08
9.25209087991e-09	-1.58931740657e-07
9.27198784955e-09	-2.70819015213e-07
9.29188481918e-09	-3.52616865484e-07
9.31178178882e-09	-3.91316490322e-07
9.33167875845e-09	-3.91010544831e-07
9.35157572808e-09	-3.63334137887e-07
9.37147269772e-09	-3.23469464547e-07
9.39136966735e-09	-2.81605736063e-07
9.41126663699e-09	-2.44048280251e-07
9.43116360662e-09	-2.08661028012e-07
9.45106057626e-09	-1.68587433791e-07
9.47095754589e-09	-1.18299297469e-07
9.49085451552e-09	-5.92646465236e-08
9.51075148516e-09	2.61474131236e-09
9.53064845479e-09	5.50416086043e-08
9.55054542443e-09	8.95079921293e-08
9.57044239406e-09	9.74765228534e-08
9.5903393637e-09	7.47026653869e-08
9.61023633333e-09	2.3910393665e-08
9.63013330296e-09	-4.55245725561e-08
9.6500302726e-09	-1.25794052508e-07
9.66992724223e-09	-2.10339685225e-07
9.68982421187e-09	-2.92017915626e-07
9.7097211815e-09	-3.65672377711e-07
9.72961815113e-09	-4.27249005952e-07
9.74951512077e-09	-4.68305046297e-07
9.7694120904e-09	-4.76482924228e-07
9.78930906004e-09	-4.40744685193e-07
9.80920602967e-09	-3.61626405265e-07
9.82910299931e-09	-2.45728870141e-07
9.84899996894e-09	-1.12639035876e-07
9.86889693857e-09	1.42693465932e-08
9.88879390821e-09	1.09843487195e-07
9.90869087784e-09	1.62712296969e-07
9.92858784748e-09	1.68329592043e-07
9.94848481711e-09	1.36112326743e-07
9.96838178675e-09	8.15605929461e-08
9.98827875638e-09	2.11416315565e-08
1.0008175726e-08	-3.68216106494e-08
1.00280726956e-08	-9.03849617373e-08
1.00479696653e-08	-1.44793666834e-07
1.00678666349e-08	-2.07002464947e-07
1.00877636046e-08	-2.79304472883e-07
1.01076605742e-08	-3.52098865619e-07
1.01275575438e-08	-4.11853221749e-07
1.01474545135e-08	-4.46141200428e-07
1.01673514831e-08	-4.44792888743e-07
1.01872484527e-08	-4.06316928547e-07
1.02071454224e-08	-3.36769588216e-07
1.0227042392e-08	-2.50396354318e-07
1.02469393616e-08	-1.57391212952e-07
1.02668363313e-08	-6.87896282159e-08
1.02867333009e-08	8.46978620572e-09
1.03066302705e-08	6.7061829867e-08
1.03265272402e-08	1.07573786323e-07
1.03464242098e-08	1.26642667908e-07
1.03663211794e-08	1.19593710934e-07
1.03862181491e-08	8.31829716219e-08
1.04061151187e-08	1.73502092693e-08
1.04260120883e-08	-7.20535595633e-08
1.0445909058e-08	-1.73644075119e-07
1.04658060276e-08	-2.69693046562e-07
1.04857029972e-08	-3.44286732457e-07
1.05055999669e-08	-3.84575997714e-07
1.05254969365e-08	-3.87963538628e-07
1.05453939061e-08	-3.59823417284e-07
1.05652908758e-08	-3.10358643674e-07
1.05851878454e-08	-2.54381760101e-07
1.0605084815e-08	-2.04467703213e-07
1.06249817847e-08	-1.66302172033e-07
1.06448787543e-08	-1.38009852435e-07
1.06647757239e-08	-1.14301474952e-07
1.06846726936e-08	-8.83121948902e-08
1.07045696632e-08	-5.64996902597e-08
1.07244666328e-08	-2.44308235864e-08
1.07443636025e-08	4.8456322288e-10
1.07642605721e-08	1.07297997154e-08
1.07841575417e-08	1.18268189686e-09
1.08040545114e-08	-2.68990287822e-08
1.0823951481e-08	-6.83043985816e-08
1.08438484507e-08	-1.15517895694e-07
1.08637454203e-08	-1.64072311293e-07
1.08836423899e-08	-2.08243584154e-07
1.09035393596e-08	-2.45932341159e-07
1.09234363292e-08	-2.74748899187e-07
1.09433332988e-08	-2.94373961651e-07
1.09632302685e-08	-3.01268116232e-07
1.09831272381e-08	-2.92784250178e-07
1.10030242077e-08	-2.65489134676e-07
1.10229211774e-08	-2.21834270064e-07
1.1042818147e-08	-1.66150101677e-07
1.10627151166e-08	-1.08949432587e-07
1.10826120863e-08	-6.14722175385e-08
1.11025090559e-08	-3.10968228945e-08
1.11224060255e-08	-2.22670557548e-08
1.11423029952e-08	-3.2493625568e-08
1.11621999648e-08	-5.73721194996e-08
1.11820969344e-08	-9.05282817598e-08
1.12019939041e-08	-1.2732871113e-07
1.12218908737e-08	-1.62635863887e-07
1.12417878433e-08	-1.91177804254e-07
1.1261684813e-08	-2.12272709632e-07
1.12815817826e-08	-2.24554298711e-07
1.13014787522e-08	-2.27467204184e-07
1.13213757219e-08	-2.20905334913e-07
1.13412726915e-08	-2.06526060254e-07
1.13611696611e-08	-1.84799411329e-07
1.13810666308e-08	-1.58589010368e-07
1.14009636004e-08	-1.33147302961e-07
1.142086057e-08	-1.12952051268e-07
1.14407575397e-08	-1.0247694604e-07
1.14606545093e-08	-9.93680728811e-08
1.14805514789e-08	-1.00712401974e-07
1.15004484486e-08	-1.03216279967e-07
1.15203454182e-08	-1.0490269986e-07
1.15402423878e-08	-1.03204172319e-07
1.15601393575e-08	-1.05004442474e-07
1.15800363271e-08	-1.12678563369e-07
1.15999332968e-08	-1.29551104067e-07
1.16198302664e-08	-1.56259382322e-07
1.1639727236e-08	-1.90367970276e-07
1.16596242057e-08	-2.253179332e-07
1.16795211753e-08	-2.51576693699e-07
1.16994181449e-08	-2.6221627536e-07
1.17193151146e-08	-2.54296566027e-07
1.17392120842e-08	-2.29350071379e-07
1.17591090538e-08	-1.94099719408e-07
1.17790060235e-08	-1.5676737064e-07
1.17989029931e-08	-1.23180377898e-07
1.18187999627e-08	-9.50362988306e-08
1.18386969324e-08	-7.50658806226e-08
1.1858593902e-08	-6.20939282214e-08
1.18784908716e-08	-5.68098936782e-08
1.18983878413e-08	-6.01043517179e-08
1.19182848109e-08	-7.30535667515e-08
1.19381817805e-08	-9.29732379973e-08
1.19580787502e-08	-1.17456984583e-07
1.19779757198e-08	-1.43675947584e-07
1.19978726894e-08	-1.67905582771e-07
1.20177696591e-08	-1.86046612782e-07
1.20376666287e-08	-1.97523718271e-07
1.20575635983e-08	-2.06703859362e-07
1.2077460568e-08	-2.14665448084e-07
1.20973575376e-08	-2.25792433639e-07
1.21172545072e-08	-2.4016988931e-07
1.21371514769e-08	-2.53810640061e-07
1.21570484465e-08	-2.56809883581e-07
1.21769454161e-08	-2.43123054133e-07
1.21968423858e-08	-2.09490806924e-07
1.22167393554e-08	-1.56989564459e-07
1.2236636325e-08	-9.4329550393e-08
1.22565332947e-08	-3.32805143444e-08
1.22764302643e-08	1.34196689316e-08
1.22963272339e-08	3.71396069454e-08
1.23162242036e-08	3.29702309898e-08
1.23361211732e-08	2.15220841149e-09
1.23560181429e-08	-4.61943017172e-08
1.23759151125e-08	-1.01069563385e-07
1.23958120821e-08	-1.53841554607e-07
1.24157090518e-08	-1.9965271747e-07
1.24356060214e-08	-2.35049007813e-07
1.2455502991e-08	-2.61567535631e-07
1.24753999607e-08	-2.80716108136e-07
1.24952969303e-08	-2.9137321178e-07
1.25151938999e-08	-2.91651090834e-07
1.25350908696e-08	-2.80323916968e-07
1.25549878392e-08	-2.58508350726e-07
1.25748848088e-08	-2.2812812972e-07
1.25947817785e-08	-1.91799991001e-07
1.26146787481e-08	-1.54194573554e-07
1.26345757177e-08	-1.20602571485e-07
1.26544726874e-08	-9.09535486926e-08
1.2674369657e-08	-6.51737188662e-08
1.26942666266e-08	-4.16411651827e-08
1.27141635963e-08	-2.12573318947e-08
1.27340605659e-08	-4.99686803046e-09
1.27539575355e-08	1.67878810853e-09
1.27738545052e-08	-7.56836149307e-09
1.27937514748e-08	-3.70355159873e-08
1.28136484444e-08	-8.45914449599e-08
1.28335454141e-08	-1.44342614306e-07
1.28534423837e-08	-2.0682503532e-07
1.28733393533e-08	-2.60851876988e-07
1.2893236323e-08	-2.98390830267e-07
1.29131332926e-08	-3.15236391657e-07
1.29330302622e-08	-3.11824933874e-07
1.29529272319e-08	-2.9320028716e-07
1.29728242015e-08	-2.64521474946e-07
1.29927211711e-08	-2.31476739998e-07
1.30126181408e-08	-1.94724613323e-07
1.30325151104e-08	-1.56694760278e-07
1.30524120801e-08	-1.1614120865e-07
1.30723090497e-08	-7.44648929185e-08
1.30922060193e-08	-3.5110161889e-08
1.3112102989e-08	-5.19526421883e-09
1.31319999586e-08	9.76264757924e-09
1.31518969282e-08	6.32452734628e-09
1.31717938979e-08	-1.59872151073e-08
1.31916908675e-08	-5.50726131365e-08
1.32115878371e-08	-1.03052393285e-07
1.32314848068e-08	-1.53094639188e-07
