0	-0.000112442
1.41002e-12	-0.000117105
2.82004e-12	-0.000121835
4.23007e-12	-0.000126623
5.64009e-12	-0.000131457
7.05011e-12	-0.000136324
8.46013e-12	-0.000141211
9.87016e-12	-0.000146102
1.12802e-11	-0.000150979
1.26902e-11	-0.000155824
1.41002e-11	-0.000160616
1.55102e-11	-0.000165333
1.69203e-11	-0.00016995
1.83303e-11	-0.000174441
1.97403e-11	-0.000178777
2.11503e-11	-0.000182927
2.25604e-11	-0.000186858
2.39704e-11	-0.000190534
2.53804e-11	-0.000193916
2.67904e-11	-0.000196964
2.82004e-11	-0.000199634
2.96105e-11	-0.000201878
3.10205e-11	-0.000203647
3.24305e-11	-0.000204887
3.38405e-11	-0.000205542
3.52506e-11	-0.000205551
3.66606e-11	-0.000204851
3.80706e-11	-0.000203376
3.94806e-11	-0.000201053
4.08907e-11	-0.000197807
4.23007e-11	-0.000193561
4.37107e-11	-0.00018823
4.51207e-11	-0.000181727
4.65307e-11	-0.000173961
4.79408e-11	-0.000164835
4.93508e-11	-0.000154248
5.07608e-11	-0.000142096
5.21708e-11	-0.000128267
5.35809e-11	-0.000112646
5.49909e-11	-9.51148e-05
5.64009e-11	-7.55476e-05
5.78109e-11	-5.38147e-05
5.92209e-11	-2.97814e-05
6.0631e-11	-3.30776e-06
6.2041e-11	2.5751e-05
6.3451e-11	5.7545e-05
6.4861e-11	9.22291e-05
6.62711e-11	0.000129964
6.76811e-11	0.000170913
6.90911e-11	0.000215248
7.05011e-11	0.000263144
7.19111e-11	0.000314779
7.33212e-11	0.000370338
7.47312e-11	0.000430009
7.61412e-11	0.000493987
7.75512e-11	0.000562467
7.89613e-11	0.000635651
8.03713e-11	0.000713744
8.17813e-11	0.000796954
8.31913e-11	0.000885492
8.46013e-11	0.000979573
8.60114e-11	0.00107941
8.74214e-11	0.00118523
8.88314e-11	0.00129725
9.02414e-11	0.00141568
9.16515e-11	0.00154076
9.30615e-11	0.00167269
9.44715e-11	0.00181172
9.58815e-11	0.00195805
9.72915e-11	0.0021119
9.87016e-11	0.0022735
1.00112e-10	0.00244305
1.01522e-10	0.00262077
1.02932e-10	0.00280685
1.04342e-10	0.00300151
1.05752e-10	0.00320493
1.07162e-10	0.00341729
1.08572e-10	0.00363878
1.09982e-10	0.00386956
1.11392e-10	0.00410979
1.12802e-10	0.00435962
1.14212e-10	0.00461917
1.15622e-10	0.00488857
1.17032e-10	0.00516791
1.18442e-10	0.0054573
1.19852e-10	0.00575678
1.21262e-10	0.00606642
1.22672e-10	0.00638625
1.24082e-10	0.00671626
1.25492e-10	0.00705644
1.26902e-10	0.00740675
1.28312e-10	0.00776712
1.29722e-10	0.00813745
1.31132e-10	0.00851762
1.32542e-10	0.00890745
1.33952e-10	0.00930676
1.35362e-10	0.00971532
1.36772e-10	0.0101329
1.38182e-10	0.0105591
1.39592e-10	0.0109936
1.41002e-10	0.0114361
1.42412e-10	0.0118862
1.43822e-10	0.0123432
1.45232e-10	0.0128068
1.46642e-10	0.0132763
1.48052e-10	0.0137511
1.49462e-10	0.0142305
1.50872e-10	0.0147139
1.52282e-10	0.0152003
1.53692e-10	0.015689
1.55102e-10	0.0161791
1.56512e-10	0.0166696
1.57923e-10	0.0171594
1.59333e-10	0.0176475
1.60743e-10	0.0181327
1.62153e-10	0.0186137
1.63563e-10	0.0190894
1.64973e-10	0.0195583
1.66383e-10	0.020019
1.67793e-10	0.0204699
1.69203e-10	0.0209096
1.70613e-10	0.0213364
1.72023e-10	0.0217484
1.73433e-10	0.0221441
1.74843e-10	0.0225214
1.76253e-10	0.0228785
1.77663e-10	0.0232134
1.79073e-10	0.0235239
1.80483e-10	0.0238078
1.81893e-10	0.0240631
1.83303e-10	0.0242873
1.84713e-10	0.0244781
1.86123e-10	0.0246331
1.87533e-10	0.0247497
1.88943e-10	0.0248254
1.90353e-10	0.0248575
1.91763e-10	0.0248434
1.93173e-10	0.0247802
1.94583e-10	0.0246652
1.95993e-10	0.0244956
1.97403e-10	0.0242683
1.98813e-10	0.0239804
2.00223e-10	0.0236289
2.01633e-10	0.0232108
2.03043e-10	0.022723
2.04453e-10	0.0221623
2.05863e-10	0.0215257
2.07273e-10	0.0208099
2.08683e-10	0.0200119
2.10093e-10	0.0191283
2.11503e-10	0.0181561
2.12913e-10	0.0170921
2.14323e-10	0.015933
2.15733e-10	0.0146757
2.17143e-10	0.0133171
2.18553e-10	0.011854
2.19964e-10	0.0102835
2.21374e-10	0.00860248
2.22784e-10	0.00680796
2.24194e-10	0.00489706
2.25604e-10	0.00286695
2.27014e-10	0.000714875
2.28424e-10	-0.00156183
2.29834e-10	-0.00396573
2.31244e-10	-0.00649927
2.32654e-10	-0.00916481
2.34064e-10	-0.0119646
2.35474e-10	-0.0149006
2.36884e-10	-0.0179748
2.38294e-10	-0.021189
2.39704e-10	-0.0245449
2.41114e-10	-0.0280437
2.42524e-10	-0.0316868
2.43934e-10	-0.0354753
2.45344e-10	-0.0394099
2.46754e-10	-0.0434913
2.48164e-10	-0.0477198
2.49574e-10	-0.0520957
2.50984e-10	-0.0566189
2.52394e-10	-0.0612889
2.53804e-10	-0.0661053
2.55214e-10	-0.071067
2.56624e-10	-0.076173
2.58034e-10	-0.0814217
2.59444e-10	-0.0868114
2.60854e-10	-0.0923401
2.62264e-10	-0.0980052
2.63674e-10	-0.103804
2.65084e-10	-0.109734
2.66494e-10	-0.115791
2.67904e-10	-0.121971
2.69314e-10	-0.128271
2.70724e-10	-0.134686
2.72134e-10	-0.141212
2.73544e-10	-0.147842
2.74954e-10	-0.154572
2.76364e-10	-0.161395
2.77774e-10	-0.168306
2.79184e-10	-0.175297
2.80594e-10	-0.182362
2.82004e-10	-0.189492
2.83415e-10	-0.196682
2.84825e-10	-0.203921
2.86235e-10	-0.211202
2.87645e-10	-0.218515
2.89055e-10	-0.225852
2.90465e-10	-0.233203
2.91875e-10	-0.240557
2.93285e-10	-0.247905
2.94695e-10	-0.255236
2.96105e-10	-0.262538
2.97515e-10	-0.269801
2.98925e-10	-0.277012
3.00335e-10	-0.284161
3.01745e-10	-0.291234
3.03155e-10	-0.298219
3.04565e-10	-0.305104
3.05975e-10	-0.311875
3.07385e-10	-0.31852
3.08795e-10	-0.325024
3.10205e-10	-0.331375
3.11615e-10	-0.337558
3.13025e-10	-0.343559
3.14435e-10	-0.349365
3.15845e-10	-0.354961
3.17255e-10	-0.360334
3.18665e-10	-0.365468
3.20075e-10	-0.370349
3.21485e-10	-0.374964
3.22895e-10	-0.379297
3.24305e-10	-0.383335
3.25715e-10	-0.387062
3.27125e-10	-0.390465
3.28535e-10	-0.393531
3.29945e-10	-0.396244
3.31355e-10	-0.398592
3.32765e-10	-0.40056
3.34175e-10	-0.402135
3.35585e-10	-0.403305
3.36995e-10	-0.404057
3.38405e-10	-0.404377
3.39815e-10	-0.404255
3.41225e-10	-0.403678
3.42635e-10	-0.402636
3.44045e-10	-0.401116
3.45455e-10	-0.39911
3.46866e-10	-0.396606
3.48276e-10	-0.393597
3.49686e-10	-0.390072
3.51096e-10	-0.386023
3.52506e-10	-0.381444
3.53916e-10	-0.376327
3.55326e-10	-0.370665
3.56736e-10	-0.364454
3.58146e-10	-0.357688
3.59556e-10	-0.350362
3.60966e-10	-0.342474
3.62376e-10	-0.334021
3.63786e-10	-0.325001
3.65196e-10	-0.315413
3.66606e-10	-0.305257
3.68016e-10	-0.294532
3.69426e-10	-0.283242
3.70836e-10	-0.271388
3.72246e-10	-0.258973
3.73656e-10	-0.246002
3.75066e-10	-0.232479
3.76476e-10	-0.218411
3.77886e-10	-0.203804
3.79296e-10	-0.188667
3.80706e-10	-0.173008
3.82116e-10	-0.156836
3.83526e-10	-0.140163
3.84936e-10	-0.123
3.86346e-10	-0.105358
3.87756e-10	-0.0872527
3.89166e-10	-0.0686969
3.90576e-10	-0.0497061
3.91986e-10	-0.0302962
3.93396e-10	-0.0104843
3.94806e-10	0.00971209
3.96216e-10	0.0302743
3.97626e-10	0.0511831
3.99036e-10	0.0724182
4.00446e-10	0.0939587
4.01856e-10	0.115783
4.03266e-10	0.137869
4.04676e-10	0.160193
4.06086e-10	0.182732
4.07496e-10	0.205461
4.08907e-10	0.228356
4.10317e-10	0.251392
4.11727e-10	0.274541
4.13137e-10	0.297778
4.14547e-10	0.321076
4.15957e-10	0.344408
4.17367e-10	0.367745
4.18777e-10	0.391061
4.20187e-10	0.414327
4.21597e-10	0.437515
4.23007e-10	0.460596
4.24417e-10	0.483542
4.25827e-10	0.506323
4.27237e-10	0.528911
4.28647e-10	0.551278
4.30057e-10	0.573394
4.31467e-10	0.595231
4.32877e-10	0.61676
4.34287e-10	0.637955
4.35697e-10	0.658785
4.37107e-10	0.679225
4.38517e-10	0.699246
4.39927e-10	0.718822
4.41337e-10	0.737927
4.42747e-10	0.756535
4.44157e-10	0.77462
4.45567e-10	0.792158
4.46977e-10	0.809124
4.48387e-10	0.825496
4.49797e-10	0.84125
4.51207e-10	0.856365
4.52617e-10	0.87082
4.54027e-10	0.884595
4.55437e-10	0.897671
4.56847e-10	0.910028
4.58257e-10	0.92165
4.59667e-10	0.93252
4.61077e-10	0.942623
4.62487e-10	0.951944
4.63897e-10	0.960471
4.65307e-10	0.968191
4.66717e-10	0.975093
4.68127e-10	0.981168
4.69537e-10	0.986406
4.70947e-10	0.990801
4.72358e-10	0.994345
4.73768e-10	0.997034
4.75178e-10	0.998864
4.76588e-10	0.999833
4.77998e-10	0.999938
4.79408e-10	0.999181
4.80818e-10	0.997561
4.82228e-10	0.995081
4.83638e-10	0.991745
4.85048e-10	0.987558
4.86458e-10	0.982525
4.87868e-10	0.976654
4.89278e-10	0.969953
4.90688e-10	0.962432
4.92098e-10	0.954101
4.93508e-10	0.944973
4.94918e-10	0.935059
4.96328e-10	0.924375
4.97738e-10	0.912935
4.99148e-10	0.900756
5.00558e-10	0.887855
5.01968e-10	0.874249
5.03378e-10	0.859958
5.04788e-10	0.845002
5.06198e-10	0.829402
5.07608e-10	0.813179
5.09018e-10	0.796356
5.10428e-10	0.778956
5.11838e-10	0.761002
5.13248e-10	0.74252
5.14658e-10	0.723534
5.16068e-10	0.704071
5.17478e-10	0.684156
5.18888e-10	0.663816
5.20298e-10	0.643078
5.21708e-10	0.62197
5.23118e-10	0.60052
5.24528e-10	0.578755
5.25938e-10	0.556705
5.27348e-10	0.534397
5.28758e-10	0.51186
5.30168e-10	0.489123
5.31578e-10	0.466215
5.32988e-10	0.443165
5.34399e-10	0.420001
5.35809e-10	0.396751
5.37219e-10	0.373444
5.38629e-10	0.350109
5.40039e-10	0.326774
5.41449e-10	0.303465
5.42859e-10	0.28021
5.44269e-10	0.257037
5.45679e-10	0.233972
5.47089e-10	0.21104
5.48499e-10	0.188268
5.49909e-10	0.16568
5.51319e-10	0.143302
5.52729e-10	0.121155
5.54139e-10	0.099265
5.55549e-10	0.0776531
5.56959e-10	0.0563414
5.58369e-10	0.0353511
5.59779e-10	0.0147024
5.61189e-10	-0.00558514
5.62599e-10	-0.0254927
5.64009e-10	-0.0450023
5.65419e-10	-0.064097
5.66829e-10	-0.0827605
5.68239e-10	-0.100977
5.69649e-10	-0.118733
5.71059e-10	-0.136015
5.72469e-10	-0.152809
5.73879e-10	-0.169104
5.75289e-10	-0.184889
5.76699e-10	-0.200155
5.78109e-10	-0.214892
5.79519e-10	-0.229092
5.80929e-10	-0.242749
5.82339e-10	-0.255855
5.83749e-10	-0.268407
5.85159e-10	-0.280398
5.86569e-10	-0.291826
5.87979e-10	-0.302689
5.89389e-10	-0.312984
5.90799e-10	-0.322711
5.92209e-10	-0.33187
5.93619e-10	-0.340462
5.95029e-10	-0.348487
5.96439e-10	-0.35595
5.9785e-10	-0.362852
5.9926e-10	-0.369199
6.0067e-10	-0.374994
6.0208e-10	-0.380244
6.0349e-10	-0.384954
6.049e-10	-0.389131
6.0631e-10	-0.392783
6.0772e-10	-0.395918
6.0913e-10	-0.398545
6.1054e-10	-0.400672
6.1195e-10	-0.402309
6.1336e-10	-0.403467
6.1477e-10	-0.404157
6.1618e-10	-0.404389
6.1759e-10	-0.404175
6.19e-10	-0.403528
6.2041e-10	-0.402459
6.2182e-10	-0.400981
6.2323e-10	-0.399108
6.2464e-10	-0.396852
6.2605e-10	-0.394227
6.2746e-10	-0.391246
6.2887e-10	-0.387924
6.3028e-10	-0.384274
6.3169e-10	-0.380311
6.331e-10	-0.376049
6.3451e-10	-0.371502
6.3592e-10	-0.366684
6.3733e-10	-0.361611
6.3874e-10	-0.356295
6.4015e-10	-0.350752
6.4156e-10	-0.344996
6.4297e-10	-0.339041
6.4438e-10	-0.332901
6.4579e-10	-0.32659
6.472e-10	-0.320122
6.4861e-10	-0.313511
6.5002e-10	-0.306769
6.5143e-10	-0.299911
6.5284e-10	-0.292949
6.5425e-10	-0.285896
6.5566e-10	-0.278765
6.5707e-10	-0.271568
6.5848e-10	-0.264316
6.59891e-10	-0.257023
6.61301e-10	-0.249698
6.62711e-10	-0.242353
6.64121e-10	-0.234999
6.65531e-10	-0.227647
6.66941e-10	-0.220306
6.68351e-10	-0.212986
6.69761e-10	-0.205696
6.71171e-10	-0.198446
6.72581e-10	-0.191244
6.73991e-10	-0.184098
6.75401e-10	-0.177016
6.76811e-10	-0.170006
6.78221e-10	-0.163076
6.79631e-10	-0.15623
6.81041e-10	-0.149477
6.82451e-10	-0.142822
6.83861e-10	-0.136271
6.85271e-10	-0.129828
6.86681e-10	-0.1235
6.88091e-10	-0.117289
6.89501e-10	-0.111202
6.90911e-10	-0.105241
6.92321e-10	-0.0994096
6.93731e-10	-0.0937115
6.95141e-10	-0.0881493
6.96551e-10	-0.0827255
6.97961e-10	-0.0774421
6.99371e-10	-0.0723011
7.00781e-10	-0.067304
7.02191e-10	-0.0624521
7.03601e-10	-0.0577462
7.05011e-10	-0.0531871
7.06421e-10	-0.0487753
7.07831e-10	-0.0445107
7.09241e-10	-0.0403934
7.10651e-10	-0.036423
7.12061e-10	-0.0325989
7.13471e-10	-0.0289204
7.14881e-10	-0.0253864
7.16291e-10	-0.0219957
7.17701e-10	-0.0187471
7.19111e-10	-0.0156388
7.20521e-10	-0.0126692
7.21931e-10	-0.00983631
7.23342e-10	-0.00713819
7.24752e-10	-0.00457261
7.26162e-10	-0.00213726
7.27572e-10	0.000170285
7.28982e-10	0.00235257
7.30392e-10	0.00441222
7.31802e-10	0.00635198
7.33212e-10	0.00817467
7.34622e-10	0.00988316
7.36032e-10	0.0114804
7.37442e-10	0.0129694
7.38852e-10	0.0143533
7.40262e-10	0.015635
7.41672e-10	0.0168178
7.43082e-10	0.0179048
7.44492e-10	0.0188991
7.45902e-10	0.0198041
7.47312e-10	0.0206227
7.48722e-10	0.0213583
7.50132e-10	0.0220139
7.51542e-10	0.0225929
7.52952e-10	0.0230982
7.54362e-10	0.023533
7.55772e-10	0.0239005
7.57182e-10	0.0242036
7.58592e-10	0.0244455
7.60002e-10	0.0246289
7.61412e-10	0.024757
7.62822e-10	0.0248326
7.64232e-10	0.0248584
7.65642e-10	0.0248374
7.67052e-10	0.0247721
7.68462e-10	0.0246652
7.69872e-10	0.0245194
7.71282e-10	0.0243371
7.72692e-10	0.0241208
7.74102e-10	0.0238729
7.75512e-10	0.0235958
7.76922e-10	0.0232916
7.78332e-10	0.0229625
7.79742e-10	0.0226106
7.81152e-10	0.022238
7.82562e-10	0.0218467
7.83972e-10	0.0214384
7.85383e-10	0.0210151
7.86793e-10	0.0205784
7.88203e-10	0.0201301
7.89613e-10	0.0196716
7.91023e-10	0.0192046
7.92433e-10	0.0187305
7.93843e-10	0.0182506
7.95253e-10	0.0177663
7.96663e-10	0.0172788
7.98073e-10	0.0167893
7.99483e-10	0.0162989
8.00893e-10	0.0158087
8.02303e-10	0.0153195
8.03713e-10	0.0148324
8.05123e-10	0.0143483
8.06533e-10	0.0138678
8.07943e-10	0.0133918
8.09353e-10	0.0129209
8.10763e-10	0.0124559
8.12173e-10	0.0119972
8.13583e-10	0.0115454
8.14993e-10	0.011101
8.16403e-10	0.0106645
8.17813e-10	0.0102362
8.19223e-10	0.00981651
8.20633e-10	0.00940573
8.22043e-10	0.00900413
8.23453e-10	0.00861197
8.24863e-10	0.00822943
8.26273e-10	0.00785668
8.27683e-10	0.00749387
8.29093e-10	0.00714109
8.30503e-10	0.00679843
8.31913e-10	0.00646593
8.33323e-10	0.00614362
8.34733e-10	0.00583149
8.36143e-10	0.00552952
8.37553e-10	0.00523768
8.38963e-10	0.00495589
8.40373e-10	0.00468407
8.41783e-10	0.00442212
8.43193e-10	0.00416993
8.44603e-10	0.00392737
8.46013e-10	0.00369429
8.47423e-10	0.00347055
8.48834e-10	0.00325597
8.50244e-10	0.00305039
8.51654e-10	0.00285361
8.53064e-10	0.00266545
8.54474e-10	0.00248571
8.55884e-10	0.00231418
8.57294e-10	0.00215066
8.58704e-10	0.00199493
8.60114e-10	0.00184678
8.61524e-10	0.001706
8.62934e-10	0.00157235
8.64344e-10	0.00144561
8.65754e-10	0.00132558
8.67164e-10	0.00121201
8.68574e-10	0.0011047
8.69984e-10	0.00100342
8.71394e-10	0.000907956
8.72804e-10	0.000818084
8.74214e-10	0.000733592
8.75624e-10	0.000654268
8.77034e-10	0.000579904
8.78444e-10	0.000510293
8.79854e-10	0.000445234
8.81264e-10	0.000384528
8.82674e-10	0.000327982
8.84084e-10	0.000275406
8.85494e-10	0.000226614
8.86904e-10	0.000181425
8.88314e-10	0.000139664
8.89724e-10	0.00010116
8.91134e-10	6.57454e-05
8.92544e-10	3.32599e-05
8.93954e-10	3.54695e-06
8.95364e-10	-2.35446e-05
8.96774e-10	-4.8161e-05
8.98184e-10	-7.04433e-05
8.99594e-10	-9.05274e-05
9.01004e-10	-0.000108544
9.02414e-10	-0.00012462
9.03824e-10	-0.000138876
9.05234e-10	-0.000151428
9.06644e-10	-0.000162388
9.08054e-10	-0.000171861
9.09464e-10	-0.00017995
9.10874e-10	-0.000186753
9.12285e-10	-0.000192362
9.13695e-10	-0.000196866
9.15105e-10	-0.000200348
9.16515e-10	-0.000202889
9.17925e-10	-0.000204565
9.19335e-10	-0.000205448
9.20745e-10	-0.000205606
9.22155e-10	-0.000205103
9.23565e-10	-0.000204001
9.24975e-10	-0.000202356
9.26385e-10	-0.000200223
9.27795e-10	-0.000197653
9.29205e-10	-0.000194693
9.30615e-10	-0.000191389
9.32025e-10	-0.000187781
9.33435e-10	-0.000183909
9.34845e-10	-0.000179809
9.36255e-10	-0.000175515
9.37665e-10	-0.00017106
9.39075e-10	-0.000166471
9.40485e-10	-0.000161776
9.41895e-10	-0.000157
9.43305e-10	-0.000152166
9.44715e-10	-0.000147295
9.46125e-10	-0.000142406
9.47535e-10	-0.000137517
9.48945e-10	-0.000132643
9.50355e-10	-0.0001278
9.51765e-10	-0.000123
9.53175e-10	-0.000118254
9.54585e-10	-0.000113575
