7.05011e-13	-0.000114764
2.11503e-12	-0.000119462
3.52506e-12	-0.000124222
4.93508e-12	-0.000129035
6.3451e-12	-0.000133887
7.75512e-12	-0.000138766
9.16515e-12	-0.000143657
1.05752e-11	-0.000148543
1.19852e-11	-0.000153407
1.33952e-11	-0.000158228
1.48052e-11	-0.000162985
1.62153e-11	-0.000167655
1.76253e-11	-0.000172213
1.90353e-11	-0.00017663
2.04453e-11	-0.000180877
2.18553e-11	-0.000184922
2.32654e-11	-0.00018873
2.46754e-11	-0.000192264
2.60854e-11	-0.000195485
2.74954e-11	-0.000198349
2.89055e-11	-0.000200812
3.03155e-11	-0.000202825
3.17255e-11	-0.000204336
3.31355e-11	-0.000205291
3.45455e-11	-0.000205631
3.59556e-11	-0.000205294
3.73656e-11	-0.000204215
3.87756e-11	-0.000202325
4.01856e-11	-0.00019955
4.15957e-11	-0.000195814
4.30057e-11	-0.000191036
4.44157e-11	-0.000185131
4.58257e-11	-0.000178008
4.72358e-11	-0.000169574
4.86458e-11	-0.000159731
5.00558e-11	-0.000148375
5.14658e-11	-0.000135398
5.28758e-11	-0.000120688
5.42859e-11	-0.000104127
5.56959e-11	-8.55937e-05
5.71059e-11	-6.49601e-05
5.85159e-11	-4.20942e-05
5.9926e-11	-1.68585e-05
6.1336e-11	1.08892e-05
6.2746e-11	4.12965e-05
6.4156e-11	7.45159e-05
6.5566e-11	0.000110705
6.69761e-11	0.000150026
6.83861e-11	0.000192647
6.97961e-11	0.00023874
7.12061e-11	0.000288482
7.26162e-11	0.000342056
7.40262e-11	0.000399647
7.54362e-11	0.000461447
7.68462e-11	0.000527651
7.82562e-11	0.000598458
7.96663e-11	0.000674071
8.10763e-11	0.000754696
8.24863e-11	0.000840544
8.38963e-11	0.000931827
8.53064e-11	0.00102876
8.67164e-11	0.00113156
8.81264e-11	0.00124045
8.95364e-11	0.00135565
9.09464e-11	0.00147737
9.23565e-11	0.00160585
9.37665e-11	0.00174131
9.51765e-11	0.00188396
9.65865e-11	0.00203402
9.79966e-11	0.00219172
9.94066e-11	0.00235727
1.00817e-10	0.00253088
1.02227e-10	0.00271275
1.03637e-10	0.0029031
1.05047e-10	0.00310211
1.06457e-10	0.00330998
1.07867e-10	0.00352688
1.09277e-10	0.003753
1.10687e-10	0.00398848
1.12097e-10	0.00423349
1.13507e-10	0.00448817
1.14917e-10	0.00475263
1.16327e-10	0.00502699
1.17737e-10	0.00531134
1.19147e-10	0.00560577
1.20557e-10	0.00591033
1.21967e-10	0.00622506
1.23377e-10	0.00654998
1.24787e-10	0.00688508
1.26197e-10	0.00723034
1.27607e-10	0.00758569
1.29017e-10	0.00795105
1.30427e-10	0.00832632
1.31837e-10	0.00871134
1.33247e-10	0.00910593
1.34657e-10	0.0095099
1.36067e-10	0.00992299
1.37477e-10	0.0103449
1.38887e-10	0.0107753
1.40297e-10	0.0112139
1.41707e-10	0.0116602
1.43117e-10	0.0121138
1.44527e-10	0.0125742
1.45937e-10	0.0130408
1.47347e-10	0.013513
1.48757e-10	0.0139903
1.50167e-10	0.0144717
1.51577e-10	0.0149567
1.52987e-10	0.0154444
1.54397e-10	0.015934
1.55807e-10	0.0164243
1.57218e-10	0.0169146
1.58628e-10	0.0174037
1.60038e-10	0.0178905
1.61448e-10	0.0183738
1.62858e-10	0.0188523
1.64268e-10	0.0193248
1.65678e-10	0.0197897
1.67088e-10	0.0202458
1.68498e-10	0.0206913
1.69908e-10	0.0211247
1.71318e-10	0.0215443
1.72728e-10	0.0219484
1.74138e-10	0.0223352
1.75548e-10	0.0227026
1.76958e-10	0.0230489
1.78368e-10	0.0233718
1.79778e-10	0.0236693
1.81188e-10	0.0239392
1.82598e-10	0.0241792
1.84008e-10	0.024387
1.85418e-10	0.0245602
1.86828e-10	0.0246963
1.88238e-10	0.0247928
1.89648e-10	0.0248471
1.91058e-10	0.0248564
1.92468e-10	0.0248181
1.93878e-10	0.0247294
1.95288e-10	0.0245874
1.96698e-10	0.0243893
1.98108e-10	0.0241321
1.99518e-10	0.0238128
2.00928e-10	0.0234284
2.02338e-10	0.0229758
2.03748e-10	0.0224519
2.05158e-10	0.0218537
2.06568e-10	0.0211779
2.07978e-10	0.0204214
2.09388e-10	0.019581
2.10798e-10	0.0186535
2.12208e-10	0.0176358
2.13618e-10	0.0165246
2.15028e-10	0.0153168
2.16438e-10	0.0140092
2.17848e-10	0.0125988
2.19258e-10	0.0110824
2.20669e-10	0.009457
2.22079e-10	0.00771959
2.23489e-10	0.00586724
2.24899e-10	0.00389708
2.26309e-10	0.00180633
2.27719e-10	-0.000407736
2.29129e-10	-0.00274772
2.30539e-10	-0.00521614
2.31949e-10	-0.0078154
2.33359e-10	-0.0105478
2.34769e-10	-0.0134154
2.36179e-10	-0.0164203
2.37589e-10	-0.0195643
2.38999e-10	-0.0228492
2.40409e-10	-0.0262763
2.41819e-10	-0.0298472
2.43229e-10	-0.0335628
2.44639e-10	-0.0374243
2.46049e-10	-0.0414322
2.47459e-10	-0.0455871
2.48869e-10	-0.0498894
2.50279e-10	-0.0543389
2.51689e-10	-0.0589356
2.53099e-10	-0.0636789
2.54509e-10	-0.068568
2.55919e-10	-0.0736021
2.57329e-10	-0.0787796
2.58739e-10	-0.0840991
2.60149e-10	-0.0895585
2.61559e-10	-0.0951557
2.62969e-10	-0.100888
2.64379e-10	-0.106753
2.65789e-10	-0.112747
2.67199e-10	-0.118866
2.68609e-10	-0.125107
2.70019e-10	-0.131465
2.71429e-10	-0.137936
2.72839e-10	-0.144514
2.74249e-10	-0.151195
2.75659e-10	-0.157972
2.77069e-10	-0.16484
2.78479e-10	-0.171792
2.79889e-10	-0.178821
2.81299e-10	-0.185919
2.82709e-10	-0.19308
2.8412e-10	-0.200295
2.8553e-10	-0.207557
2.8694e-10	-0.214855
2.8835e-10	-0.222181
2.8976e-10	-0.229526
2.9117e-10	-0.23688
2.9258e-10	-0.244233
2.9399e-10	-0.251573
2.954e-10	-0.258891
2.9681e-10	-0.266175
2.9822e-10	-0.273414
2.9963e-10	-0.280595
3.0104e-10	-0.287708
3.0245e-10	-0.294738
3.0386e-10	-0.301675
3.0527e-10	-0.308505
3.0668e-10	-0.315214
3.0809e-10	-0.32179
3.095e-10	-0.328219
3.1091e-10	-0.334488
3.1232e-10	-0.340582
3.1373e-10	-0.346487
3.1514e-10	-0.35219
3.1655e-10	-0.357677
3.1796e-10	-0.362932
3.1937e-10	-0.367941
3.2078e-10	-0.372691
3.2219e-10	-0.377167
3.236e-10	-0.381354
3.2501e-10	-0.385238
3.2642e-10	-0.388805
3.2783e-10	-0.392041
3.2924e-10	-0.394932
3.3065e-10	-0.397464
3.3206e-10	-0.399624
3.3347e-10	-0.401397
3.3488e-10	-0.402772
3.3629e-10	-0.403734
3.377e-10	-0.404272
3.3911e-10	-0.404372
3.4052e-10	-0.404024
3.4193e-10	-0.403216
3.4334e-10	-0.401936
3.4475e-10	-0.400175
3.46161e-10	-0.397921
3.47571e-10	-0.395165
3.48981e-10	-0.391899
3.50391e-10	-0.388114
3.51801e-10	-0.383801
3.53211e-10	-0.378953
3.54621e-10	-0.373565
3.56031e-10	-0.367629
3.57441e-10	-0.36114
3.58851e-10	-0.354095
3.60261e-10	-0.346489
3.61671e-10	-0.338319
3.63081e-10	-0.329582
3.64491e-10	-0.320278
3.65901e-10	-0.310406
3.67311e-10	-0.299965
3.68721e-10	-0.288958
3.70131e-10	-0.277385
3.71541e-10	-0.26525
3.72951e-10	-0.252557
3.74361e-10	-0.239309
3.75771e-10	-0.225513
3.77181e-10	-0.211175
3.78591e-10	-0.196302
3.80001e-10	-0.180902
3.81411e-10	-0.164985
3.82821e-10	-0.148562
3.84231e-10	-0.131642
3.85641e-10	-0.114238
3.87051e-10	-0.0963627
3.88461e-10	-0.0780301
3.89871e-10	-0.0592549
3.91281e-10	-0.0400525
3.92691e-10	-0.0204394
3.94101e-10	-0.000433007
3.95511e-10	0.0199487
3.96921e-10	0.0406866
3.98331e-10	0.0617611
3.99741e-10	0.0831516
4.01151e-10	0.104837
4.02561e-10	0.126795
4.03971e-10	0.149003
4.05381e-10	0.171437
4.06791e-10	0.194074
4.08201e-10	0.21689
4.09612e-10	0.239858
4.11022e-10	0.262954
4.12432e-10	0.28615
4.13842e-10	0.309421
4.15252e-10	0.332739
4.16662e-10	0.356077
4.18072e-10	0.379408
4.19482e-10	0.402702
4.20892e-10	0.425933
4.22302e-10	0.449071
4.23712e-10	0.472088
4.25122e-10	0.494955
4.26532e-10	0.517643
4.27942e-10	0.540124
4.29352e-10	0.562369
4.30762e-10	0.584349
4.32172e-10	0.606036
4.33582e-10	0.627401
4.34992e-10	0.648417
4.36402e-10	0.669056
4.37812e-10	0.68929
4.39222e-10	0.709092
4.40632e-10	0.728435
4.42042e-10	0.747295
4.43452e-10	0.765644
4.44862e-10	0.783459
4.46272e-10	0.800714
4.47682e-10	0.817385
4.49092e-10	0.833451
4.50502e-10	0.848889
4.51912e-10	0.863677
4.53322e-10	0.877794
4.54732e-10	0.891222
4.56142e-10	0.90394
4.57552e-10	0.915932
4.58962e-10	0.92718
4.60372e-10	0.937668
4.61782e-10	0.947382
4.63192e-10	0.956308
4.64602e-10	0.964433
4.66012e-10	0.971745
4.67422e-10	0.978235
4.68832e-10	0.983892
4.70242e-10	0.988709
4.71653e-10	0.99268
4.73063e-10	0.995797
4.74473e-10	0.998057
4.75883e-10	0.999456
4.77293e-10	0.999994
4.78703e-10	0.999667
4.80113e-10	0.998478
4.81523e-10	0.996428
4.82933e-10	0.99352
4.84343e-10	0.989758
4.85753e-10	0.985147
4.87163e-10	0.979694
4.88573e-10	0.973407
4.89983e-10	0.966295
4.91393e-10	0.958367
4.92803e-10	0.949636
4.94213e-10	0.940113
4.95623e-10	0.929813
4.97033e-10	0.918749
4.98443e-10	0.906937
4.99853e-10	0.894395
5.01263e-10	0.881139
5.02673e-10	0.867188
5.04083e-10	0.852562
5.05493e-10	0.837282
5.06903e-10	0.821367
5.08313e-10	0.804841
5.09723e-10	0.787727
5.11133e-10	0.770047
5.12543e-10	0.751826
5.13953e-10	0.733088
5.15363e-10	0.713861
5.16773e-10	0.694168
5.18183e-10	0.674037
5.19593e-10	0.653495
5.21003e-10	0.632569
5.22413e-10	0.611286
5.23823e-10	0.589675
5.25233e-10	0.567764
5.26643e-10	0.545581
5.28053e-10	0.523155
5.29463e-10	0.500515
5.30873e-10	0.477689
5.32283e-10	0.454706
5.33693e-10	0.431595
5.35104e-10	0.408385
5.36514e-10	0.385103
5.37924e-10	0.361779
5.39334e-10	0.33844
5.40744e-10	0.315114
5.42154e-10	0.291829
5.43564e-10	0.268612
5.44974e-10	0.245489
5.46384e-10	0.222488
5.47794e-10	0.199633
5.49204e-10	0.17695
5.50614e-10	0.154463
5.52024e-10	0.132198
5.53434e-10	0.110177
5.54844e-10	0.0884229
5.56254e-10	0.0669584
5.57664e-10	0.0458048
5.59074e-10	0.0249828
5.60484e-10	0.00451227
5.61894e-10	-0.0155875
5.63304e-10	-0.0352983
5.64714e-10	-0.0546026
5.66124e-10	-0.0734836
5.67534e-10	-0.0919257
5.68944e-10	-0.109914
5.70354e-10	-0.127434
5.71764e-10	-0.144473
5.73174e-10	-0.16102
5.74584e-10	-0.177061
5.75994e-10	-0.192588
5.77404e-10	-0.20759
5.78814e-10	-0.22206
5.80224e-10	-0.235989
5.81634e-10	-0.249371
5.83044e-10	-0.262201
5.84454e-10	-0.274473
5.85864e-10	-0.286183
5.87274e-10	-0.297329
5.88684e-10	-0.307908
5.90094e-10	-0.317919
5.91504e-10	-0.327362
5.92914e-10	-0.336237
5.94324e-10	-0.344545
5.95734e-10	-0.352289
5.97145e-10	-0.359471
5.98555e-10	-0.366095
5.99965e-10	-0.372165
6.01375e-10	-0.377687
6.02785e-10	-0.382666
6.04195e-10	-0.387109
6.05605e-10	-0.391023
6.07015e-10	-0.394415
6.08425e-10	-0.397294
6.09835e-10	-0.39967
6.11245e-10	-0.401551
6.12655e-10	-0.402947
6.14065e-10	-0.40387
6.15475e-10	-0.404329
6.16885e-10	-0.404337
6.18295e-10	-0.403905
6.19705e-10	-0.403045
6.21115e-10	-0.40177
6.22525e-10	-0.400093
6.23935e-10	-0.398027
6.25345e-10	-0.395585
6.26755e-10	-0.39278
6.28165e-10	-0.389627
6.29575e-10	-0.386139
6.30985e-10	-0.382331
6.32395e-10	-0.378217
6.33805e-10	-0.37381
6.35215e-10	-0.369126
6.36625e-10	-0.364179
6.38035e-10	-0.358982
6.39445e-10	-0.353551
6.40855e-10	-0.3479
6.42265e-10	-0.342043
6.43675e-10	-0.335993
6.45085e-10	-0.329766
6.46495e-10	-0.323375
6.47905e-10	-0.316834
6.49315e-10	-0.310155
6.50725e-10	-0.303354
6.52135e-10	-0.296442
6.53545e-10	-0.289433
6.54955e-10	-0.28234
6.56365e-10	-0.275174
6.57775e-10	-0.267948
6.59185e-10	-0.260674
6.60596e-10	-0.253363
6.62006e-10	-0.246027
6.63416e-10	-0.238677
6.64826e-10	-0.231322
6.66236e-10	-0.223974
6.67646e-10	-0.216643
6.69056e-10	-0.209337
6.70466e-10	-0.202065
6.71876e-10	-0.194838
6.73286e-10	-0.187663
6.74696e-10	-0.180549
6.76106e-10	-0.173502
6.77516e-10	-0.166531
6.78926e-10	-0.159642
6.80336e-10	-0.152842
6.81746e-10	-0.146137
6.83156e-10	-0.139533
6.84566e-10	-0.133035
6.85976e-10	-0.126649
6.87386e-10	-0.120379
6.88796e-10	-0.11423
6.90206e-10	-0.108205
6.91616e-10	-0.102309
6.93026e-10	-0.0965438
6.94436e-10	-0.0909133
6.95846e-10	-0.08542
6.97256e-10	-0.0800661
6.98666e-10	-0.0748537
7.00076e-10	-0.0697845
7.01486e-10	-0.0648598
7.02896e-10	-0.0600808
7.04306e-10	-0.0554483
7.05716e-10	-0.0509628
7.07126e-10	-0.0466246
7.08536e-10	-0.0424337
7.09946e-10	-0.0383899
7.11356e-10	-0.0344927
7.12766e-10	-0.0307415
7.14176e-10	-0.0271354
7.15586e-10	-0.0236732
7.16996e-10	-0.0203537
7.18406e-10	-0.0171755
7.19816e-10	-0.0141368
7.21226e-10	-0.0112358
7.22637e-10	-0.00847054
7.24047e-10	-0.00583897
7.25457e-10	-0.0033388
7.26867e-10	-0.000967667
7.28277e-10	0.00127692
7.29687e-10	0.00339755
7.31097e-10	0.00539692
7.32507e-10	0.00727778
7.33917e-10	0.009043
7.35327e-10	0.0106955
7.36737e-10	0.0122383
7.38147e-10	0.0136743
7.39557e-10	0.0150067
7.40967e-10	0.0162386
7.42377e-10	0.0173731
7.43787e-10	0.0184133
7.45197e-10	0.0193626
7.46607e-10	0.020224
7.48017e-10	0.0210007
7.49427e-10	0.0216959
7.50837e-10	0.0223128
7.52247e-10	0.0228545
7.53657e-10	0.0233242
7.55067e-10	0.023725
7.56477e-10	0.0240599
7.57887e-10	0.024332
7.59297e-10	0.0245443
7.60707e-10	0.0246997
7.62117e-10	0.0248012
7.63527e-10	0.0248515
7.64937e-10	0.0248536
7.66347e-10	0.0248101
7.67757e-10	0.0247237
7.69167e-10	0.024597
7.70577e-10	0.0244326
7.71987e-10	0.0242331
7.73397e-10	0.0240007
7.74807e-10	0.0237379
7.76217e-10	0.0234469
7.77627e-10	0.02313
7.79037e-10	0.0227893
7.80447e-10	0.0224268
7.81857e-10	0.0220446
7.83267e-10	0.0216446
7.84677e-10	0.0212286
7.86088e-10	0.0207983
7.87498e-10	0.0203556
7.88908e-10	0.019902
7.90318e-10	0.0194391
7.91728e-10	0.0189684
7.93138e-10	0.0184912
7.94548e-10	0.0180089
7.95958e-10	0.0175229
7.97368e-10	0.0170343
7.98778e-10	0.0165442
8.00188e-10	0.0160537
8.01598e-10	0.0155639
8.03008e-10	0.0150757
8.04418e-10	0.0145899
8.05828e-10	0.0141075
8.07238e-10	0.0136292
8.08648e-10	0.0131557
8.10058e-10	0.0126876
8.11468e-10	0.0122257
8.12878e-10	0.0117704
8.14288e-10	0.0113223
8.15698e-10	0.0108818
8.17108e-10	0.0104493
8.18518e-10	0.0100253
8.19928e-10	0.00960999
8.21338e-10	0.00920377
8.22748e-10	0.00880686
8.24158e-10	0.00841948
8.25568e-10	0.00804182
8.26978e-10	0.00767402
8.28388e-10	0.00731622
8.29798e-10	0.00696849
8.31208e-10	0.00663091
8.32618e-10	0.0063035
8.34028e-10	0.00598628
8.35438e-10	0.00567924
8.36848e-10	0.00538234
8.38258e-10	0.00509553
8.39668e-10	0.00481874
8.41078e-10	0.00455187
8.42488e-10	0.00429481
8.43898e-10	0.00404746
8.45308e-10	0.00380966
8.46718e-10	0.00358127
8.48128e-10	0.00336213
8.49539e-10	0.00315207
8.50949e-10	0.00295091
8.52359e-10	0.00275846
8.53769e-10	0.00257454
8.55179e-10	0.00239893
8.56589e-10	0.00223143
8.57999e-10	0.00207183
8.59409e-10	0.00191992
8.60819e-10	0.00177548
8.62229e-10	0.00163829
8.63639e-10	0.00150813
8.65049e-10	0.00138477
8.66459e-10	0.001268
8.67869e-10	0.00115759
8.69279e-10	0.00105332
8.70689e-10	0.000954977
8.72099e-10	0.000862334
8.73509e-10	0.000775179
8.74919e-10	0.000693297
8.76329e-10	0.000616479
8.77739e-10	0.000544517
8.79149e-10	0.000477207
8.80559e-10	0.000414349
8.81969e-10	0.000355747
8.83379e-10	0.000301209
8.84789e-10	0.000250548
8.86199e-10	0.00020358
8.87609e-10	0.000160127
8.89019e-10	0.000120015
8.90429e-10	8.30765e-05
8.91839e-10	4.91464e-05
8.93249e-10	1.80664e-05
8.94659e-10	-1.03173e-05
8.96069e-10	-3.61533e-05
8.97479e-10	-5.95853e-05
8.98889e-10	-8.07518e-05
9.00299e-10	-9.97863e-05
9.01709e-10	-0.000116817
9.03119e-10	-0.000131968
9.04529e-10	-0.000145358
9.05939e-10	-0.0001571
9.07349e-10	-0.000167304
9.08759e-10	-0.000176073
9.10169e-10	-0.000183507
9.1158e-10	-0.000189701
9.1299e-10	-0.000194747
9.144e-10	-0.000198729
9.1581e-10	-0.000201731
9.1722e-10	-0.000203831
9.1863e-10	-0.000205101
9.2004e-10	-0.000205613
9.2145e-10	-0.000205433
9.2286e-10	-0.000204623
9.2427e-10	-0.000203243
9.2568e-10	-0.000201348
9.2709e-10	-0.00019899
9.285e-10	-0.000196219
9.2991e-10	-0.000193081
9.3132e-10	-0.00018962
9.3273e-10	-0.000185875
9.3414e-10	-0.000181885
9.3555e-10	-0.000177684
9.3696e-10	-0.000173306
9.3837e-10	-0.00016878
9.3978e-10	-0.000164135
9.4119e-10	-0.000159397
9.426e-10	-0.000154589
9.4401e-10	-0.000149734
9.4542e-10	-0.000144852
9.4683e-10	-0.00013996
9.4824e-10	-0.000135077
9.4965e-10	-0.000130217
9.5106e-10	-0.000125393
9.5247e-10	-0.000120619
9.5388e-10	-0.000115906
9.5529e-10	-0.000111262
