% time-domain voltage integration by openEMS v0.0.36 @Thu Feb  5 18:55:41 2026
% start-coordinates: (0.0367826,0.02,0.0015) m -> [121,75,9]
% stop-coordinates: (0.0367826,0.02,0) m -> [121,75,7]
% t/s	voltage
0	0
1.9740314184e-11	0
3.94806283681e-11	0
5.92209425521e-11	0
7.89612567362e-11	0
9.87015709202e-11	0
1.18441885104e-10	0
1.38182199288e-10	0
1.57922513472e-10	0
1.77662827656e-10	0
1.9740314184e-10	-1.56808903861e-29
2.17143456024e-10	-2.36763227932e-22
2.36883770208e-10	-5.8451925547e-17
2.56624084393e-10	-4.14957144709e-13
2.76364398577e-10	-9.63467673698e-11
2.96104712761e-10	-5.71980185438e-10
3.15845026945e-10	-6.07531330798e-10
3.35585341129e-10	-3.32957175719e-10
3.55325655313e-10	1.41480888116e-09
3.75065969497e-10	5.86339155006e-09
3.94806283681e-10	1.44565870386e-08
4.14546597865e-10	2.79171707973e-08
4.34286912049e-10	4.65344260903e-08
4.54027226233e-10	6.33999874822e-08
4.73767540417e-10	6.44698232577e-08
4.93507854601e-10	2.40624205006e-08
5.13248168785e-10	-7.82065008309e-08
5.32988482969e-10	-1.30735720916e-07
5.52728797153e-10	1.57970376335e-07
5.72469111337e-10	8.88705073976e-07
5.92209425521e-10	2.58411046161e-06
6.11949739705e-10	5.54121220375e-06
6.31690053889e-10	9.7768456726e-06
6.51430368073e-10	1.41731825352e-05
6.71170682257e-10	1.61044827109e-05
6.90910996441e-10	1.10349537863e-05
7.10651310625e-10	-7.18633714314e-06
7.3039162481e-10	-4.44204815722e-05
7.50131938994e-10	-0.000103072499769
7.69872253178e-10	-0.000178300724656
7.89612567362e-10	-0.000255023973295
8.09352881546e-10	-0.000308052825858
8.2909319573e-10	-0.000307087844703
8.48833509914e-10	-0.000226586242206
8.68573824098e-10	-5.77915416216e-05
8.88314138282e-10	0.000182006057003
9.08054452466e-10	0.000448274367955
9.2779476665e-10	0.000678923126543
9.47535080834e-10	0.000812958343886
9.67275395018e-10	0.000811499077827
9.87015709202e-10	0.000672382622724
1.00675602339e-09	0.000431734908489
1.02649633757e-09	0.000151433880092
1.04623665175e-09	-0.000102235288068
1.06597696594e-09	-0.000279673287878
1.08571728012e-09	-0.000360481819371
1.10545759431e-09	-0.000353704075678
1.12519790849e-09	-0.000287799310172
1.14493822267e-09	-0.00019644787244
1.16467853686e-09	-0.00010670845586
1.18441885104e-09	-3.34753058269e-05
1.20415916523e-09	1.94255972019e-05
1.22389947941e-09	5.41408917343e-05
1.24363979359e-09	7.33271917852e-05
1.26338010778e-09	7.70747137722e-05
1.28312042196e-09	6.31604998489e-05
1.30286073615e-09	2.98570648738e-05
1.32260105033e-09	-2.05956330319e-05
1.34234136451e-09	-7.99261033535e-05
1.3620816787e-09	-0.000134538138809
1.38182199288e-09	-0.000169169972651
1.40156230707e-09	-0.000172193569597
1.42130262125e-09	-0.000140360782098
1.44104293543e-09	-8.08031800261e-05
1.46078324962e-09	-9.08052879822e-06
1.4805235638e-09	5.60868575121e-05
1.50026387799e-09	9.93275280052e-05
1.52000419217e-09	0.000113483536552
1.53974450636e-09	0.000100873952761
1.55948482054e-09	7.10744861863e-05
1.57922513472e-09	3.60242338502e-05
1.59896544891e-09	5.42082216271e-06
1.61870576309e-09	-1.60040017363e-05
1.63844607728e-09	-2.83772042167e-05
1.65818639146e-09	-3.45336029568e-05
1.67792670564e-09	-3.73804032279e-05
1.69766701983e-09	-3.80497876904e-05
1.71740733401e-09	-3.55126303475e-05
1.7371476482e-09	-2.74602789432e-05
1.75688796238e-09	-1.17519980449e-05
1.77662827656e-09	1.22564742924e-05
1.79636859075e-09	4.29834017268e-05
1.81610890493e-09	7.65161130403e-05
1.83584921912e-09	0.000107140131149
1.8555895333e-09	0.000128349900478
1.87532984748e-09	0.000134344125399
1.89507016167e-09	0.000121679117001
1.91481047585e-09	9.06960049178e-05
1.93455079004e-09	4.61627114419e-05
1.95429110422e-09	-3.37027415753e-06
1.9740314184e-09	-4.75395463582e-05
1.99377173259e-09	-7.70297156123e-05
2.01351204677e-09	-8.63285677042e-05
2.03325236096e-09	-7.53344320401e-05
2.05299267514e-09	-4.9147167374e-05
2.07273298932e-09	-1.61138441399e-05
2.09247330351e-09	1.50576170199e-05
2.11221361769e-09	3.79052144126e-05
2.13195393188e-09	4.95809927088e-05
2.15169424606e-09	5.06307351316e-05
2.17143456024e-09	4.3583841034e-05
2.19117487443e-09	3.12171032419e-05
2.21091518861e-09	1.53834762386e-05
2.2306555028e-09	-3.13799398555e-06
2.25039581698e-09	-2.39235214394e-05
2.27013613116e-09	-4.58458562207e-05
2.28987644535e-09	-6.63590872136e-05
2.30961675953e-09	-8.16162610136e-05
2.32935707372e-09	-8.74587749422e-05
2.3490973879e-09	-8.0927482486e-05
2.36883770208e-09	-6.16808174527e-05
2.38857801627e-09	-3.26720146404e-05
2.40831833045e-09	2.923180773e-07
2.42805864464e-09	3.00574092762e-05
2.44779895882e-09	5.02158382005e-05
2.46753927301e-09	5.70379870624e-05
2.48727958719e-09	5.05370571773e-05
2.50701990137e-09	3.42748189723e-05
2.52676021556e-09	1.40141473821e-05
2.54650052974e-09	-4.23377832703e-06
2.56624084393e-09	-1.60541458172e-05
2.58598115811e-09	-1.97441631826e-05
2.60572147229e-09	-1.6401366338e-05
2.62546178648e-09	-9.0968751465e-06
2.64520210066e-09	-1.55705839688e-06
2.66494241485e-09	3.16046282478e-06
2.68468272903e-09	3.58696695457e-06
2.70442304321e-09	1.53389777324e-07
2.7241633574e-09	-5.10479503646e-06
2.74390367158e-09	-9.30420219447e-06
2.76364398577e-09	-9.70188193605e-06
2.78338429995e-09	-4.68831581202e-06
2.80312461413e-09	5.49889000467e-06
2.82286492832e-09	1.85806175068e-05
2.8426052425e-09	3.0751806662e-05
2.86234555669e-09	3.78448676202e-05
2.88208587087e-09	3.68297878595e-05
2.90182618505e-09	2.71096341748e-05
2.92156649924e-09	1.10265154944e-05
2.94130681342e-09	-6.74360921948e-06
2.96104712761e-09	-2.07772636713e-05
2.98078744179e-09	-2.6871346563e-05
3.00052775597e-09	-2.35839943343e-05
3.02026807016e-09	-1.2678866824e-05
3.04000838434e-09	1.68530385736e-06
3.05974869853e-09	1.46253496496e-05
3.07948901271e-09	2.23086426558e-05
3.09922932689e-09	2.30937775996e-05
3.11896964108e-09	1.76627281689e-05
3.13870995526e-09	8.28401698527e-06
3.15845026945e-09	-2.29202885293e-06
3.17819058363e-09	-1.17564118227e-05
3.19793089781e-09	-1.86627357834e-05
3.217671212e-09	-2.2368867576e-05
3.23741152618e-09	-2.27674127018e-05
3.25715184037e-09	-2.00919275812e-05
3.27689215455e-09	-1.49140300891e-05
3.29663246873e-09	-8.21830235509e-06
3.31637278292e-09	-1.34790752782e-06
3.3361130971e-09	4.29293754678e-06
3.35585341129e-09	7.70038104747e-06
3.37559372547e-09	8.66322943693e-06
3.39533403966e-09	7.82918277764e-06
3.41507435384e-09	6.36495929029e-06
3.43481466802e-09	5.36875609214e-06
3.45455498221e-09	5.3470957937e-06
3.47429529639e-09	6.02901741331e-06
3.49403561058e-09	6.60372006678e-06
3.51377592476e-09	6.22316520094e-06
3.53351623894e-09	4.4584094212e-06
3.55325655313e-09	1.46328983419e-06
3.57299686731e-09	-2.21093898745e-06
3.5927371815e-09	-5.97906546318e-06
3.61247749568e-09	-9.49755076363e-06
3.63221780986e-09	-1.26621416712e-05
3.65195812405e-09	-1.53441137627e-05
3.67169843823e-09	-1.70880221049e-05
3.69143875242e-09	-1.70367284227e-05
3.7111790666e-09	-1.42212452374e-05
3.73091938078e-09	-8.12578127807e-06
3.75065969497e-09	7.71988396764e-07
3.77040000915e-09	1.08220183392e-05
3.79014032334e-09	1.95679767785e-05
3.80988063752e-09	2.45581431955e-05
3.8296209517e-09	2.4273616873e-05
3.84936126589e-09	1.87637360796e-05
3.86910158007e-09	9.70132487055e-06
3.88884189426e-09	-1.77659586598e-07
3.90858220844e-09	-8.02118483989e-06
3.92832252262e-09	-1.18131715681e-05
3.94806283681e-09	-1.09796992547e-05
3.96780315099e-09	-6.45884938422e-06
3.98754346518e-09	-2.5872640208e-07
4.00728377936e-09	5.27829683961e-06
4.02702409354e-09	8.22949095891e-06
4.04676440773e-09	7.62376089369e-06
4.06650472191e-09	3.63179071883e-06
4.0862450361e-09	-2.5764535394e-06
4.10598535028e-09	-9.21351829675e-06
4.12572566446e-09	-1.43640236274e-05
4.14546597865e-09	-1.64750226759e-05
4.16520629283e-09	-1.47542618834e-05
4.18494660702e-09	-9.40427753449e-06
4.2046869212e-09	-1.62842934515e-06
4.22442723538e-09	6.63101513965e-06
4.24416754957e-09	1.32009986373e-05
4.26390786375e-09	1.63236554727e-05
4.28364817794e-09	1.52392149175e-05
4.30338849212e-09	1.04890686998e-05
4.3231288063e-09	3.7857037114e-06
4.34286912049e-09	-2.5460337838e-06
4.36260943467e-09	-6.38363894723e-06
4.38234974886e-09	-6.57366013002e-06
4.40209006304e-09	-3.35026402354e-06
4.42183037723e-09	1.76967176913e-06
4.44157069141e-09	6.57516943647e-06
4.46131100559e-09	9.00081658983e-06
4.48105131978e-09	7.87849648987e-06
4.50079163396e-09	3.31270109655e-06
4.52053194815e-09	-3.43595513641e-06
4.54027226233e-09	-1.04673958958e-05
4.56001257651e-09	-1.5907497982e-05
4.5797528907e-09	-1.84535974768e-05
4.59949320488e-09	-1.7626405679e-05
4.61923351907e-09	-1.37226920742e-05
4.63897383325e-09	-7.58879173191e-06
4.65871414743e-09	-3.63246243751e-07
4.67845446162e-09	6.71603493174e-06
4.6981947758e-09	1.24533739836e-05
4.71793508999e-09	1.58453331096e-05
4.73767540417e-09	1.62847873071e-05
4.75741571835e-09	1.37773836286e-05
4.77715603254e-09	9.04870921659e-06
4.79689634672e-09	3.42897772043e-06
4.81663666091e-09	-1.51666114334e-06
4.83637697509e-09	-4.50389484286e-06
4.85611728927e-09	-4.98635063195e-06
4.87585760346e-09	-3.34361345722e-06
4.89559791764e-09	-7.04002474095e-07
4.91533823183e-09	1.522319792e-06
4.93507854601e-09	2.19928222123e-06
4.95481886019e-09	8.69919688284e-07
4.97455917438e-09	-2.14234614759e-06
4.99429948856e-09	-5.93549407313e-06
5.01403980275e-09	-9.40047539189e-06
5.03378011693e-09	-1.15763969006e-05
5.05352043111e-09	-1.18644547911e-05
5.0732607453e-09	-1.00750462479e-05
5.09300105948e-09	-6.38044616608e-06
5.11274137367e-09	-1.26242042597e-06
5.13248168785e-09	4.50989978162e-06
5.15222200203e-09	9.91594743027e-06
5.17196231622e-09	1.38176724249e-05
5.1917026304e-09	1.52291822815e-05
5.21144294459e-09	1.36687726808e-05
5.23118325877e-09	9.43828354139e-06
5.25092357295e-09	3.66143308383e-06
5.27066388714e-09	-2.00559384211e-06
5.29040420132e-09	-5.92101355323e-06
5.31014451551e-09	-7.05428351466e-06
5.32988482969e-09	-5.37998766958e-06
5.34962514388e-09	-1.8871719476e-06
5.36936545806e-09	1.80395068128e-06
5.38910577224e-09	4.06143658438e-06
5.40884608643e-09	3.8401093434e-06
5.42858640061e-09	1.02766239252e-06
5.4483267148e-09	-3.56789769285e-06
5.46806702898e-09	-8.54654535942e-06
5.48780734316e-09	-1.23988352243e-05
5.50754765735e-09	-1.39551875691e-05
5.52728797153e-09	-1.26707386698e-05
5.54702828572e-09	-8.70353369464e-06
5.5667685999e-09	-2.8217647241e-06
5.58650891408e-09	3.79377036097e-06
5.60624922827e-09	9.79782771537e-06
5.62598954245e-09	1.39508383654e-05
5.64572985664e-09	1.53889072863e-05
5.66547017082e-09	1.38523027999e-05
5.685210485e-09	9.80220556812e-06
5.70495079919e-09	4.35440256297e-06
5.72469111337e-09	-1.00113516055e-06
5.74443142756e-09	-4.84046267957e-06
5.76417174174e-09	-6.26804990134e-06
5.78391205592e-09	-5.22654363522e-06
5.80365237011e-09	-2.51875189861e-06
5.82339268429e-09	4.86685991063e-07
5.84313299848e-09	2.36315372604e-06
5.86287331266e-09	2.15421209759e-06
5.88261362684e-09	-2.83263148049e-07
5.90235394103e-09	-4.24581480729e-06
5.92209425521e-09	-8.4565567704e-06
5.9418345694e-09	-1.15227476272e-05
5.96157488358e-09	-1.23947065731e-05
5.98131519776e-09	-1.0664265119e-05
6.00105551195e-09	-6.62790512251e-06
6.02079582613e-09	-1.13715771022e-06
6.04053614032e-09	4.67178938379e-06
6.0602764545e-09	9.66270454228e-06
6.08001676868e-09	1.29265908981e-05
6.09975708287e-09	1.39267212944e-05
6.11949739705e-09	1.257367785e-05
6.13923771124e-09	9.23985362533e-06
6.15897802542e-09	4.70546456199e-06
6.1787183396e-09	1.7617338699e-08
6.19845865379e-09	-3.74573914996e-06
6.21819896797e-09	-5.76816842113e-06
6.23793928216e-09	-5.75605963604e-06
6.25767959634e-09	-4.06137382924e-06
6.27741991052e-09	-1.5890142322e-06
6.29716022471e-09	5.04009278757e-07
6.31690053889e-09	1.2231229789e-06
6.33664085308e-09	1.06009736101e-07
6.35638116726e-09	-2.60041804268e-06
6.37612148145e-09	-6.02634327151e-06
6.39586179563e-09	-8.99155475054e-06
6.41560210981e-09	-1.04157220449e-05
6.435342424e-09	-9.66778497968e-06
6.45508273818e-09	-6.73655290484e-06
6.47482305237e-09	-2.18907791805e-06
6.49456336655e-09	3.03017361603e-06
6.51430368073e-09	7.86487817095e-06
6.53404399492e-09	1.13869446068e-05
6.5537843091e-09	1.29649415612e-05
6.57352462329e-09	1.23576714941e-05
6.59326493747e-09	9.74736894932e-06
6.61300525165e-09	5.71839973418e-06
6.63274556584e-09	1.16543589002e-06
6.65248588002e-09	-2.88585511043e-06
6.67222619421e-09	-5.53397057956e-06
6.69196650839e-09	-6.27460099167e-06
6.71170682257e-09	-5.18839192409e-06
6.73144713676e-09	-2.9519162581e-06
6.75118745094e-09	-6.28927324442e-07
6.77092776513e-09	7.00868781678e-07
6.79066807931e-09	3.46369390058e-07
6.81040839349e-09	-1.72168307699e-06
6.83014870768e-09	-4.84218617203e-06
6.84988902186e-09	-7.89645946497e-06
6.86962933605e-09	-9.70733026406e-06
6.88936965023e-09	-9.4491560958e-06
6.90910996441e-09	-6.91439277034e-06
6.9288502786e-09	-2.55711154296e-06
6.94859059278e-09	2.67657583208e-06
6.96833090697e-09	7.64169817558e-06
6.98807122115e-09	1.13009200504e-05
7.00781153533e-09	1.29558388835e-05
7.02755184952e-09	1.23661866382e-05
7.0472921637e-09	9.76161709332e-06
7.06703247789e-09	5.76947741138e-06
7.08677279207e-09	1.27982167442e-06
7.10651310625e-09	-2.74063654615e-06
7.12625342044e-09	-5.46822116121e-06
7.14599373462e-09	-6.43648695586e-06
7.16573404881e-09	-5.68135487811e-06
7.18547436299e-09	-3.75299828193e-06
7.20521467717e-09	-1.55948231395e-06
7.22495499136e-09	-7.08087597445e-08
7.24469530554e-09	2.40720972045e-08
7.26443561973e-09	-1.42135996839e-06
7.28417593391e-09	-3.93778850594e-06
7.3039162481e-09	-6.59348006593e-06
7.32365656228e-09	-8.32081332192e-06
7.34339687646e-09	-8.29234750199e-06
7.36313719065e-09	-6.20589457867e-06
7.38287750483e-09	-2.37844938056e-06
7.40261781902e-09	2.36779783336e-06
7.4223581332e-09	6.96869437888e-06
7.44209844738e-09	1.04246328192e-05
7.46183876157e-09	1.2049808447e-05
7.48157907575e-09	1.16037281259e-05
7.50131938994e-09	9.29718999032e-06
7.52105970412e-09	5.70264933231e-06
7.5408000183e-09	1.6074073983e-06
7.56054033249e-09	-2.15525915337e-06
7.58028064667e-09	-4.87793681714e-06
7.60002096086e-09	-6.13196107224e-06
7.61976127504e-09	-5.87357772019e-06
7.63950158922e-09	-4.46648959951e-06
7.65924190341e-09	-2.59258615642e-06
7.67898221759e-09	-1.0531072121e-06
7.69872253178e-09	-5.08154499812e-07
7.71846284596e-09	-1.23909688909e-06
7.73820316014e-09	-3.02612522773e-06
7.75794347433e-09	-5.19906348018e-06
7.77768378851e-09	-6.85661143507e-06
7.7974241027e-09	-7.17907687431e-06
7.81716441688e-09	-5.72121211917e-06
7.83690473106e-09	-2.5763231406e-06
7.85664504525e-09	1.64378019463e-06
7.87638535943e-09	5.99804479862e-06
7.89612567362e-09	9.49854938881e-06
7.9158659878e-09	1.13834762487e-05
7.93560630198e-09	1.12989555419e-05
7.95534661617e-09	9.34983745537e-06
7.97508693035e-09	6.03135072197e-06
7.99482724454e-09	2.08225753795e-06
8.01456755872e-09	-1.69256804838e-06
8.0343078729e-09	-4.59259013041e-06
8.05404818709e-09	-6.1623570673e-06
8.07378850127e-09	-6.28436964689e-06
8.09352881546e-09	-5.20596995557e-06
8.11326912964e-09	-3.48009189111e-06
8.13300944382e-09	-1.81754154482e-06
8.15274975801e-09	-8.740283306e-07
8.17249007219e-09	-1.02996744999e-06
8.19223038638e-09	-2.24099233037e-06
8.21197070056e-09	-4.02454270443e-06
8.23171101475e-09	-5.60488865631e-06
8.25145132893e-09	-6.17660816715e-06
8.27119164311e-09	-5.1956774314e-06
8.2909319573e-09	-2.58953889443e-06
8.31067227148e-09	1.19392046827e-06
8.33041258567e-09	5.31513660462e-06
8.35015289985e-09	8.7997486844e-06
8.36989321403e-09	1.08280660243e-05
8.38963352822e-09	1.09578945739e-05
8.4093738424e-09	9.21764694795e-06
8.42911415659e-09	6.05972331869e-06
8.44885447077e-09	2.20954768793e-06
8.46859478495e-09	-1.52966896394e-06
8.48833509914e-09	-4.46213675787e-06
8.50807541332e-09	-6.1384921537e-06
8.52781572751e-09	-6.43304269943e-06
8.54755604169e-09	-5.55268911739e-06
8.56729635587e-09	-3.97679900743e-06
8.58703667006e-09	-2.33174534969e-06
8.60677698424e-09	-1.21706023037e-06
8.62651729843e-09	-1.02161936866e-06
8.64625761261e-09	-1.78627874448e-06
8.66599792679e-09	-3.16741022743e-06
8.68573824098e-09	-4.52998028777e-06
8.70547855516e-09	-5.15400824952e-06
8.72521886935e-09	-4.48892228633e-06
8.74495918353e-09	-2.36523374042e-06
8.76469949771e-09	9.170452131e-07
8.7844398119e-09	4.66023493573e-06
8.80418012608e-09	7.97617758508e-06
8.82392044027e-09	1.00544193629e-05
8.84366075445e-09	1.03967445284e-05
8.86340106863e-09	8.94359845915e-06
8.88314138282e-09	6.06202979725e-06
8.902881697e-09	2.4166492949e-06
8.92262201119e-09	-1.22215510601e-06
8.94236232537e-09	-4.16944681092e-06
8.96210263955e-09	-5.97030157223e-06
8.98184295374e-09	-6.4739449499e-06
9.00158326792e-09	-5.83640212426e-06
9.02132358211e-09	-4.46086573902e-06
9.04106389629e-09	-2.88830347017e-06
9.06080421047e-09	-1.65552637554e-06
9.08054452466e-09	-1.14565557396e-06
9.10028483884e-09	-1.46883212437e-06
9.12002515303e-09	-2.41247585109e-06
9.13976546721e-09	-3.49120432475e-06
9.15950578139e-09	-4.0945769797e-06
9.17924609558e-09	-3.69474878426e-06
9.19898640976e-09	-2.04527952974e-06
9.21872672395e-09	7.02597674263e-07
9.23846703813e-09	4.01456350119e-06
9.25820735232e-09	7.11929624231e-06
9.2779476665e-09	9.23850757317e-06
9.29768798068e-09	9.82009396466e-06
9.31742829487e-09	8.69625000632e-06
9.33716860905e-09	6.11866676081e-06
9.35690892324e-09	2.66916288183e-06
9.37664923742e-09	-9.13799141244e-07
9.3963895516e-09	-3.93225786866e-06
9.41612986579e-09	-5.89084038438e-06
9.43587017997e-09	-6.58893759464e-06
9.45561049416e-09	-6.1322939473e-06
9.47535080834e-09	-4.87550028083e-06
9.49509112252e-09	-3.31521573571e-06
9.51483143671e-09	-1.95829761651e-06
9.53457175089e-09	-1.18913220604e-06
9.55431206508e-09	-1.16363696634e-06
9.57405237926e-09	-1.75881814357e-06
9.59379269344e-09	-2.59916066625e-06
9.61353300763e-09	-3.16560499414e-06
9.63327332181e-09	-2.96383234399e-06
9.653013636e-09	-1.70284579326e-06
9.67275395018e-09	5.77389442924e-07
9.69249426436e-09	3.48065555045e-06
9.71223457855e-09	6.34936304778e-06
9.73197489273e-09	8.45386784931e-06
9.75171520692e-09	9.21366245166e-06
9.7714555211e-09	8.37454081193e-06
9.79119583528e-09	6.08332493357e-06
9.81093614947e-09	2.83807150936e-06
9.83067646365e-09	-6.62235379423e-07
9.85041677784e-09	-3.71351404738e-06
9.87015709202e-09	-5.784991572e-06
9.8898974062e-09	-6.63078708385e-06
9.90963772039e-09	-6.31486318525e-06
9.92937803457e-09	-5.15646252097e-06
9.94911834876e-09	-3.62186597158e-06
9.96885866294e-09	-2.19445769289e-06
9.98859897712e-09	-1.25067583667e-06
1.00083392913e-08	-9.67314804257e-07
1.00280796055e-08	-1.27699968289e-06
1.00478199197e-08	-1.88659396372e-06
1.00675602339e-08	-2.36132086684e-06
1.0087300548e-08	-2.25922417485e-06
1.01070408622e-08	-1.28344146333e-06
1.01267811764e-08	5.95696320715e-07
1.01465214906e-08	3.09451331759e-06
1.01662618048e-08	5.6714134189e-06
1.0186002119e-08	7.67367350818e-06
1.02057424331e-08	8.53235815157e-06
1.02254827473e-08	7.93961589807e-06
1.02452230615e-08	5.94797552367e-06
1.02649633757e-08	2.95838015063e-06
1.02847036899e-08	-3.9727086687e-07
1.03044440041e-08	-3.43555893778e-06
1.03241843183e-08	-5.60297394259e-06
1.03439246324e-08	-6.60479281578e-06
1.03636649466e-08	-6.44952228868e-06
1.03834052608e-08	-5.40826317774e-06
1.0403145575e-08	-3.91303365177e-06
1.04228858892e-08	-2.42807016093e-06
1.04426262034e-08	-1.32890926352e-06
1.04623665175e-08	-8.13781610987e-07
1.04821068317e-08	-8.62717740802e-07
1.05018471459e-08	-1.25160829612e-06
1.05215874601e-08	-1.61928306852e-06
1.05413277743e-08	-1.57700998216e-06
1.05610680885e-08	-8.35993830606e-07
1.05808084026e-08	6.81881374476e-07
1.06005487168e-08	2.78780669305e-06
1.0620289031e-08	5.05102957504e-06
1.06400293452e-08	6.90642718837e-06
1.06597696594e-08	7.81735616329e-06
1.06795099736e-08	7.44286603549e-06
1.06992502878e-08	5.75136073167e-06
1.07189906019e-08	3.04209095248e-06
1.07387309161e-08	-1.35159012871e-07
1.07584712303e-08	-3.1337534665e-06
1.07782115445e-08	-5.38617609891e-06
1.07979518587e-08	-6.54607492834e-06
1.08176921729e-08	-6.5564538545e-06
1.0837432487e-08	-5.63158369005e-06
1.08571728012e-08	-4.16838656747e-06
1.08769131154e-08	-2.62083153757e-06
1.08966534296e-08	-1.37555451829e-06
1.09163937438e-08	-6.58462056435e-07
1.0936134058e-08	-4.90941744147e-07
1.09558743721e-08	-7.00127145592e-07
1.09756146863e-08	-9.78202081114e-07
1.09953550005e-08	-9.77613126452e-07
1.10150953147e-08	-4.21683523655e-07
1.10348356289e-08	7.96889537469e-07
1.10545759431e-08	2.55848158304e-06
1.10743162572e-08	4.52329231848e-06
1.10940565714e-08	6.20898663328e-06
1.11137968856e-08	7.12351379661e-06
1.11335371998e-08	6.91480818205e-06
1.1153277514e-08	5.48885873286e-06
1.11730178282e-08	3.05501112052e-06
1.11927581424e-08	7.90370435766e-08
1.12124984565e-08	-2.84162820208e-06
1.12322387707e-08	-5.14108114658e-06
1.12519790849e-08	-6.43319663141e-06
1.12717193991e-08	-6.59955981064e-06
1.12914597133e-08	-5.79530160394e-06
1.13112000275e-08	-4.37760604655e-06
1.13309403416e-08	-2.78713650914e-06
1.13506806558e-08	-1.42083115406e-06
1.137042097e-08	-5.31666302095e-07
1.13901612842e-08	-1.78403290363e-07
1.14099015984e-08	-2.30669044754e-07
1.14296419126e-08	-4.23090355639e-07
1.14493822267e-08	-4.42355471364e-07
1.14691225409e-08	-2.64294275354e-08
1.14888628551e-08	9.47339998447e-07
1.15086031693e-08	2.40790529915e-06
1.15283434835e-08	4.0882500798e-06
1.15480837977e-08	5.58218653168e-06
1.15678241118e-08	6.45099089525e-06
1.1587564426e-08	6.35243418401e-06
1.16073047402e-08	5.15357601216e-06
1.16270450544e-08	2.98883378491e-06
1.16467853686e-08	2.40509727689e-07
1.16665256828e-08	-2.55671216109e-06
1.1686265997e-08	-4.85831242258e-06
1.17060063111e-08	-6.25486632089e-06
1.17257466253e-08	-6.57320947539e-06
1.17454869395e-08	-5.90512422605e-06
1.17652272537e-08	-4.55787494502e-06
1.17849675679e-08	-2.94893334285e-06
1.18047078821e-08	-1.4807699813e-06
1.18244481962e-08	-4.34042547681e-07
1.18441885104e-08	9.3008939217e-08
1.18639288246e-08	1.88162395887e-07
1.18836691388e-08	7.80938620437e-08
1.1903409453e-08	4.71867984686e-08
1.19231497672e-08	3.45387348943e-07
1.19428900813e-08	1.10673346398e-06
1.19626303955e-08	2.29834381571e-06
1.19823707097e-08	3.71318867565e-06
1.20021110239e-08	5.01224099025e-06
1.20218513381e-08	5.81011249778e-06
1.20415916523e-08	5.78431831855e-06
1.20613319664e-08	4.77847379443e-06
1.20810722806e-08	2.86665112981e-06
1.21008125948e-08	3.54078935061e-07
1.2120552909e-08	-2.29133252105e-06
1.21402932232e-08	-4.55889107798e-06
1.21600335374e-08	-6.03044713898e-06
1.21797738516e-08	-6.48836635264e-06
1.21995141657e-08	-5.96270774622e-06
1.22192544799e-08	-4.70491136184e-06
1.22389947941e-08	-3.10015445848e-06
1.22587351083e-08	-1.54948486397e-06
1.22784754225e-08	-3.59050474685e-07
1.22982157367e-08	3.31217449911e-07
1.23179560508e-08	5.64470269637e-07
1.2337696365e-08	5.29686985828e-07
1.23574366792e-08	4.87463097443e-07
1.23771769934e-08	6.81090995158e-07
1.23969173076e-08	1.25707640564e-06
1.24166576218e-08	2.21402581246e-06
1.24363979359e-08	3.39226255619e-06
1.24561382501e-08	4.50706716038e-06
1.24758785643e-08	5.22020877725e-06
1.24956188785e-08	5.23358175997e-06
1.25153591927e-08	4.38133702119e-06
1.25350995069e-08	2.69388863217e-06
1.2554839821e-08	4.11196126038e-07
1.25745801352e-08	-2.06396441627e-06
1.25943204494e-08	-4.26340488957e-06
1.26140607636e-08	-5.77445871386e-06
1.26338010778e-08	-6.34816842648e-06
1.2653541392e-08	-5.96001905251e-06
1.26732817062e-08	-4.80482003695e-06
1.26930220203e-08	-3.22874666381e-06
1.27127623345e-08	-1.62273181559e-06
1.27325026487e-08	-3.11609369419e-07
1.27522429629e-08	5.26731639638e-07
1.27719832771e-08	8.90993760549e-07
1.27917235913e-08	9.32009754706e-07
1.28114639054e-08	8.86281497969e-07
1.28312042196e-08	9.90819671642e-07
1.28509445338e-08	1.40383946245e-06
1.2870684848e-08	2.15202862819e-06
1.28904251622e-08	3.11594271807e-06
1.29101654764e-08	4.05663172387e-06
1.29299057905e-08	4.67720360575e-06
1.29496461047e-08	4.70459190183e-06
1.29693864189e-08	3.97208259528e-06
1.29891267331e-08	2.48005915182e-06
1.30088670473e-08	4.15780533558e-07
1.30286073615e-08	-1.87775930272e-06
1.30483476757e-08	-3.97919643547e-06
1.30680879898e-08	-5.49394803784e-06
1.3087828304e-08	-6.15616022515e-06
1.31075686182e-08	-5.8967680161e-06
1.31273089324e-08	-4.85560326524e-06
1.31470492466e-08	-3.33370712724e-06
1.31667895608e-08	-1.70177082737e-06
1.31865298749e-08	-2.94047907801e-07
1.32062701891e-08	6.78363107909e-07
1.32260105033e-08	1.17019374102e-06
1.32457508175e-08	1.29153607986e-06
1.32654911317e-08	1.25201768242e-06
1.32852314459e-08	1.2808229144e-06
1.330497176e-08	1.54729508495e-06
1.33247120742e-08	2.10479572615e-06
1.33444523884e-08	2.87097566343e-06
1.33641927026e-08	3.64768209238e-06
1.33839330168e-08	4.17446176471e-06
1.3403673331e-08	4.20159130954e-06
1.34234136451e-08	3.56499822374e-06
1.34431539593e-08	2.24344239541e-06
1.34628942735e-08	3.81735347332e-07
1.34826345877e-08	-1.72933067688e-06
1.35023749019e-08	-3.7147360672e-06
1.35221152161e-08	-5.20476442034e-06
1.35418555303e-08	-5.92821743339e-06
1.35615958444e-08	-5.78253730055e-06
1.35813361586e-08	-4.85809505335e-06
1.36010764728e-08	-3.40898475315e-06
1.3620816787e-08	-1.77785665301e-06
1.36405571012e-08	-2.99040067375e-07
1.36602974154e-08	7.90223623426e-07
1.36800377295e-08	1.40329410669e-06
1.36997780437e-08	1.60809150884e-06
1.37195183579e-08	1.58441929443e-06
1.37392586721e-08	1.55073615815e-06
1.37589989863e-08	1.68594510797e-06
1.37787393005e-08	2.06883089504e-06
1.37984796146e-08	2.65210235284e-06
1.38182199288e-08	3.27501618358e-06
1.3837960243e-08	3.70974839825e-06
1.38577005572e-08	3.72771376078e-06
1.38774408714e-08	3.16866055527e-06
1.38971811856e-08	1.99519877242e-06
1.39169214997e-08	3.17887412393e-07
1.39366618139e-08	-1.61694833878e-06
1.39564021281e-08	-3.47693094227e-06
1.39761424423e-08	-4.91978380524e-06
1.39958827565e-08	-5.67749634683e-06
1.40156230707e-08	-5.62482637179e-06
1.40353633849e-08	-4.81143865727e-06
1.4055103699e-08	-3.44690329257e-06
1.40748440132e-08	-1.8413920202e-06
1.40945843274e-08	-3.19882488498e-07
1.41143246416e-08	8.63865665224e-07
1.41340649558e-08	1.58775549153e-06
1.415380527e-08	1.87832358733e-06
1.41735455841e-08	1.8818936951e-06
1.41932858983e-08	1.80150863116e-06
1.42130262125e-08	1.82168253104e-06
1.42327665267e-08	2.04484115329e-06
1.42525068409e-08	2.45756768891e-06
1.42722471551e-08	2.9349793067e-06
1.42919874692e-08	3.2795203424e-06
1.43117277834e-08	3.28163571339e-06
1.43314680976e-08	2.78528432318e-06
1.43512084118e-08	1.74067378111e-06
1.4370948726e-08	2.30875926377e-07
1.43906890402e-08	-1.53543402348e-06
1.44104293543e-08	-3.26458803102e-06
1.44301696685e-08	-4.64299660052e-06
1.44499099827e-08	-5.41206668458e-06
1.44696502969e-08	-5.43280157217e-06
1.44893906111e-08	-4.72199872092e-06
1.45091309253e-08	-3.44837155808e-06
1.45288712395e-08	-1.88769541865e-06
1.45486115536e-08	-3.49170448999e-07
1.45683518678e-08	9.05547864249e-07
1.4588092182e-08	1.72609185256e-06
1.46078324962e-08	2.10099358355e-06
1.46275728104e-08	2.14192380099e-06
1.46473131246e-08	2.03194997539e-06
1.46670534387e-08	1.95570112282e-06
1.46867937529e-08	2.03463969228e-06
1.47065340671e-08	2.28717181017e-06
1.47262743813e-08	2.62393768935e-06
1.47460146955e-08	2.87803675292e-06
1.47657550097e-08	2.85915791665e-06
1.47854953238e-08	2.41559791903e-06
1.4805235638e-08	1.48645807485e-06
1.48249759522e-08	1.30351942573e-07
1.48447162664e-08	-1.4768823462e-06
1.48644565806e-08	-3.07564550894e-06
1.48841968948e-08	-4.37941935161e-06
1.4903937209e-08	-5.14184034728e-06
1.49236775231e-08	-5.21688843946e-06
1.49434178373e-08	-4.59664124719e-06
1.49631581515e-08	-3.41467796261e-06
1.49828984657e-08	-1.91294139995e-06
1.50026387799e-08	-3.80030996894e-07
1.50223790941e-08	9.224165467e-07
1.50421194082e-08	1.82350834166e-06
1.50618597224e-08	2.27817372433e-06
1.50816000366e-08	2.36356379446e-06
1.51013403508e-08	2.23915617426e-06
1.5121080665e-08	2.08454025596e-06
1.51408209792e-08	2.03560887257e-06
1.51605612933e-08	2.13955115669e-06
1.51803016075e-08	2.34142294175e-06
1.52000419217e-08	2.5050773047e-06
1.52197822359e-08	2.4601666837e-06
1.52395225501e-08	2.06023867122e-06
1.52592628643e-08	1.23480373304e-06
1.52790031784e-08	2.047714176e-08
1.52987434926e-08	-1.43643603678e-06
1.53184838068e-08	-2.90711159323e-06
1.5338224121e-08	-4.13023167312e-06
1.53579644352e-08	-4.87261104354e-06
1.53777047494e-08	-4.98571216667e-06
1.53974450636e-08	-4.44317083748e-06
1.54171853777e-08	-3.34929325163e-06
1.54369256919e-08	-1.91488925338e-06
1.54566660061e-08	-4.05832224715e-07
1.54764063203e-08	9.22303229345e-07
1.54961466345e-08	1.88567275927e-06
1.55158869487e-08	2.41158977587e-06
1.55356272628e-08	2.544894528e-06
1.5555367577e-08	2.41946383994e-06
1.55751078912e-08	2.20490812808e-06
1.55948482054e-08	2.04607351861e-06
1.56145885196e-08	2.01469674721e-06
1.56343288338e-08	2.08811820812e-06
1.56540691479e-08	2.16096827899e-06
1.56738094621e-08	2.08420158287e-06
1.56935497763e-08	1.71864490994e-06
1.57132900905e-08	9.86162035588e-07
1.57330304047e-08	-9.64986952567e-08
1.57527707189e-08	-1.41040538892e-06
1.5772511033e-08	-2.75551099094e-06
1.57922513472e-08	-3.89432784687e-06
1.58119916614e-08	-4.60721480522e-06
1.58317319756e-08	-4.74550847684e-06
1.58514722898e-08	-4.26889755545e-06
1.5871212604e-08	-3.25745190821e-06
1.58909529182e-08	-1.89429164266e-06
1.59106932323e-08	-4.22717974402e-07
1.59304335465e-08	9.11738510467e-07
1.59501738607e-08	1.91889108692e-06
1.59699141749e-08	2.50501534538e-06
1.59896544891e-08	2.68638325451e-06
1.60093948033e-08	2.57081239852e-06
1.60291351174e-08	2.31387787153e-06
1.60488754316e-08	2.06353502108e-06
1.60686157458e-08	1.91099076119e-06
1.608835606e-08	1.86325604545e-06
1.61080963742e-08	1.84547565141e-06
1.61278366884e-08	1.73144974269e-06
1.61475770025e-08	1.39138433042e-06
1.61673173167e-08	7.41743974686e-07
1.61870576309e-08	-2.18651372563e-07
1.62067979451e-08	-1.39637586472e-06
1.62265382593e-08	-2.61860884621e-06
1.62462785735e-08	-3.67074494534e-06
1.62660188876e-08	-4.34697085439e-06
1.62857592018e-08	-4.50029119747e-06
1.6305499516e-08	-4.07967718274e-06
1.63252398302e-08	-3.14477222219e-06
1.63449801444e-08	-1.85411681741e-06
1.63647204586e-08	-4.29312194683e-07
1.63844607728e-08	8.96145053275e-07
1.64042010869e-08	1.93034554741e-06
1.64239414011e-08	2.56436680957e-06
1.64436817153e-08	2.79040239093e-06
1.64634220295e-08	2.69170618594e-06
1.64831623437e-08	2.40746237523e-06
1.65029026579e-08	2.0837574084e-06
1.6522642972e-08	1.82572784979e-06
1.65423832862e-08	1.66608469954e-06
1.65621236004e-08	1.55924686851e-06
1.65818639146e-08	1.40301790452e-06
1.66016042288e-08	1.07958379658e-06
1.6621344543e-08	5.0266541507e-07
1.66410848571e-08	-3.44602071323e-07
1.66608251713e-08	-1.3927603959e-06
1.66805654855e-08	-2.49495508342e-06
1.67003057997e-08	-3.4589460256e-06
1.67200461139e-08	-4.09290259995e-06
1.67397864281e-08	-4.25292159889e-06
1.67595267423e-08	-3.87978911931e-06
1.67792670564e-08	-3.01571049022e-06
1.67990073706e-08	-1.79729909178e-06
1.68187476848e-08	-4.25601683673e-07
1.6838487999e-08	8.78949975913e-07
1.68582283132e-08	1.92588174741e-06
1.68779686274e-08	2.59557282334e-06
1.68977089415e-08	2.86058480015e-06
1.69174492557e-08	2.78209756743e-06
1.69371895699e-08	2.48245498824e-06
1.69569298841e-08	2.10230268749e-06
1.69766701983e-08	1.75550269432e-06
1.69964105125e-08	1.49538385585e-06
1.70161508266e-08	1.30301134504e-06
1.70358911408e-08	1.10045198198e-06
1.7055631455e-08	7.84521290598e-07
1.70753717692e-08	2.69694595545e-07
1.70951120834e-08	-4.73685659585e-07
1.71148523976e-08	-1.39848111758e-06
1.71345927117e-08	-2.38328914293e-06
1.71543330259e-08	-3.25816381519e-06
1.71740733401e-08	-3.84566692446e-06
1.71938136543e-08	-4.00580461246e-06
1.72135539685e-08	-3.67273742086e-06
1.72332942827e-08	-2.8738365927e-06
1.72530345969e-08	-1.72618877059e-06
1.7272774911e-08	-4.1190445188e-07
1.72925152252e-08	8.62027178528e-07
1.73122555394e-08	1.9092208845e-06
1.73319958536e-08	2.60322769918e-06
1.73517361678e-08	2.90096318167e-06
1.7371476482e-08	2.84412647034e-06
1.73912167961e-08	2.53825305663e-06
1.74109571103e-08	2.11612325529e-06
1.74306974245e-08	1.69605488054e-06
1.74504377387e-08	1.34768021098e-06
1.74701780529e-08	1.07546640038e-06
1.74899183671e-08	8.24847660397e-07
1.75096586812e-08	5.08708694724e-07
1.75293989954e-08	4.53032615866e-08
1.75491393096e-08	-6.04528281656e-07
1.75688796238e-08	-1.41329797998e-06
1.7588619938e-08	-2.2838729592e-06
1.76083602522e-08	-3.06864546928e-06
1.76281005663e-08	-3.60544493105e-06
1.76478408805e-08	-3.75963622901e-06
1.76675811947e-08	-3.46049682776e-06
1.76873215089e-08	-2.72221450359e-06
1.77070618231e-08	-1.64402626979e-06
1.77268021373e-08	-3.90048953136e-07
1.77465424515e-08	8.46271973387e-07
1.77662827656e-08	1.88396955991e-06
1.77860230798e-08	2.59242665379e-06
1.7805763394e-08	2.91619858217e-06
1.78255037082e-08	2.88012438432e-06
1.78452440224e-08	2.57414330918e-06
1.78649843366e-08	2.12209624806e-06
1.78847246507e-08	1.64352786669e-06
1.79044649649e-08	1.21996453117e-06
1.79242052791e-08	8.75403600276e-07
1.79439455933e-08	5.76763142135e-07
1.79636859075e-08	2.53709245612e-07
1.79834262217e-08	-1.68776331577e-07
1.80031665358e-08	-7.35624240633e-07
1.802290685e-08	-1.43615909565e-06
1.80426471642e-08	-2.19605021812e-06
1.80623874784e-08	-2.89028446332e-06
1.80821277926e-08	-3.37301753461e-06
1.81018681068e-08	-3.51620712991e-06
1.81216084209e-08	-3.24553889186e-06
1.81413487351e-08	-2.56330883985e-06
1.81610890493e-08	-1.55248034162e-06
1.81808293635e-08	-3.60426128054e-07
1.82005696777e-08	8.32576148468e-07
1.82203099919e-08	1.85212036286e-06
1.82400503061e-08	2.56603414073e-06
1.82597906202e-08	2.90946491077e-06
1.82795309344e-08	2.89291892841e-06
1.82992712486e-08	2.59164630734e-06
1.83190115628e-08	2.11953044982e-06
1.8338751877e-08	1.59494521768e-06
1.83584921912e-08	1.1081036746e-06
1.83782325053e-08	6.99429278939e-07
1.83979728195e-08	3.55171579258e-07
1.84177131337e-08	2.12677235822e-08
1.84374534479e-08	-3.69221837104e-07
1.84571937621e-08	-8.64116145749e-07
1.84769340763e-08	-1.46591366956e-06
1.84966743904e-08	-2.12055340398e-06
1.85164147046e-08	-2.72459124062e-06
1.85361550188e-08	-3.14949136282e-06
1.8555895333e-08	-3.27598922922e-06
1.85756356472e-08	-3.02831153931e-06
1.85953759614e-08	-2.3985135158e-06
1.86151162756e-08	-1.45381432048e-06
1.86348565897e-08	-3.25107620824e-07
1.86545969039e-08	8.20533017531e-07
1.86743372181e-08	1.81572733027e-06
1.86940775323e-08	2.52783559063e-06
1.87138178465e-08	2.88474370791e-06
1.87335581607e-08	2.88507612822e-06
1.87532984748e-08	2.59115938661e-06
1.8773038789e-08	2.10705684367e-06
1.87927791032e-08	1.54805240982e-06
1.88125194174e-08	1.00974625639e-06
1.88322597316e-08	5.4556159057e-07
1.88520000458e-08	1.58780117943e-07
1.88717403599e-08	-1.88897033127e-07
1.88914806741e-08	-5.55059784801e-07
1.89112209883e-08	-9.87818111753e-07
1.89309613025e-08	-1.50017092437e-06
1.89507016167e-08	-2.05582205126e-06
1.89704419309e-08	-2.57162469097e-06
1.8990182245e-08	-2.93651362426e-06
1.90099225592e-08	-3.04128445805e-06
1.90296628734e-08	-2.81084021481e-06
1.90494031876e-08	-2.22893675073e-06
1.90691435018e-08	-1.34850421318e-06
1.9088883816e-08	-2.84362158709e-07
1.91086241302e-08	8.10047424693e-07
1.91283644443e-08	1.77524901801e-06
1.91481047585e-08	2.47949947152e-06
1.91678450727e-08	2.84487362023e-06
1.91875853869e-08	2.85975670522e-06
1.92073257011e-08	2.57483702626e-06
1.92270660153e-08	2.08478707009e-06
1.92468063294e-08	1.50082757955e-06
1.92665466436e-08	9.21682300259e-07
1.92862869578e-08	4.10815403029e-07
1.9306027272e-08	-1.40699034645e-08
1.93257675862e-08	-3.7672926112e-07
1.93455079004e-08	-7.24807392771e-07
1.93652482145e-08	-1.10471063408e-06
1.93849885287e-08	-1.53705650519e-06
1.94047288429e-08	-2.00072429379e-06
1.94244691571e-08	-2.43135207256e-06
1.94442094713e-08	-2.73502860182e-06
1.94639497855e-08	-2.81373775124e-06
1.94836900996e-08	-2.59491434917e-06
1.95034304138e-08	-2.05608716897e-06
1.9523170728e-08	-1.23751112824e-06
1.95429110422e-08	-2.38496227212e-07
1.95626513564e-08	8.01373232662e-07
1.95823916706e-08	1.73158940697e-06
1.96021319848e-08	2.42257851824e-06
1.96218722989e-08	2.79206028608e-06
1.96416126131e-08	2.81935513158e-06
1.96613529273e-08	2.54451992987e-06
1.96810932415e-08	2.05321975955e-06
1.97008335557e-08	1.45214278291e-06
1.97205738699e-08	8.41544419927e-07
1.9740314184e-08	2.9250131206e-07
1.97600544982e-08	-1.65355530157e-07
1.97797948124e-08	-5.42861073427e-07
1.97995351266e-08	-8.77771753949e-07
1.98192754408e-08	-1.21316548984e-06
1.9839015755e-08	-1.57469901296e-06
1.98587560691e-08	-1.95383643131e-06
1.98784963833e-08	-2.30317539263e-06
1.98982366975e-08	-2.54552173828e-06
1.99179770117e-08	-2.59479315901e-06
1.99377173259e-08	-2.38250743223e-06
1.99574576401e-08	-1.88185890693e-06
1.99771979542e-08	-1.12194777557e-06
1.99969382684e-08	-1.87692670295e-07
2.00166785826e-08	7.95187389713e-07
2.00364188968e-08	1.68592174532e-06
2.0056159211e-08	2.35847164731e-06
2.00758995252e-08	2.72779641364e-06
2.00956398394e-08	2.76550338185e-06
2.01153801535e-08	2.50174741723e-06
2.01351204677e-08	2.01335706151e-06
2.01548607819e-08	1.40184590691e-06
2.01746010961e-08	7.67758308484e-07
2.01943414103e-08	1.88072704077e-07
2.02140817245e-08	-2.97603179433e-07
2.02338220386e-08	-6.88719353548e-07
2.02535623528e-08	-1.01370517314e-06
2.0273302667e-08	-1.31156122052e-06
2.02930429812e-08	-1.61097085538e-06
2.03127832954e-08	-1.91350267187e-06
2.03325236096e-08	-2.18655566186e-06
2.03522639237e-08	-2.36856851643e-06
2.03720042379e-08	-2.38574818923e-06
2.03917445521e-08	-2.17518675072e-06
2.04114848663e-08	-1.70764684526e-06
2.04312251805e-08	-1.00291350691e-06
2.04509654947e-08	-1.32448320755e-07
2.04707058089e-08	7.91677706502e-07
2.0490446123e-08	1.63911738582e-06
2.05101864372e-08	2.28867020269e-06
2.05299267514e-08	2.65388257503e-06
2.05496670656e-08	2.69991699042e-06
2.05694073798e-08	2.44785746872e-06
2.0589147694e-08	1.96579003386e-06
2.06088880081e-08	1.34963084975e-06
2.06286283223e-08	6.99151854633e-07
2.06483686365e-08	9.5680089629e-08
2.06681089507e-08	-4.1279794516e-07
2.06878492649e-08	-8.15768771645e-07
2.07075895791e-08	-1.13302326099e-06
2.07273298932e-08	-1.39912287977e-06
2.07470702074e-08	-1.64430997529e-06
2.07668105216e-08	-1.87804221241e-06
2.07865508358e-08	-2.08037408811e-06
2.080629115e-08	-2.20407150664e-06
2.08260314642e-08	-2.18752154524e-06
2.08457717783e-08	-1.97449139705e-06
2.08655120925e-08	-1.5351510001e-06
2.08852524067e-08	-8.81710519707e-07
2.09049927209e-08	-7.33957570276e-08
2.09247330351e-08	7.91080395857e-07
2.09444733493e-08	1.59221832519e-06
2.09642136635e-08	2.21470304496e-06
2.09839539776e-08	2.57200986198e-06
2.10036942918e-08	2.62408730123e-06
2.1023434606e-08	2.38383472606e-06
2.10431749202e-08	1.91095085711e-06
2.10629152344e-08	1.29534748794e-06
2.10826555486e-08	6.34962162849e-07
2.11023958627e-08	1.40351197331e-08
2.11221361769e-08	-5.12597523539e-07
2.11418764911e-08	-9.25599721313e-07
2.11616168053e-08	-1.23670105268e-06
2.11813571195e-08	-1.47572336573e-06
2.12010974337e-08	-1.6734642827e-06
2.12208377478e-08	-1.8456307771e-06
2.1240578062e-08	-1.98310135602e-06
2.12603183762e-08	-2.05154856303e-06
2.12800586904e-08	-2.00087345092e-06
2.12997990046e-08	-1.78206198598e-06
2.13195393188e-08	-1.36612197821e-06
2.13392796329e-08	-7.59536817441e-07
2.13590199471e-08	-1.09040616536e-08
2.13787602613e-08	7.93714775682e-07
2.13985005755e-08	1.54601195845e-06
2.14182408897e-08	2.13767486912e-06
2.14379812039e-08	2.48349044796e-06
2.14577215181e-08	2.53943505868e-06
2.14774618322e-08	2.31098363201e-06
2.14972021464e-08	1.84964255823e-06
2.15169424606e-08	1.23895438264e-06
2.15366827748e-08	5.7425762634e-07
2.1556423089e-08	-5.83817669764e-08
2.15761634032e-08	-5.98595306656e-07
2.15959037173e-08	-1.01946312725e-06
2.16156440315e-08	-1.32533500619e-06
2.16353843457e-08	-1.54128906615e-06
2.16551246599e-08	-1.69775796621e-06
2.16748649741e-08	-1.81518743148e-06
2.16946052883e-08	-1.89361753655e-06
2.17143456024e-08	-1.91017232964e-06
2.17340859166e-08	-1.82572938456e-06
2.17538262308e-08	-1.59871990491e-06
2.1773566545e-08	-1.20206186693e-06
2.17933068592e-08	-6.38033526457e-07
2.18130471734e-08	5.39610383044e-08
2.18327874875e-08	7.99526191031e-07
2.18525278017e-08	1.50143978317e-06
2.18722681159e-08	2.0590944132e-06
2.18920084301e-08	2.38988127421e-06
2.19117487443e-08	2.44723901233e-06
2.19314890585e-08	2.23016456857e-06
2.19512293727e-08	1.78228918912e-06
2.19709696868e-08	1.18046278885e-06
2.1990710001e-08	5.16580229259e-07
2.20104503152e-08	-1.22579479012e-07
2.20301906294e-08	-6.7221967015e-07
2.20499309436e-08	-1.09876896204e-06
2.20696712578e-08	-1.39987446346e-06
2.20894115719e-08	-1.59598386062e-06
2.21091518861e-08	-1.71659297621e-06
2.21288922003e-08	-1.78567421472e-06
2.21486325145e-08	-1.81080145012e-06
2.21683728287e-08	-1.77921873501e-06
2.21881131429e-08	-1.66194320173e-06
2.2207853457e-08	-1.42498760169e-06
2.22275937712e-08	-1.04406291257e-06
2.22473340854e-08	-5.18537547123e-07
2.22670743996e-08	1.20050330565e-07
2.22868147138e-08	8.08045996337e-07
2.2306555028e-08	1.45900719417e-06
2.23262953422e-08	1.98030613774e-06
2.23460356563e-08	2.29294676046e-06
2.23657759705e-08	2.34897163409e-06
2.23855162847e-08	2.1422295049e-06
2.24052565989e-08	1.7091036284e-06
2.24249969131e-08	1.11965579208e-06
2.24447372273e-08	4.61486706627e-07
2.24644775414e-08	-1.79205528639e-07
2.24842178556e-08	-7.34423821314e-07
2.25039581698e-08	-1.16478616974e-06
2.2523698484e-08	-1.46157231029e-06
2.25434387982e-08	-1.64048753959e-06
2.25631791124e-08	-1.72969424739e-06
2.25829194265e-08	-1.75591526386e-06
2.26026597407e-08	-1.73325298647e-06
2.26224000549e-08	-1.65774497418e-06
2.26421403691e-08	-1.5094977357e-06
2.26618806833e-08	-1.26164485437e-06
2.26816209975e-08	-8.93204827435e-07
2.27013613116e-08	-4.01971121278e-07
2.27211016258e-08	1.86825964477e-07
2.274084194e-08	8.19099341243e-07
2.27605822542e-08	1.41879195326e-06
2.27803225684e-08	1.90181435755e-06
2.28000628826e-08	2.19368791932e-06
2.28198031968e-08	2.24621294365e-06
2.28395435109e-08	2.04878460863e-06
2.28592838251e-08	1.63108137485e-06
2.28790241393e-08	1.05648445015e-06
2.28987644535e-08	4.07943687719e-07
2.29185047677e-08	-2.29712902922e-07
2.29382450819e-08	-7.86420315535e-07
2.2957985396e-08	-1.21817669196e-06
2.29777257102e-08	-1.51068292098e-06
2.29974660244e-08	-1.67499803183e-06
2.30172063386e-08	-1.73726698449e-06
2.30369466528e-08	-1.72594064907e-06
2.3056686967e-08	-1.66045253991e-06
2.30764272811e-08	-1.54471558744e-06
2.30961675953e-08	-1.36733461886e-06
2.31159079095e-08	-1.10833769895e-06
2.31356482237e-08	-7.50217509449e-07
2.31553885379e-08	-2.89844976464e-07
2.31751288521e-08	2.52816136026e-07
2.31948691662e-08	8.32040399246e-07
2.32146094804e-08	1.3812961015e-06
2.32343497946e-08	1.82489202416e-06
2.32540901088e-08	2.09355152947e-06
2.3273830423e-08	2.14000556298e-06
2.32935707372e-08	1.95047027773e-06
2.33133110514e-08	1.54862829049e-06
2.33330513655e-08	9.9117926311e-07
2.33527916797e-08	3.5588654157e-07
2.33725319939e-08	-2.74691487334e-07
2.33922723081e-08	-8.29376034517e-07
2.34120126223e-08	-1.26036309211e-06
2.34317529365e-08	-1.54833298893e-06
2.34514932506e-08	-1.69991056964e-06
2.34712335648e-08	-1.73899837819e-06
2.3490973879e-08	-1.69499048752e-06
2.35107141932e-08	-1.5916286884e-06
2.35304545074e-08	-1.43961597132e-06
2.35501948216e-08	-1.23522926287e-06
2.35699351357e-08	-9.65068920777e-07
2.35896754499e-08	-6.15352547584e-07
2.36094157641e-08	-1.82676451743e-07
2.36291560783e-08	3.1726885652e-07
2.36488963925e-08	8.46144843081e-07
2.36686367067e-08	1.34622894166e-06
2.36883770208e-08	1.74994556801e-06
2.3708117335e-08	1.99360374609e-06
2.37278576492e-08	2.03180513836e-06
2.37475979634e-08	1.84858618013e-06
2.37673382776e-08	1.46248049759e-06
2.37870785918e-08	9.23817850662e-07
2.3806818906e-08	3.04796529349e-07
2.38265592201e-08	-3.15039514476e-07
2.38462995343e-08	-8.6432498847e-07
2.38660398485e-08	-1.2923187569e-06
2.38857801627e-08	-1.57528046429e-06
2.39055204769e-08	-1.71563505091e-06
2.39252607911e-08	-1.73487359234e-06
2.39450011052e-08	-1.66274196545e-06
2.39647414194e-08	-1.5262648958e-06
2.39844817336e-08	-1.34188428547e-06
2.40042220478e-08	-1.11271214109e-06
2.4023962362e-08	-8.31591478345e-07
2.40437026762e-08	-4.88656695552e-07
2.40634429903e-08	-8.09191078588e-08
2.40831833045e-08	3.79409357265e-07
2.41029236187e-08	8.60615273268e-07
2.41226639329e-08	1.31314880036e-06
2.41424042471e-08	1.67726187783e-06
2.41621445613e-08	1.8949222067e-06
2.41818848754e-08	1.92303332369e-06
2.42016251896e-08	1.74438133627e-06
2.42213655038e-08	1.37329703875e-06
2.4241105818e-08	8.5433333652e-07
2.42608461322e-08	2.54150933188e-07
2.42805864464e-08	-3.51432063894e-07
2.43003267606e-08	-8.9197106945e-07
2.43200670747e-08	-1.31478935828e-06
2.43398073889e-08	-1.59234451758e-06
2.43595477031e-08	-1.72294414824e-06
2.43792880173e-08	-1.72530701548e-06
2.43990283315e-08	-1.62894576761e-06
2.44187686457e-08	-1.46355756669e-06
2.44385089598e-08	-1.25055635181e-06
2.4458249274e-08	-9.99156839043e-07
2.44779895882e-08	-7.07863705429e-07
2.44977299024e-08	-3.70612994516e-07
2.45174702166e-08	1.48224099661e-08
2.45372105308e-08	4.38829999894e-07
2.45569508449e-08	8.75272263556e-07
2.45766911591e-08	1.28204277416e-06
2.45964314733e-08	1.60691854489e-06
2.46161717875e-08	1.7977592961e-06
2.46359121017e-08	1.81438070967e-06
2.46556524159e-08	1.63896686445e-06
2.46753927301e-08	1.28225389062e-06
2.46951330442e-08	7.83451611142e-07
2.47148733584e-08	2.03802322574e-07
2.47346136726e-08	-3.84869707659e-07
2.47543539868e-08	-9.13670078262e-07
2.4774094301e-08	-1.32892165539e-06
2.47938346152e-08	-1.60011455819e-06
2.48135749293e-08	-1.72192903847e-06
2.48333152435e-08	-1.71020320749e-06
2.48530555577e-08	-1.59355920459e-06
2.48727958719e-08	-1.4034266087e-06
2.48925361861e-08	-1.16533112759e-06
2.49122765003e-08	-8.93962692317e-07
2.49320168144e-08	-5.93263507653e-07
2.49517571286e-08	-2.60910582028e-07
2.49714974428e-08	1.0426121122e-07
2.4991237757e-08	4.94736411838e-07
2.50109780712e-08	8.89319068165e-07
2.50307183854e-08	1.25255650119e-06
2.50504586995e-08	1.53921558876e-06
2.50701990137e-08	1.70292616986e-06
2.50899393279e-08	1.70677117239e-06
2.51096796421e-08	1.5331146983e-06
2.51294199563e-08	1.18988492659e-06
2.51491602705e-08	7.11474598347e-07
2.51689005847e-08	1.53798367819e-07
2.51886408988e-08	-4.15642034568e-07
2.5208381213e-08	-9.30164901547e-07
2.52281215272e-08	-1.33578663508e-06
2.52478618414e-08	-1.59970028335e-06
2.52676021556e-08	-1.71332453647e-06
2.52873424698e-08	-1.68968529124e-06
2.53070827839e-08	-1.55618431563e-06
2.53268230981e-08	-1.34525930662e-06
2.53465634123e-08	-1.08567121515e-06
2.53663037265e-08	-7.96855601948e-07
2.53860440407e-08	-4.87654887138e-07
2.54057843549e-08	-1.59510712194e-07
2.5425524669e-08	1.87351034242e-07
2.54452649832e-08	5.46964542991e-07
2.54650052974e-08	9.02404963199e-07
2.54847456116e-08	1.22428701843e-06
2.55044859258e-08	1.47397378214e-06
2.552422624e-08	1.61069408477e-06
2.55439665541e-08	1.6009690853e-06
2.55637068683e-08	1.42782079138e-06
2.55834471825e-08	1.09704006945e-06
2.56031874967e-08	6.38832034383e-07
2.56229278109e-08	1.04048027083e-07
2.56426681251e-08	-4.44276480493e-07
2.56624084393e-08	-9.42221419109e-07
2.56821487534e-08	-1.3362442246e-06
2.57018890676e-08	-1.59189437454e-06
2.57216293818e-08	-1.69775688619e-06
2.5741369696e-08	-1.66408335645e-06
2.57611100102e-08	-1.51673839355e-06
2.57808503244e-08	-1.28861694293e-06
2.58005906385e-08	-1.01098584082e-06
2.58203309527e-08	-7.07270800149e-07
2.58400712669e-08	-3.90737056932e-07
2.58598115811e-08	-6.63855637129e-08
2.58795518953e-08	2.63936470901e-07
2.58992922095e-08	5.95273263571e-07
2.59190325236e-08	9.14261704565e-07
2.59387728378e-08	1.19703867085e-06
2.5958513152e-08	1.41111962648e-06
2.59782534662e-08	1.52119969243e-06
2.59979937804e-08	1.49743192424e-06
2.60177340946e-08	1.32382018592e-06
2.60374744087e-08	1.00453286223e-06
2.60572147229e-08	5.66094087162e-07
2.60769550371e-08	5.46683871505e-08
2.60966953513e-08	-4.71189025575e-07
2.61164356655e-08	-9.50631005026e-07
2.61361759797e-08	-1.33119652901e-06
2.61559162939e-08	-1.57750048402e-06
2.6175656608e-08	-1.67579048593e-06
2.61953969222e-08	-1.63366206607e-06
2.62151372364e-08	-1.47522064253e-06
2.62348775506e-08	-1.23322615764e-06
2.62546178648e-08	-9.40793825066e-07
2.6274358179e-08	-6.24679046268e-07
2.62940984931e-08	-3.02066908375e-07
2.63138388073e-08	1.8659703116e-08
2.63335791215e-08	3.33937151709e-07
2.63533194357e-08	6.39372217393e-07
2.63730597499e-08	9.24589755869e-07
2.63928000641e-08	1.17059607874e-06
2.64125403782e-08	1.35061731044e-06
2.64322806924e-08	1.43465808833e-06
2.64520210066e-08	1.39655736575e-06
2.64717613208e-08	1.22166602523e-06
2.6491501635e-08	9.12973717959e-07
2.65112419492e-08	4.93764900966e-07
2.65309822634e-08	5.84440051909e-09
2.65507225775e-08	-4.96581861853e-07
2.65704628917e-08	-9.55983040285e-07
2.65902032059e-08	-1.3214882415e-06
2.66099435201e-08	-1.55737075147e-06
2.66296838343e-08	-1.64807408964e-06
2.66494241485e-08	-1.59878499062e-06
2.66691644626e-08	-1.43162986888e-06
2.66889047768e-08	-1.17881586448e-06
2.6708645091e-08	-8.74620951663e-07
2.67283854052e-08	-5.48524496935e-07
2.67481257194e-08	-2.21218215302e-07
2.67678660336e-08	9.58346788593e-08
2.67876063477e-08	3.97299714905e-07
2.68073466619e-08	6.79034656059e-07
2.68270869761e-08	9.33133748049e-07
2.68468272903e-08	1.14480718594e-06
2.68665676045e-08	1.29247581526e-06
2.68863079187e-08	1.35119836386e-06
2.69060482328e-08	1.29860291054e-06
2.6925788547e-08	1.12174490141e-06
2.69455288612e-08	8.22852115334e-07
2.69652691754e-08	4.22360500352e-07
2.69850094896e-08	-4.20715284832e-08
2.70047498038e-08	-5.20510582191e-07
2.7024490118e-08	-9.58837233611e-07
2.70442304321e-08	-1.30801322484e-06
2.70639707463e-08	-1.53242865508e-06
2.70837110605e-08	-1.61525906606e-06
2.71034513747e-08	-1.55966728244e-06
2.71231916889e-08	-1.38588734444e-06
2.71429320031e-08	-1.12513413342e-06
2.71626723172e-08	-8.12185390942e-07
2.71824126314e-08	-4.78524242453e-07
2.72021529456e-08	-1.47779765314e-07
2.72218932598e-08	1.65571442778e-07
2.7241633574e-08	4.54297250485e-07
2.72613738882e-08	7.14232953669e-07
2.72811142023e-08	9.39527353694e-07
2.73008545165e-08	1.11921821144e-06
2.73205948307e-08	1.23648055705e-06
2.73403351449e-08	1.27101941416e-06
2.73600754591e-08	1.20409373494e-06
2.73798157733e-08	1.02461831375e-06
2.73995560874e-08	7.34555214876e-07
2.74192964016e-08	3.52021771732e-07
2.74390367158e-08	-8.90663933717e-08
2.745877703e-08	-5.43024981425e-07
2.74785173442e-08	-9.5932969657e-07
2.74982576584e-08	-1.29117455572e-06
2.75179979726e-08	-1.50342083316e-06
2.75377382867e-08	-1.57824877078e-06
2.75574786009e-08	-1.51702175799e-06
2.75772189151e-08	-1.33816234893e-06
2.75969592293e-08	-1.07181233489e-06
2.76166995435e-08	-7.52829862449e-07
2.76364398577e-08	-4.14062327536e-07
2.76561801718e-08	-8.14657035164e-08
2.7675920486e-08	2.27915585072e-07
2.76956608002e-08	5.04928692635e-07
2.77154011144e-08	7.4499783409e-07
2.77351414286e-08	9.43826847788e-07
2.77548817428e-08	1.09378032676e-06
2.77746220569e-08	1.18242331837e-06
2.77943623711e-08	1.19393877185e-06
2.78141026853e-08	1.11309839212e-06
2.78338429995e-08	9.30699002311e-07
2.78535833137e-08	6.48674642889e-07
2.78733236279e-08	2.83233191567e-07
2.7893063942e-08	-1.35008008328e-07
2.79128042562e-08	-5.64320089325e-07
2.79325445704e-08	-9.57896105547e-07
2.79522848846e-08	-1.27146881823e-06
2.79720251988e-08	-1.47086632296e-06
2.7991765513e-08	-1.5375944713e-06
2.80115058272e-08	-1.47137006934e-06
2.80312461413e-08	-1.28880867578e-06
2.80509864555e-08	-1.01882170611e-06
2.80707267697e-08	-6.96116700283e-07
2.80904670839e-08	-3.54506042299e-07
2.81102073981e-08	-2.17121831625e-08
2.81299477123e-08	2.83128585465e-07
2.81496880264e-08	5.49169897113e-07
2.81694283406e-08	7.71233061414e-07
2.81891686548e-08	9.45983231304e-07
2.8208908969e-08	1.0684963172e-06
2.82286492832e-08	1.13029472004e-06
2.82483895974e-08	1.11985485773e-06
2.82681299115e-08	1.02554224668e-06
2.82878702257e-08	8.40142945435e-07
2.83076105399e-08	5.65657245488e-07
2.83273508541e-08	2.16568139422e-07
2.83470911683e-08	-1.79537721579e-07
2.83668314825e-08	-5.84522695135e-07
2.83865717967e-08	-9.55067719133e-07
2.84063121108e-08	-1.24957921344e-06
2.8426052425e-08	-1.43527842056e-06
2.84457927392e-08	-1.49359914303e-06
2.84655330534e-08	-1.42295027672e-06
2.84852733676e-08	-1.23809780916e-06
2.85050136818e-08	-9.66417246673e-07
2.85247539959e-08	-6.42037036869e-07
2.85444943101e-08	-2.99384609548e-07
2.85642346243e-08	3.22649658102e-08
2.85839749385e-08	3.31924184138e-07
2.86037152527e-08	5.87283324194e-07
2.86234555669e-08	7.92652400605e-07
2.8643195881e-08	9.45504723404e-07
2.86629361952e-08	1.04309862081e-06
2.86826765094e-08	1.0802162933e-06
2.87024168236e-08	1.0491344824e-06
2.87221571378e-08	9.41695532219e-07
2.8741897452e-08	7.52954804284e-07
2.87616377661e-08	4.85396128624e-07
2.87813780803e-08	1.52070121828e-07
2.88011183945e-08	-2.22318526255e-07
2.88208587087e-08	-6.03231427476e-07
2.88405990229e-08	-9.50775472575e-07
2.88603393371e-08	-1.22601858266e-06
2.88800796513e-08	-1.39759964668e-06
2.88998199654e-08	-1.44714266526e-06
2.89195602796e-08	-1.3721781329e-06
2.89393005938e-08	-1.18593203524e-06
2.8959040908e-08	-9.14256844453e-07
2.89787812222e-08	-5.90319643834e-07
2.89985215364e-08	-2.4859342318e-07
2.90182618505e-08	8.05824633687e-08
2.90380021647e-08	3.74635277467e-07
2.90577424789e-08	6.19777580368e-07
2.90774827931e-08	8.09680784641e-07
2.90972231073e-08	9.42441516827e-07
2.91169634215e-08	1.01721064993e-06
2.91367037356e-08	1.03170714283e-06
2.91564440498e-08	9.81569826308e-07
2.9176184364e-08	8.6177615799e-07
2.91959246782e-08	6.69614934168e-07
2.92156649924e-08	4.08295335319e-07
2.92354053066e-08	8.98790624149e-08
2.92551456207e-08	-2.63462126782e-07
2.92748859349e-08	-6.20594761358e-07
2.92946262491e-08	-9.45130437913e-07
2.93143665633e-08	-1.20090663813e-06
2.93341068775e-08	-1.35814502755e-06
2.93538471917e-08	-1.39879949757e-06
2.93735875059e-08	-1.31968647565e-06
2.939332782e-08	-1.13273085844e-06
2.94130681342e-08	-8.62329898155e-07
2.94328084484e-08	-5.40595976872e-07
2.94525487626e-08	-2.01648440168e-07
2.94722890768e-08	1.2365776314e-07
2.9492029391e-08	4.11529967437e-07
2.95117697051e-08	6.46850310204e-07
2.95315100193e-08	8.22498435582e-07
2.95512503335e-08	9.36885527381e-07
2.95709906477e-08	9.90784030819e-07
2.95907309619e-08	9.84543419236e-07
2.96104712761e-08	9.16921464977e-07
2.96302115902e-08	7.85743452525e-07
2.96499519044e-08	5.90344569673e-07
2.96696922186e-08	3.34723921469e-07
2.96894325328e-08	3.02597342738e-08
2.9709172847e-08	-3.02915665884e-07
2.97289131612e-08	-6.36781010144e-07
2.97486534753e-08	-9.38350495971e-07
2.97683937895e-08	-1.17442834835e-06
2.97881341037e-08	-1.31714097051e-06
2.98078744179e-08	-1.34894861503e-06
2.98276147321e-08	-1.26602390083e-06
2.98473550463e-08	-1.07898267743e-06
2.98670953605e-08	-8.10823848951e-07
2.98868356746e-08	-4.92596484492e-07
2.99065759888e-08	-1.57953145674e-07
2.9926316303e-08	1.62055158626e-07
2.99460566172e-08	4.42919230181e-07
2.99657969314e-08	6.68555003358e-07
2.99855372456e-08	8.31080853914e-07
3.00052775597e-08	9.28931854105e-07
3.00250178739e-08	9.63977555557e-07
3.00447581881e-08	9.38794642025e-07
3.00644985023e-08	8.55011109024e-07
3.00842388165e-08	7.13286340215e-07
3.01039791307e-08	5.14981508104e-07
3.01237194448e-08	2.64861867549e-07
3.0143459759e-08	-2.6314368462e-08
3.01632000732e-08	-3.4028064988e-07
3.01829403874e-08	-6.51738474744e-07
3.02026807016e-08	-9.30807516397e-07
3.02224210158e-08	-1.14716539201e-06
3.024216133e-08	-1.27503079739e-06
3.02619016441e-08	-1.29777976099e-06
3.02816419583e-08	-1.2112626564e-06
3.03013822725e-08	-1.02486256992e-06
3.03211225867e-08	-7.6002578453e-07
3.03408629009e-08	-4.46517020691e-07
3.03606032151e-08	-1.1736374006e-07
3.03803435292e-08	1.96345162351e-07
