% time-domain current integration by openEMS v0.0.36 @Thu Feb  5 18:55:41 2026
% start-coordinates: (-0.037587,-0.02225,0) m -> [28,22,7]
% stop-coordinates: (-0.037587,-0.0185,0.00227273) m -> [28,27,10]
% t/s	current
7.05011220859e-13	0
2.04453254049e-11	0
4.01856395889e-11	0
5.9925953773e-11	0
7.9666267957e-11	2.85006431704e-28
9.94065821411e-11	9.89484370105e-20
1.19146896325e-10	-6.31238598447e-15
1.38887210509e-10	-2.35149877001e-12
1.58627524693e-10	1.70773540708e-12
1.78367838877e-10	1.49419018824e-11
1.98108153061e-10	1.42399026598e-11
2.17848467245e-10	-4.91029439331e-12
2.37588781429e-10	-1.46668684142e-11
2.57329095613e-10	-8.15817344235e-11
2.77069409797e-10	-1.93721094721e-10
2.96809723981e-10	-3.59849150477e-10
3.16550038166e-10	-5.73572578322e-10
3.3629035235e-10	-7.09905301211e-10
3.56030666534e-10	-5.79719383609e-10
3.75770980718e-10	7.82317266523e-12
3.95511294902e-10	1.25937138495e-09
4.15251609086e-10	3.14226777931e-09
4.3499192327e-10	5.28593480098e-09
4.54732237454e-10	6.74631728259e-09
4.74472551638e-10	6.00375704707e-09
4.94212865822e-10	9.16331066581e-10
5.13953180006e-10	-1.08392930187e-08
5.3369349419e-10	-3.04034166732e-08
5.53433808374e-10	-5.79349936913e-08
5.73174122558e-10	-9.15692766057e-08
5.92914436742e-10	-1.23735560464e-07
6.12654750926e-10	-1.3864922721e-07
6.3239506511e-10	-1.07996449117e-07
6.52135379294e-10	1.09834310535e-08
6.71875693478e-10	2.70113446277e-07
6.91616007662e-10	7.13996030299e-07
7.11356321846e-10	1.35201503326e-06
7.3109663603e-10	2.12412487599e-06
7.50836950214e-10	2.87529269372e-06
7.70577264398e-10	3.35786080541e-06
7.90317578582e-10	3.27726979776e-06
8.10057892767e-10	2.38151733356e-06
8.29798206951e-10	5.73262752823e-07
8.49538521135e-10	-1.99852661353e-06
8.69278835319e-10	-4.91518449053e-06
8.89019149503e-10	-7.56269764679e-06
9.08759463687e-10	-9.29664111027e-06
9.28499777871e-10	-9.6457579275e-06
9.48240092055e-10	-8.47678529681e-06
9.67980406239e-10	-6.05204058957e-06
9.87720720423e-10	-2.95029281006e-06
1.00746103461e-09	1.19513558161e-07
1.02720134879e-09	2.53879647971e-06
1.04694166298e-09	3.94915332436e-06
1.06668197716e-09	4.31444232163e-06
1.08642229134e-09	3.86771716876e-06
1.10616260553e-09	2.98306372315e-06
1.12590291971e-09	2.03420881917e-06
1.1456432339e-09	1.29242607727e-06
1.16538354808e-09	8.8773333573e-07
1.18512386226e-09	8.21212267965e-07
1.20486417645e-09	1.00397244296e-06
1.22460449063e-09	1.29600846321e-06
1.24434480482e-09	1.53240580403e-06
1.264085119e-09	1.54189115165e-06
1.28382543318e-09	1.17189222237e-06
1.30356574737e-09	3.27040311277e-07
1.32330606155e-09	-9.85568590295e-07
1.34304637574e-09	-2.62067055701e-06
1.36278668992e-09	-4.29606598118e-06
1.3825270041e-09	-5.6427452364e-06
1.40226731829e-09	-6.30178783467e-06
1.42200763247e-09	-6.03847047387e-06
1.44174794666e-09	-4.83312624056e-06
1.46148826084e-09	-2.90834964289e-06
1.48122857502e-09	-6.7606003995e-07
1.50096888921e-09	1.38120310567e-06
1.52070920339e-09	2.85171108771e-06
1.54044951758e-09	3.50646314473e-06
1.56018983176e-09	3.34385867973e-06
1.57993014594e-09	2.55550321526e-06
1.59967046013e-09	1.43761621985e-06
1.61941077431e-09	2.8794300988e-07
1.6391510885e-09	-6.72045530337e-07
1.65889140268e-09	-1.32819229748e-06
1.67863171686e-09	-1.65883886893e-06
1.69837203105e-09	-1.69407155681e-06
1.71811234523e-09	-1.47409309648e-06
1.73785265942e-09	-1.02642081856e-06
1.7575929736e-09	-3.68700170839e-07
1.77733328778e-09	4.67887247169e-07
1.79707360197e-09	1.40969234508e-06
1.81681391615e-09	2.324793968e-06
1.83655423034e-09	3.03403930957e-06
1.85629454452e-09	3.35305753651e-06
1.8760348587e-09	3.15342708745e-06
1.89577517289e-09	2.4206190119e-06
1.91551548707e-09	1.2815376067e-06
1.93525580126e-09	-1.6578752593e-08
1.95499611544e-09	-1.17429112834e-06
1.97473642962e-09	-1.93278538063e-06
1.99447674381e-09	-2.15546674553e-06
2.01421705799e-09	-1.86572947314e-06
2.03395737218e-09	-1.22634651234e-06
2.05369768636e-09	-4.71564050031e-07
2.07343800055e-09	1.77984148308e-07
2.09317831473e-09	5.82793006743e-07
2.11291862891e-09	7.10975200491e-07
2.1326589431e-09	6.21134404355e-07
2.15239925728e-09	4.16995021624e-07
2.17213957147e-09	1.98718851152e-07
2.19187988565e-09	2.99118667613e-08
2.21162019983e-09	-7.23180875184e-08
2.23136051402e-09	-1.28703391056e-07
2.2511008282e-09	-1.79282125146e-07
2.27084114239e-09	-2.64339718115e-07
2.29058145657e-09	-4.08941588148e-07
2.31032177075e-09	-6.11582265719e-07
2.33006208494e-09	-8.39057520352e-07
2.34980239912e-09	-1.02989224615e-06
2.36954271331e-09	-1.109503728e-06
2.38928302749e-09	-1.01594491753e-06
2.40902334167e-09	-7.2876463264e-07
2.42876365586e-09	-2.88137186999e-07
2.44850397004e-09	2.07336370295e-07
2.46824428423e-09	6.2805855805e-07
2.48798459841e-09	8.57672489474e-07
2.50772491259e-09	8.36232572965e-07
2.52746522678e-09	5.83204155191e-07
2.54720554096e-09	1.89169142573e-07
2.56694585515e-09	-2.19980861971e-07
2.58668616933e-09	-5.29929877757e-07
2.60642648351e-09	-6.74821478697e-07
2.6261667977e-09	-6.49664343655e-07
2.64590711188e-09	-4.96147094964e-07
2.66564742607e-09	-2.73663346206e-07
2.68538774025e-09	-3.21977928763e-08
2.70512805443e-09	2.0011692925e-07
2.72486836862e-09	4.12574564734e-07
2.7446086828e-09	5.978581612e-07
2.76434899699e-09	7.40174357361e-07
2.78408931117e-09	8.13941028355e-07
2.80382962535e-09	7.93584661096e-07
2.82356993954e-09	6.68023744765e-07
2.84331025372e-09	4.50803923968e-07
2.86305056791e-09	1.80184670739e-07
2.88279088209e-09	-9.1168452343e-08
2.90253119627e-09	-3.11950003606e-07
2.92227151046e-09	-4.4638531449e-07
2.94201182464e-09	-4.81959091303e-07
2.96175213883e-09	-4.29221330478e-07
2.98149245301e-09	-3.15567376674e-07
3.0012327672e-09	-1.76231324645e-07
3.02097308138e-09	-4.56170603513e-08
3.04071339556e-09	4.98366183876e-08
3.06045370975e-09	9.6849966269e-08
3.08019402393e-09	9.81012675538e-08
3.09993433812e-09	7.16067702911e-08
3.1196746523e-09	4.5574939378e-08
3.13941496648e-09	4.87781441905e-08
3.15915528067e-09	9.84145245297e-08
3.17889559485e-09	1.90114448628e-07
3.19863590904e-09	2.95122447369e-07
3.21837622322e-09	3.6774633827e-07
3.2381165374e-09	3.61669037829e-07
3.25785685159e-09	2.49641203709e-07
3.27759716577e-09	3.85667036085e-08
3.29733747996e-09	-2.271679449e-07
3.31707779414e-09	-4.76858076581e-07
3.33681810832e-09	-6.36080301319e-07
3.35655842251e-09	-6.52840583371e-07
3.37629873669e-09	-5.17518742527e-07
3.39603905088e-09	-2.68502105882e-07
3.41577936506e-09	1.9286611419e-08
3.43551967924e-09	2.59334370867e-07
3.45525999343e-09	3.82932512366e-07
3.47500030761e-09	3.62047927638e-07
3.4947406218e-09	2.17196046037e-07
3.51448093598e-09	7.77963471421e-09
3.53422125016e-09	-1.90649117826e-07
3.55396156435e-09	-3.12821839543e-07
3.57370187853e-09	-3.23886752085e-07
3.59344219272e-09	-2.26796089464e-07
3.6131825069e-09	-5.62705295692e-08
3.63292282108e-09	1.3596803683e-07
3.65266313527e-09	2.98023735468e-07
3.67240344945e-09	3.91099462149e-07
3.69214376364e-09	3.96750522214e-07
3.71188407782e-09	3.1829088698e-07
3.731624392e-09	1.78056723144e-07
3.75136470619e-09	1.18503162838e-08
3.77110502037e-09	-1.39079475048e-07
3.79084533456e-09	-2.3802667215e-07
3.81058564874e-09	-2.63188042027e-07
3.83032596292e-09	-2.15175703033e-07
3.85006627711e-09	-1.18128106408e-07
3.86980659129e-09	-1.23379608752e-08
3.88954690548e-09	6.01637495379e-08
3.90928721966e-09	7.18723001114e-08
3.92902753384e-09	2.10127630851e-08
3.94876784803e-09	-6.76608848948e-08
3.96850816221e-09	-1.53231951572e-07
3.9882484764e-09	-1.95698575567e-07
4.00798879058e-09	-1.71982662778e-07
4.02772910477e-09	-8.37944327259e-08
4.04746941895e-09	4.53868480577e-08
4.06720973313e-09	1.81561887302e-07
4.08695004732e-09	2.93320624678e-07
4.1066903615e-09	3.60522847132e-07
4.12643067569e-09	3.75728546942e-07
4.14617098987e-09	3.40200898563e-07
4.16591130405e-09	2.5907937129e-07
4.18565161824e-09	1.39694776635e-07
4.20539193242e-09	-6.21774010057e-09
4.22513224661e-09	-1.59189141868e-07
4.24487256079e-09	-2.91867081614e-07
4.26461287497e-09	-3.74655542146e-07
4.28435318916e-09	-3.85869384445e-07
4.30409350334e-09	-3.21692596117e-07
4.32383381753e-09	-2.00455858135e-07
4.34357413171e-09	-5.80726933208e-08
4.36331444589e-09	6.41975574922e-08
4.38305476008e-09	1.34510472094e-07
4.40279507426e-09	1.41262873399e-07
4.42253538845e-09	9.55477759135e-08
4.44227570263e-09	2.48718414753e-08
4.46201601681e-09	-3.83879275034e-08
4.481756331e-09	-6.85127048428e-08
4.50149664518e-09	-5.36506874482e-08
4.52123695937e-09	2.85753887219e-09
4.54097727355e-09	8.57510471519e-08
4.56071758773e-09	1.7310182443e-07
4.58045790192e-09	2.41448645966e-07
4.6001982161e-09	2.70121432777e-07
4.61993853029e-09	2.45228449103e-07
4.63967884447e-09	1.63648991247e-07
4.65941915865e-09	3.62240584195e-08
4.67915947284e-09	-1.11901030664e-07
4.69889978702e-09	-2.45660487508e-07
4.71864010121e-09	-3.29406191213e-07
4.73838041539e-09	-3.38776601438e-07
4.75812072957e-09	-2.70550543746e-07
4.77786104376e-09	-1.45842392385e-07
4.79760135794e-09	-4.30633306792e-09
4.81734167213e-09	1.09200392728e-07
4.83708198631e-09	1.60605992505e-07
4.85682230049e-09	1.38920128734e-07
4.87656261468e-09	5.98415255126e-08
4.89630292886e-09	-4.06719529167e-08
4.91604324305e-09	-1.20115402069e-07
4.93578355723e-09	-1.44887764009e-07
4.95552387142e-09	-1.0161510744e-07
4.9752641856e-09	-5.86476256448e-10
4.99500449978e-09	1.2911463898e-07
5.01474481397e-09	2.50014778658e-07
5.03448512815e-09	3.27987606852e-07
5.05422544234e-09	3.4140609273e-07
5.07396575652e-09	2.85525231902e-07
5.0937060707e-09	1.72002955878e-07
5.11344638489e-09	2.485159456e-08
5.13318669907e-09	-1.25448991639e-07
5.15292701326e-09	-2.48416199611e-07
5.17266732744e-09	-3.19761682022e-07
5.19240764162e-09	-3.26690042129e-07
5.21214795581e-09	-2.71308522315e-07
5.23188826999e-09	-1.70909686403e-07
5.25162858418e-09	-5.41089342221e-08
5.27136889836e-09	4.69362078093e-08
5.29110921254e-09	1.06292503688e-07
5.31084952673e-09	1.12750548453e-07
5.33058984091e-09	7.36711101013e-08
5.3503301551e-09	1.22414922643e-08
5.37007046928e-09	-4.1187991684e-08
5.38981078346e-09	-6.04496648293e-08
5.40955109765e-09	-3.31264082831e-08
5.42929141183e-09	3.53353719618e-08
5.44903172602e-09	1.2431442542e-07
5.4687720402e-09	2.0595979322e-07
5.48851235438e-09	2.54851698855e-07
5.50825266857e-09	2.55590350662e-07
5.52799298275e-09	2.05993345048e-07
5.54773329694e-09	1.1580592485e-07
5.56747361112e-09	2.5982602736e-09
5.5872139253e-09	-1.12891882509e-07
5.60695423949e-09	-2.10512254739e-07
5.62669455367e-09	-2.73358949698e-07
5.64643486786e-09	-2.90078986609e-07
5.66617518204e-09	-2.57317850583e-07
5.68591549622e-09	-1.81845862812e-07
5.70565581041e-09	-8.09071920571e-08
5.72539612459e-09	2.07078105774e-08
5.74513643878e-09	9.7147911049e-08
5.76487675296e-09	1.29848743313e-07
5.78461706714e-09	1.14508274862e-07
5.80435738133e-09	6.33844265963e-08
5.82409769551e-09	1.33364841393e-09
5.8438380097e-09	-4.32662474736e-08
5.86357832388e-09	-4.91571299222e-08
5.88331863807e-09	-1.00678558823e-08
5.90305895225e-09	6.32766870012e-08
5.92279926643e-09	1.47496891145e-07
5.94253958062e-09	2.15064474673e-07
5.9622798948e-09	2.43393543542e-07
5.98202020899e-09	2.2123731469e-07
6.00176052317e-09	1.50779939645e-07
6.02150083735e-09	4.57656810227e-08
6.04124115154e-09	-7.27640525611e-08
6.06098146572e-09	-1.81385260589e-07
6.08072177991e-09	-2.58822154819e-07
6.10046209409e-09	-2.89828875566e-07
6.12020240827e-09	-2.68393250735e-07
6.13994272246e-09	-1.99814309099e-07
6.15968303664e-09	-1.00679315551e-07
6.17942335083e-09	4.25779278501e-09
6.19916366501e-09	8.84000002088e-08
6.21890397919e-09	1.31397243308e-07
6.23864429338e-09	1.26208277607e-07
6.25838460756e-09	8.20867498419e-08
6.27812492175e-09	2.17406324055e-08
6.29786523593e-09	-2.67595510195e-08
6.31760555011e-09	-4.0401861412e-08
6.3373458643e-09	-9.88545867386e-09
6.35708617848e-09	5.69362121894e-08
6.37682649267e-09	1.38067207445e-07
6.39656680685e-09	2.05407829412e-07
6.41630712103e-09	2.34499125895e-07
6.43604743522e-09	2.1231556957e-07
6.4557877494e-09	1.40611547295e-07
6.47552806359e-09	3.4376331115e-08
6.49526837777e-09	-8.3271899598e-08
6.51500869195e-09	-1.87540365459e-07
6.53474900614e-09	-2.57769016798e-07
6.55448932032e-09	-2.81432676275e-07
6.57422963451e-09	-2.56066186921e-07
6.59396994869e-09	-1.89303733578e-07
6.61371026287e-09	-9.72245501885e-08
6.63345057706e-09	-1.05376840587e-09
6.65319089124e-09	7.76071331643e-08
6.67293120543e-09	1.2228034052e-07
6.69267151961e-09	1.26427906366e-07
6.71241183379e-09	9.58176613608e-08
6.73215214798e-09	4.70978349654e-08
6.75189246216e-09	2.49645726313e-09
6.77163277635e-09	-1.78250711969e-08
6.79137309053e-09	-3.06928082949e-09
6.81111340471e-09	4.40707843552e-08
6.8308537189e-09	1.08147411026e-07
6.85059403308e-09	1.66330352158e-07
6.87033434727e-09	1.96342966774e-07
6.89007466145e-09	1.8396369228e-07
6.90981497564e-09	1.27425622054e-07
6.92955528982e-09	3.748289501e-08
6.949295604e-09	-6.63748025431e-08
6.96903591819e-09	-1.61786431363e-07
6.98877623237e-09	-2.29328080081e-07
7.00851654656e-09	-2.56686178091e-07
7.02825686074e-09	-2.40549667296e-07
7.04799717492e-09	-1.86449724993e-07
7.06773748911e-09	-1.07098024671e-07
7.08747780329e-09	-1.97051477357e-08
7.10721811748e-09	5.74818734833e-08
7.12695843166e-09	1.09143208249e-07
7.14669874584e-09	1.26741369399e-07
7.16643906003e-09	1.11202581365e-07
7.18617937421e-09	7.31897742412e-08
7.2059196884e-09	3.02614004966e-08
7.22566000258e-09	1.31335120557e-09
7.24540031676e-09	-2.7870820235e-11
7.26514063095e-09	2.93531137174e-08
7.28488094513e-09	8.03669877314e-08
7.30462125932e-09	1.34485233616e-07
7.3243615735e-09	1.70093215957e-07
7.34410188768e-09	1.70070578065e-07
7.36384220187e-09	1.27753324364e-07
7.38358251605e-09	4.91738241237e-08
7.40332283024e-09	-4.89960463312e-08
7.42306314442e-09	-1.44702781313e-07
7.4428034586e-09	-2.16878149217e-07
7.46254377279e-09	-2.50784808031e-07
7.48228408697e-09	-2.40998360823e-07
7.50202440116e-09	-1.91753727563e-07
7.52176471534e-09	-1.15163942382e-07
7.54150502952e-09	-2.81379417544e-08
7.56124534371e-09	5.13002440528e-08
7.58098565789e-09	1.07813121986e-07
7.60072597208e-09	1.32186571022e-07
7.62046628626e-09	1.23724944956e-07
7.64020660044e-09	9.07424606567e-08
7.65994691463e-09	4.8511747508e-08
7.67968722881e-09	1.47543701701e-08
7.699427543e-09	3.79058651134e-09
7.71916785718e-09	2.12955875156e-08
7.73890817136e-09	6.17508675305e-08
7.75864848555e-09	1.09844989993e-07
7.77838879973e-09	1.45580585809e-07
7.79812911392e-09	1.51317237851e-07
7.8178694281e-09	1.18133918647e-07
7.83760974229e-09	4.91283884685e-08
7.85735005647e-09	-4.14578948948e-08
7.87709037065e-09	-1.32775255679e-07
7.89683068484e-09	-2.03705525337e-07
7.91657099902e-09	-2.38738664393e-07
7.93631131321e-09	-2.31603806355e-07
7.95605162739e-09	-1.85953808796e-07
7.97579194157e-09	-1.13486265718e-07
7.99553225576e-09	-3.05048963867e-08
8.01527256994e-09	4.59954705434e-08
8.03501288413e-09	1.0192852784e-07
8.05475319831e-09	1.28921016085e-07
8.07449351249e-09	1.25980278654e-07
8.09423382668e-09	9.96615341364e-08
8.11397414086e-09	6.24339904221e-08
8.13371445505e-09	2.92786239697e-08
8.15345476923e-09	1.31491422195e-08
8.17319508341e-09	2.05983479162e-08
8.1929353976e-09	4.91383929102e-08
8.21267571178e-09	8.75428725067e-08
8.23241602597e-09	1.19314378821e-07
8.25215634015e-09	1.28294004753e-07
8.27189665433e-09	1.04458187877e-07
8.29163696852e-09	4.77539359167e-08
8.3113772827e-09	-3.14459001061e-08
8.33111759689e-09	-1.1540074496e-07
8.35085791107e-09	-1.84380553492e-07
8.37059822525e-09	-2.22407564365e-07
8.39033853944e-09	-2.21470358497e-07
8.41007885362e-09	-1.83067243142e-07
8.42981916781e-09	-1.17011126122e-07
8.44955948199e-09	-3.82893894368e-08
8.46929979617e-09	3.68658596983e-08
8.48904011036e-09	9.46453511119e-08
8.50878042454e-09	1.26393914002e-07
8.52852073873e-09	1.3008560984e-07
8.54826105291e-09	1.10422490707e-07
8.56800136709e-09	7.7517611885e-08
8.58774168128e-09	4.42405827528e-08
8.60748199546e-09	2.26318608298e-08
8.62722230965e-09	2.01974170722e-08
8.64696262383e-09	3.72328159415e-08
8.66670293801e-09	6.62461658862e-08
8.6864432522e-09	9.40156184015e-08
8.70618356638e-09	1.05866973854e-07
8.72592388057e-09	9.08375596964e-08
8.74566419475e-09	4.58925555336e-08
8.76540450893e-09	-2.24016201145e-08
8.78514482312e-09	-9.94428432932e-08
8.8048851373e-09	-1.66889591924e-07
8.82462545149e-09	-2.08157061365e-07
8.84436576567e-09	-2.13214519817e-07
8.86410607986e-09	-1.81152159939e-07
8.88384639404e-09	-1.19910708918e-07
8.90358670822e-09	-4.3580318021e-08
8.92332702241e-09	3.1623336838e-08
8.94306733659e-09	9.14078484016e-08
8.96280765078e-09	1.26473409523e-07
8.98254796496e-09	1.34081005854e-07
9.00228827914e-09	1.1805415312e-07
9.02202859333e-09	8.73914203225e-08
9.04176890751e-09	5.38054116817e-08
9.0615092217e-09	2.86080137357e-08
9.08124953588e-09	1.95394136426e-08
9.10098985006e-09	2.8343666969e-08
9.12073016425e-09	4.99109091834e-08
9.14047047843e-09	7.35396312734e-08
9.16021079262e-09	8.621389469e-08
9.1799511068e-09	7.7025703149e-08
9.19969142098e-09	4.12846077325e-08
9.21943173517e-09	-1.72058136627e-08
9.23917204935e-09	-8.66677183353e-08
9.25891236354e-09	-1.50621133344e-07
9.27865267772e-09	-1.92825723389e-07
9.2983929919e-09	-2.02173978892e-07
9.31813330609e-09	-1.75882306053e-07
9.33787362027e-09	-1.20014220784e-07
9.35761393446e-09	-4.73652761457e-08
9.37735424864e-09	2.63686796842e-08
9.39709456282e-09	8.67914025093e-08
9.41683487701e-09	1.24144804658e-07
9.43657519119e-09	1.35062350637e-07
9.45631550538e-09	1.22584580708e-07
9.47605581956e-09	9.47308080868e-08
9.49579613374e-09	6.21179125915e-08
9.51553644793e-09	3.51563471668e-08
9.53527676211e-09	2.13453770215e-08
9.5550170763e-09	2.32135874967e-08
9.57475739048e-09	3.74714979046e-08
9.59449770466e-09	5.57790116318e-08
9.61423801885e-09	6.71745183922e-08
9.63397833303e-09	6.1629187087e-08
9.65371864722e-09	3.3689900647e-08
9.6734589614e-09	-1.50625449891e-08
9.69319927558e-09	-7.57474012403e-08
9.71293958977e-09	-1.34388855599e-07
9.73267990395e-09	-1.75968111193e-07
9.75242021814e-09	-1.88975832316e-07
9.77216053232e-09	-1.68913146581e-07
9.79190084651e-09	-1.19577435953e-07
9.81164116069e-09	-5.17916731724e-08
9.83138147487e-09	1.98419343178e-08
9.85112178906e-09	8.10019216146e-08
9.87086210324e-09	1.21219272842e-07
9.89060241743e-09	1.36017433761e-07
9.91034273161e-09	1.27268236838e-07
9.93008304579e-09	1.01948948839e-07
9.94982335998e-09	6.98601567706e-08
9.96956367416e-09	4.09290628056e-08
9.98930398835e-09	2.2683638079e-08
1.00090443025e-08	1.83828934297e-08
1.00287846167e-08	2.61885801933e-08
1.00485249309e-08	3.96608292874e-08
1.00682652451e-08	4.95959930902e-08
1.00880055593e-08	4.68923246899e-08
1.01077458734e-08	2.57017180871e-08
1.01274861876e-08	-1.4134649895e-08
1.01472265018e-08	-6.62809398477e-08
1.0166966816e-08	-1.1921808607e-07
1.01867071302e-08	-1.59396194022e-07
1.02064474444e-08	-1.75289926574e-07
1.02261877586e-08	-1.60993764098e-07
1.02459280727e-08	-1.18128838267e-07
1.02656683869e-08	-5.5434199453e-08
1.02854087011e-08	1.37789912813e-08
1.03051490153e-08	7.53877245074e-08
1.03248893295e-08	1.18191550769e-07
1.03446296437e-08	1.36501540737e-07
1.03643699578e-08	1.30962732214e-07
1.0384110272e-08	1.07625368173e-07
1.04038505862e-08	7.57504921012e-08
1.04235909004e-08	4.50869741542e-08
1.04433312146e-08	2.33228796276e-08
1.04630715288e-08	1.4255312486e-08
1.04828118429e-08	1.70153189316e-08
1.05025521571e-08	2.64701149888e-08
1.05222924713e-08	3.47715776172e-08
1.05420327855e-08	3.37431167452e-08
1.05617730997e-08	1.75746048825e-08
1.05815134139e-08	-1.49378553971e-08
1.06012537281e-08	-5.93707092378e-08
1.06209940422e-08	-1.06361916608e-07
1.06407343564e-08	-1.44002882507e-07
1.06604746706e-08	-1.6128792879e-07
1.06802149848e-08	-1.51543119387e-07
1.0699955299e-08	-1.14670740459e-07
1.07196956132e-08	-5.74173881773e-08
1.07394359273e-08	8.44845882142e-09
1.07591762415e-08	6.94345487773e-08
1.07789165557e-08	1.13998687823e-07
1.07986568699e-08	1.35427555392e-07
1.08183971841e-08	1.33120778401e-07
1.08381374983e-08	1.12062451763e-07
1.08578778124e-08	8.08455880019e-08
1.08776181266e-08	4.89883724697e-08
1.08973584408e-08	2.43336426564e-08
1.0917098755e-08	1.11788978074e-08
1.09368390692e-08	9.47290246245e-09
1.09565793834e-08	1.516302639e-08
1.09763196975e-08	2.15558007e-08
1.09960600117e-08	2.13776907287e-08
1.10158003259e-08	9.08433683833e-09
1.10355406401e-08	-1.71569922713e-08
1.10552809543e-08	-5.43987361823e-08
1.10750212685e-08	-9.52058982762e-08
1.10947615827e-08	-1.29403304072e-07
1.11145018968e-08	-1.46894819864e-07
1.1134242211e-08	-1.4074647936e-07
1.11539825252e-08	-1.09526183678e-07
1.11737228394e-08	-5.80821364338e-08
1.11934631536e-08	3.58389673494e-09
1.12132034678e-08	6.30146033131e-08
1.12329437819e-08	1.08696312395e-07
1.12526840961e-08	1.33065043428e-07
1.12724244103e-08	1.34203347102e-07
1.12921647245e-08	1.15807878842e-07
1.13119050387e-08	8.55935056165e-08
1.13316453529e-08	5.27676533579e-08
1.1351385667e-08	2.54017873402e-08
1.13711259812e-08	8.41795522177e-09
1.13908662954e-08	2.63441002346e-09
1.14106066096e-08	4.97684293777e-09
1.14303469238e-08	9.68856106454e-09
1.1450087238e-08	1.01923909313e-08
1.14698275521e-08	1.16216591906e-09
1.14895678663e-08	-1.96822433907e-08
1.15093081805e-08	-5.0525141404e-08
1.15290484947e-08	-8.55124113741e-08
1.15487888089e-08	-1.1603437855e-07
1.15685291231e-08	-1.33007318937e-07
1.15882694373e-08	-1.2956056139e-07
1.16080097514e-08	-1.03320807909e-07
1.16277500656e-08	-5.75070551179e-08
1.16474903798e-08	-3.87922527434e-10
1.1667230694e-08	5.68062645812e-08
1.16869710082e-08	1.02892471432e-07
1.17067113224e-08	1.29712248054e-07
1.17264516365e-08	1.34139980901e-07
1.17461919507e-08	1.18537855087e-07
1.17659322649e-08	8.96143106388e-08
1.17856725791e-08	5.61631807727e-08
1.18054128933e-08	2.64512749482e-08
1.18251532075e-08	6.04625505218e-09
1.18448935216e-08	-3.36291150482e-09
1.18646338358e-08	-3.95633881212e-09
1.188437415e-08	-7.19306558761e-10
1.19041144642e-08	2.97956187501e-10
1.19238547784e-08	-6.06804206882e-09
1.19435950926e-08	-2.24098872792e-08
1.19633354067e-08	-4.77383785835e-08
1.19830757209e-08	-7.74265203063e-08
1.20028160351e-08	-1.04196509199e-07
1.20225563493e-08	-1.19986353297e-07
1.20422966635e-08	-1.18258178361e-07
1.20620369777e-08	-9.61061559224e-08
1.20817772919e-08	-5.54847829903e-08
1.2101517606e-08	-3.09072412108e-09
1.21212579202e-08	5.11777180634e-08
1.21409982344e-08	9.67728936985e-08
1.21607385486e-08	1.25297148657e-07
1.21804788628e-08	1.32665462615e-07
1.2200219177e-08	1.19962734857e-07
1.22199594911e-08	9.27767729308e-08
1.22396998053e-08	5.92864033422e-08
1.22594401195e-08	2.77772986834e-08
1.22791804337e-08	4.36819203031e-09
1.22989207479e-08	-8.39771097105e-09
1.23186610621e-08	-1.17942358102e-08
1.23384013762e-08	-1.00486197141e-08
1.23581416904e-08	-8.72379235517e-09
1.23778820046e-08	-1.28479280548e-08
1.23976223188e-08	-2.52783589616e-08
1.2417362633e-08	-4.57037181434e-08
1.24371029472e-08	-7.05071130369e-08
1.24568432614e-08	-9.35549735459e-08
1.24765835755e-08	-1.07753827194e-07
1.24963238897e-08	-1.07030906804e-07
1.25160642039e-08	-8.82274306946e-08
1.25358045181e-08	-5.23430259136e-08
1.25555448323e-08	-4.69765248923e-09
1.25752851465e-08	4.61519213957e-08
1.25950254606e-08	9.05038035626e-08
1.26147657748e-08	1.20028857964e-07
1.2634506089e-08	1.29946769789e-07
1.26542464032e-08	1.20177574559e-07
1.26739867174e-08	9.51198160237e-08
1.26937270316e-08	6.21522957545e-08
1.27134673457e-08	2.93766682091e-08
1.27332076599e-08	3.33879479619e-09
1.27529479741e-08	-1.2587732634e-08
1.27726882883e-08	-1.87298887511e-08
1.27924286025e-08	-1.85125230701e-08
1.28121689167e-08	-1.70093183982e-08
1.28319092308e-08	-1.91434956776e-08
1.2851649545e-08	-2.80554353083e-08
1.28713898592e-08	-4.4057721027e-08
1.28911301734e-08	-6.44102087222e-08
1.29108704876e-08	-8.39500984284e-08
1.29306108018e-08	-9.6430881058e-08
1.2950351116e-08	-9.62514619118e-08
1.29700914301e-08	-8.01591824029e-08
1.29898317443e-08	-4.84550781721e-08
1.30095720585e-08	-5.32170130185e-09
1.30293123727e-08	4.19160954834e-08
1.30490526869e-08	8.44765821739e-08
1.30687930011e-08	1.14324329559e-07
1.30885333152e-08	1.26255514488e-07
1.31082736294e-08	1.19224836226e-07
1.31280139436e-08	9.64883213328e-08
1.31477542578e-08	6.45180833203e-08
1.3167494572e-08	3.10459284947e-08
1.31872348862e-08	2.86525780879e-09
1.32069752003e-08	-1.59198378924e-08
1.32267155145e-08	-2.47029721123e-08
1.32464558287e-08	-2.60667984975e-08
1.32661961429e-08	-2.45562397083e-08
1.32859364571e-08	-2.49731755275e-08
1.33056767713e-08	-3.07341743166e-08
1.33254170854e-08	-4.27411990245e-08
1.33451573996e-08	-5.90379372056e-08
1.33648977138e-08	-7.53026583311e-08
1.3384638028e-08	-8.60186233353e-08
1.34043783422e-08	-8.60296438532e-08
1.34241186564e-08	-7.20872037618e-08
1.34438589706e-08	-4.39996199475e-08
1.34635992847e-08	-5.04410513358e-09
1.34833395989e-08	3.85353722265e-08
1.35030799131e-08	7.8879281773e-08
1.35228202273e-08	1.08409572874e-07
1.35425605415e-08	1.21754396787e-07
1.35623008557e-08	1.1713778747e-07
1.35820411698e-08	9.6790110149e-08
1.3601781484e-08	6.62357066972e-08
1.36215217982e-08	3.26677458418e-08
1.36412621124e-08	2.91833535115e-09
1.36610024266e-08	-1.83427015799e-08
1.36807427408e-08	-2.96402262734e-08
1.37004830549e-08	-3.26877511725e-08
1.37202233691e-08	-3.14220756081e-08
1.37399636833e-08	-3.04469800483e-08
1.37597039975e-08	-3.34032819183e-08
1.37794443117e-08	-4.17482368675e-08
1.37991846259e-08	-5.42710303364e-08
1.381892494e-08	-6.74285445257e-08
1.38386652542e-08	-7.6366248436e-08
1.38584055684e-08	-7.63363701139e-08
1.38781458826e-08	-6.41364508169e-08
1.38978861968e-08	-3.92087464718e-08
1.3917626511e-08	-4.09758538211e-09
1.39373668252e-08	3.58846392601e-08
1.39571071393e-08	7.37522469763e-08
1.39768474535e-08	1.02470494312e-07
1.39965877677e-08	1.16689662377e-07
1.40163280819e-08	1.14119039551e-07
1.40360683961e-08	9.61118473697e-08
1.40558087103e-08	6.72636559784e-08
1.40755490244e-08	3.4119061354e-08
1.40952893386e-08	3.36136807277e-09
1.41150296528e-08	-1.99525889144e-08
1.4134769967e-08	-3.35842003096e-08
1.41545102812e-08	-3.83835043749e-08
1.41742505954e-08	-3.76102704536e-08
1.41939909095e-08	-3.5575119739e-08
1.42137312237e-08	-3.60620333595e-08
1.42334715379e-08	-4.10391969297e-08
1.42532118521e-08	-5.00166521533e-08
1.42729521663e-08	-6.02056076104e-08
1.42926924805e-08	-6.73795668149e-08
1.43124327947e-08	-6.71691324783e-08
1.43321731088e-08	-5.64254207802e-08
1.4351913423e-08	-3.42888100135e-08
1.43716537372e-08	-2.69240496564e-09
1.43913940514e-08	3.38487815554e-08
1.44111343656e-08	6.91393182706e-08
1.44308746798e-08	9.66992033113e-08
1.44506149939e-08	1.11323878116e-07
1.44703553081e-08	1.10391823682e-07
1.44900956223e-08	9.45493283666e-08
1.45098359365e-08	6.75461535593e-08
1.45295762507e-08	3.52333344722e-08
1.45493165649e-08	4.00207422757e-09
1.4569056879e-08	-2.08880042152e-08
1.45887971932e-08	-3.65794790014e-08
1.46085375074e-08	-4.31165503301e-08
1.46282778216e-08	-4.30479261126e-08
1.46480181358e-08	-4.02949353884e-08
1.466775845e-08	-3.86822449627e-08
1.46874987641e-08	-4.06103595196e-08
1.47072390783e-08	-4.62696654324e-08
1.47269793925e-08	-5.36088862191e-08
1.47467197067e-08	-5.90197934969e-08
1.47664600209e-08	-5.85069628301e-08
1.47862003351e-08	-4.89823364092e-08
1.48059406493e-08	-2.93290192133e-08
1.48256809634e-08	-9.52345202698e-10
1.48454212776e-08	3.23266391433e-08
1.48651615918e-08	6.5017502493e-08
1.4884901906e-08	9.11793875957e-08
1.49046422202e-08	1.05821754914e-07
1.49243825344e-08	1.06135800593e-07
1.49441228485e-08	9.22222440636e-08
1.49638631627e-08	6.70937154723e-08
1.49836034769e-08	3.59189620269e-08
1.50033437911e-08	4.69602223774e-09
1.50230841053e-08	-2.12777440112e-08
1.50428244195e-08	-3.8690778581e-08
1.50625647336e-08	-4.68807606069e-08
1.50823050478e-08	-4.76855817055e-08
1.5102045362e-08	-4.45568346663e-08
1.51217856762e-08	-4.12410514627e-08
1.51415259904e-08	-4.04643181184e-08
1.51612663046e-08	-4.30351256853e-08
1.51810066187e-08	-4.76216754919e-08
1.52007469329e-08	-5.12465305746e-08
1.52204872471e-08	-5.03067596469e-08
1.52402275613e-08	-4.1798347894e-08
1.52599678755e-08	-2.43792221966e-08
1.52797081897e-08	1.02083452802e-09
1.52994485039e-08	3.12032817362e-08
1.5319188818e-08	6.13163493313e-08
1.53389291322e-08	8.59277093923e-08
1.53586694464e-08	1.00295281413e-07
1.53784097606e-08	1.01521195006e-07
1.53981500748e-08	8.92916318662e-08
1.5417890389e-08	6.59940582182e-08
1.54376307031e-08	3.61551570904e-08
1.54573710173e-08	5.32876320847e-09
1.54771113315e-08	-2.12774970976e-08
1.54968516457e-08	-4.00508213261e-08
1.55165919599e-08	-4.97393415344e-08
1.55363322741e-08	-5.15101099552e-08
1.55560725882e-08	-4.82982329686e-08
1.55758129024e-08	-4.36669722603e-08
1.55955532166e-08	-4.05518960633e-08
1.56152935308e-08	-4.02911197739e-08
1.5635033845e-08	-4.22372679054e-08
1.56547741592e-08	-4.40514824618e-08
1.56745144733e-08	-4.25580779506e-08
1.56942547875e-08	-3.48756330482e-08
1.57139951017e-08	-1.9473770152e-08
1.57337354159e-08	3.15432968634e-09
1.57534757301e-08	3.03888931796e-08
1.57732160443e-08	5.79704391157e-08
1.57929563585e-08	8.094539794e-08
1.58126966726e-08	9.48290477254e-08
1.58324369868e-08	9.66937534486e-08
1.5852177301e-08	8.59106137341e-08
1.58719176152e-08	6.43443911486e-08
1.58916579294e-08	3.59432945629e-08
1.59113982436e-08	5.80631498437e-09
1.59311385577e-08	-2.1035631903e-08
1.59508788719e-08	-4.08009874775e-08
1.59706191861e-08	-5.17749896289e-08
1.59903595003e-08	-5.45240332883e-08
1.60100998145e-08	-5.14571496524e-08
1.60298401287e-08	-4.58729729758e-08
1.60495804428e-08	-4.08005256247e-08
1.6069320757e-08	-3.80034279601e-08
1.60890610712e-08	-3.74576671902e-08
1.61088013854e-08	-3.74555177984e-08
1.61285416996e-08	-3.52814666371e-08
1.61482820138e-08	-2.82286851672e-08
1.6168022328e-08	-1.46296281756e-08
1.61877626421e-08	5.41770095452e-09
1.62075029563e-08	2.98380626873e-08
1.62272432705e-08	5.49357359603e-08
1.62469835847e-08	7.62175531577e-08
1.62667238989e-08	8.94604212931e-08
1.62864642131e-08	9.17453775173e-08
1.63062045272e-08	8.21976016141e-08
1.63259448414e-08	6.22444389364e-08
1.63456851556e-08	3.53202338488e-08
1.63654254698e-08	6.08433925464e-09
1.6385165784e-08	-2.06611829867e-08
1.64049060982e-08	-4.10713596466e-08
1.64246464123e-08	-5.30874650906e-08
1.64443867265e-08	-5.67638096527e-08
1.64641270407e-08	-5.40035465235e-08
1.64838673549e-08	-4.77878003835e-08
1.65036076691e-08	-4.11352338858e-08
1.65233479833e-08	-3.61226568657e-08
1.65430882974e-08	-3.32692948746e-08
1.65628286116e-08	-3.14715649097e-08
1.65825689258e-08	-2.84998460387e-08
1.660230924e-08	-2.18781508465e-08
1.66220495542e-08	-9.86363346556e-09
1.66417898684e-08	7.79079201152e-09
1.66615301826e-08	2.9521752154e-08
1.66812704967e-08	5.21789793595e-08
1.67010108109e-08	7.17243864301e-08
1.67207511251e-08	8.42042737759e-08
1.67404914393e-08	8.67353620038e-08
1.67602317535e-08	7.82468703164e-08
1.67799720677e-08	5.97915104095e-08
1.67997123818e-08	3.43477104536e-08
1.6819452696e-08	6.15796302839e-09
1.68391930102e-08	-2.02294110352e-08
1.68589333244e-08	-4.09807299206e-08
1.68786736386e-08	-5.37942739243e-08
1.68984139528e-08	-5.83011896538e-08
1.69181542669e-08	-5.59414488066e-08
1.69378945811e-08	-4.93547105407e-08
1.69576348953e-08	-4.14703364982e-08
1.69773752095e-08	-3.45729596063e-08
1.69971155237e-08	-2.96320195048e-08
1.70168558379e-08	-2.61014250214e-08
1.7036596152e-08	-2.22430216468e-08
1.70563364662e-08	-1.58619108959e-08
1.70760767804e-08	-5.20734921849e-09
1.70958170946e-08	1.02510337996e-08
1.71155574088e-08	2.94212103569e-08
1.7135297723e-08	4.96834822172e-08
1.71550380372e-08	6.74567743886e-08
1.71747783513e-08	7.90719525412e-08
1.71945186655e-08	8.17064460534e-08
1.72142589797e-08	7.4130326766e-08
1.72339992939e-08	5.70680107614e-08
1.72537396081e-08	3.30853993091e-08
1.72734799223e-08	6.03710459401e-09
1.72932202364e-08	-1.97913774258e-08
1.73129605506e-08	-4.062665937e-08
1.73327008648e-08	-5.40047153663e-08
1.7352441179e-08	-5.92175553038e-08
1.73721814932e-08	-5.72957716827e-08
1.73919218074e-08	-5.05387802718e-08
1.74116621215e-08	-4.17310594969e-08
1.74314024357e-08	-3.3272751665e-08
1.74511427499e-08	-2.64900918978e-08
1.74708830641e-08	-2.13301625251e-08
1.74906233783e-08	-1.6534572822e-08
1.75103636925e-08	-1.02239932076e-08
1.75301040066e-08	-7.05122016331e-10
1.75498443208e-08	1.27675843231e-08
1.7569584635e-08	2.95230044856e-08
1.75893249492e-08	4.74481396395e-08
1.76090652634e-08	6.34214885054e-08
1.76288055776e-08	7.40783150377e-08
1.76485458918e-08	7.6687172168e-08
1.76682862059e-08	6.98941136079e-08
1.76880265201e-08	5.41308544655e-08
1.77077668343e-08	3.15856070188e-08
1.77275071485e-08	5.74502134754e-09
1.77472474627e-08	-1.93695903761e-08
1.77669877769e-08	-4.00779285314e-08
1.7786728091e-08	-5.38136433192e-08
1.78064684052e-08	-5.95994826824e-08
1.78262087194e-08	-5.81125974009e-08
1.78459490336e-08	-5.13304065919e-08
1.78656893478e-08	-4.18597672081e-08
1.7885429662e-08	-3.21440722928e-08
1.79051699761e-08	-2.3776937752e-08
1.79249102903e-08	-1.71271139493e-08
1.79446506045e-08	-1.13839275784e-08
1.79643909187e-08	-5.00247976376e-09
1.79841312329e-08	3.59673824057e-09
1.80038715471e-08	1.53041401774e-08
1.80236118613e-08	2.98084579242e-08
1.80433521754e-08	4.5471182375e-08
1.80630924896e-08	5.96282490051e-08
1.80828328038e-08	6.9241195888e-08
1.8102573118e-08	7.17039085885e-08
1.81223134322e-08	6.55743477296e-08
1.81420537464e-08	5.10249691388e-08
1.81617940605e-08	2.98907707474e-08
1.81815343747e-08	5.3060351668e-09
1.82012746889e-08	-1.89731625966e-08
1.82210150031e-08	-3.93826091738e-08
1.82407553173e-08	-5.32975690248e-08
1.82604956315e-08	-5.95282294569e-08
1.82802359456e-08	-5.84494657119e-08
1.82999762598e-08	-5.17418357049e-08
1.8319716574e-08	-4.18209573638e-08
1.83394568882e-08	-3.11190078151e-08
1.83591972024e-08	-2.14206767879e-08
1.83789375166e-08	-1.34432758259e-08
1.83986778307e-08	-6.78095934958e-09
1.84184181449e-08	-2.2394526511e-10
1.84381584591e-08	7.65123608915e-09
1.84578987733e-08	1.78131482897e-08
1.84776390875e-08	3.02473353031e-08
1.84973794017e-08	4.3745867373e-08
1.85171197159e-08	5.60904460656e-08
1.853686003e-08	6.45864020044e-08
1.85566003442e-08	6.67877699811e-08
1.85763406584e-08	6.12043038473e-08
1.85960809726e-08	4.77834660728e-08
1.86158212868e-08	2.80311649448e-08
1.8635561601e-08	4.73948746915e-09
1.86553019151e-08	-1.86048811912e-08
1.86750422293e-08	-3.8573396921e-08
1.86947825435e-08	-5.2516238469e-08
1.87145228577e-08	-5.90752513574e-08
1.87342631719e-08	-5.83659733877e-08
1.87540034861e-08	-5.17988709703e-08
1.87737438002e-08	-4.1595995981e-08
1.87934841144e-08	-3.01423810356e-08
1.88132244286e-08	-1.93521252356e-08
1.88329647428e-08	-1.0222740876e-08
1.8852705057e-08	-2.70252753509e-09
1.88724453712e-08	4.09689615566e-09
1.88921856853e-08	1.14166844867e-08
1.89119259995e-08	2.02467234089e-08
1.89316663137e-08	3.08033634155e-08
1.89514066279e-08	4.2258342603e-08
1.89711469421e-08	5.28176542502e-08
1.89908872563e-08	6.01399179345e-08
1.90106275705e-08	6.19721092221e-08
1.90303678846e-08	5.68177220828e-08
1.90501081988e-08	4.44362271423e-08
1.9069848513e-08	2.60296086907e-08
1.90895888272e-08	4.05724964736e-09
1.91093291414e-08	-1.82691763939e-08
1.91290694556e-08	-3.76745319386e-08
1.91488097697e-08	-5.15142701829e-08
1.91685500839e-08	-5.82974557517e-08
1.91882903981e-08	-5.79158445646e-08
1.92080307123e-08	-5.15340552454e-08
1.92277710265e-08	-4.11831493352e-08
1.92475113407e-08	-2.91777197958e-08
1.92672516548e-08	-1.75125780544e-08
1.9286991969e-08	-7.4065438227e-09
1.93067322832e-08	8.88030649016e-10
1.93264725974e-08	7.96278420978e-09
1.93462129116e-08	1.48635166397e-08
1.93659532258e-08	2.25582468261e-08
1.93856935399e-08	3.1433554426e-08
1.94054338541e-08	4.0985590033e-08
1.94251741683e-08	4.98124919091e-08
1.94449144825e-08	5.59259234478e-08
1.94646547967e-08	5.72923717357e-08
1.94843951109e-08	5.24500585186e-08
1.95041354251e-08	4.10121536731e-08
1.95238757392e-08	2.39051640705e-08
1.95436160534e-08	3.26709304055e-09
1.95633563676e-08	-1.79709385151e-08
1.95830966818e-08	-3.67063037743e-08
1.9602836996e-08	-5.03273867025e-08
1.96225773102e-08	-5.72417739875e-08
1.96423176243e-08	-5.71464333632e-08
1.96620579385e-08	-5.09808941729e-08
1.96817982527e-08	-4.05903328726e-08
1.97015385669e-08	-2.82018994824e-08
1.97212788811e-08	-1.58545905293e-08
1.97410191953e-08	-4.93952745373e-09
1.97607595094e-08	4.03370137292e-09
1.97804998236e-08	1.13886162723e-08
1.98002401378e-08	1.7975667177e-08
1.9819980452e-08	2.47090916616e-08
1.98397207662e-08	3.20940571896e-08
1.98594610804e-08	3.98963209136e-08
1.98792013945e-08	4.7067960196e-08
1.98989417087e-08	5.19616776273e-08
1.99186820229e-08	5.27820738228e-08
1.99384223371e-08	4.81395261431e-08
1.99581626513e-08	3.7543099296e-08
1.99779029655e-08	2.16771223194e-08
1.99976432797e-08	2.37419395255e-09
2.00173835938e-08	-1.77183423489e-08
2.0037123908e-08	-3.56895242248e-08
2.00568642222e-08	-4.89869442788e-08
2.00766045364e-08	-5.5946866695e-08
2.00963448506e-08	-5.60976580743e-08
2.01160851648e-08	-5.0170665844e-08
2.01358254789e-08	-3.98297146376e-08
2.01555657931e-08	-2.72016951186e-08
2.01753061073e-08	-1.43417384635e-08
2.01950464215e-08	-2.7731463792e-09
2.02147867357e-08	6.77876865751e-09
2.02345270499e-08	1.43986245149e-08
2.0254267364e-08	2.074894212e-08
2.02740076782e-08	2.66699764495e-08
2.02937479924e-08	3.27438236525e-08
2.03134883066e-08	3.89553918012e-08
2.03332286208e-08	4.45681074268e-08
2.0352968935e-08	4.82564637139e-08
2.03727092492e-08	4.84703512882e-08
2.03924495633e-08	4.39240146477e-08
2.04121898775e-08	3.40631771678e-08
2.04319301917e-08	1.93674871696e-08
2.04516705059e-08	1.38455791276e-09
2.04714108201e-08	-1.75206800179e-08
2.04911511343e-08	-3.46449837707e-08
2.05108914484e-08	-4.75226364927e-08
2.05306317626e-08	-5.44470992736e-08
2.05503720768e-08	-5.48031167114e-08
2.0570112391e-08	-4.91301364036e-08
2.05898527052e-08	-3.89138321566e-08
2.06095930194e-08	-2.61708041904e-08
2.06293333335e-08	-1.29478943123e-08
2.06490736477e-08	-8.67656113623e-10
2.06688139619e-08	9.16435638487e-09
2.06885542761e-08	1.70219696116e-08
2.07082945903e-08	2.31897061553e-08
2.07280349045e-08	2.84232779535e-08
2.07477752186e-08	3.3348776185e-08
2.07675155328e-08	3.81270197636e-08
2.0787255847e-08	4.22904307129e-08
2.08069961612e-08	4.48097203787e-08
2.08267364754e-08	4.4378992925e-08
2.08464767896e-08	3.98381523325e-08
2.08662171038e-08	3.06080600865e-08
2.08859574179e-08	1.70009322176e-08
2.09056977321e-08	3.06925235227e-10
2.09254380463e-08	-1.73857248598e-08
2.09451783605e-08	-3.3593675397e-08
2.09649186747e-08	-4.59632794048e-08
2.09846589889e-08	-5.27745349643e-08
2.1004399303e-08	-5.32935047204e-08
2.10241396172e-08	-4.78833150908e-08
2.10438799314e-08	-3.78545266244e-08
2.10636202456e-08	-2.51046241573e-08
2.10833605598e-08	-1.16523235505e-08
2.1103100874e-08	8.09720457351e-10
2.11228411881e-08	1.12266445029e-08
2.11425815023e-08	1.92872082749e-08
2.11623218165e-08	2.53107508286e-08
2.11820621307e-08	2.99612281651e-08
2.12018024449e-08	3.38843122449e-08
2.12215427591e-08	3.73788004993e-08
2.12412830732e-08	4.02081568041e-08
2.12610233874e-08	4.1611816215e-08
2.12807637016e-08	4.05197795317e-08
2.13005040158e-08	3.5911938312e-08
2.132024433e-08	2.72137725688e-08
2.13399846442e-08	1.46073011464e-08
2.13597249584e-08	-8.45840675279e-10
2.13794652725e-08	-1.73196372799e-08
2.13992055867e-08	-3.25570397308e-08
2.14189459009e-08	-4.43383783022e-08
2.14386862151e-08	-5.09598336862e-08
2.14584265293e-08	-5.15958973324e-08
2.14781668435e-08	-4.6450519875e-08
2.14979071576e-08	-3.66627936899e-08
2.15176474718e-08	-2.40023734221e-08
2.1537387786e-08	-1.04398187872e-08
2.15571281002e-08	2.2866550875e-09
2.15768684144e-08	1.29992283604e-08
2.15966087286e-08	2.1224149549e-08
2.16163490427e-08	2.71277862396e-08
2.16360893569e-08	3.12810577441e-08
2.16558296711e-08	3.43305757156e-08
2.16755699853e-08	3.66826249376e-08
2.16953102995e-08	3.8296224858e-08
2.17150506137e-08	3.86500431659e-08
2.17347909278e-08	3.68976067477e-08
2.1754531242e-08	3.21658255586e-08
2.17742715562e-08	2.39101467514e-08
2.17940118704e-08	1.22153442916e-08
2.18137521846e-08	-2.05531036634e-09
2.18334924988e-08	-1.73211613941e-08
2.1853232813e-08	-3.15514760985e-08
2.18729731271e-08	-4.26769410922e-08
2.18927134413e-08	-4.90362594974e-08
2.19124537555e-08	-4.97395191701e-08
2.19321940697e-08	-4.48513226559e-08
2.19519343839e-08	-3.53468259107e-08
2.19716746981e-08	-2.2860193738e-08
2.19914150122e-08	-9.29669852212e-09
2.20111553264e-08	3.58497898034e-09
2.20308956406e-08	1.45089789072e-08
2.20506359548e-08	2.28589609463e-08
2.2070376269e-08	2.86597252597e-08
2.20901165832e-08	3.23874935759e-08
2.21098568973e-08	3.46765673953e-08
2.21295972115e-08	3.6015421756e-08
2.21493375257e-08	3.65287888826e-08
2.21690778399e-08	3.59072913625e-08
2.21888181541e-08	3.35113412575e-08
2.22085584683e-08	2.86159558271e-08
2.22282987825e-08	2.07240145045e-08
2.22480390966e-08	9.85269821285e-09
2.22677794108e-08	-3.30310401253e-09
2.2287519725e-08	-1.73865331021e-08
2.23072600392e-08	-3.05888647745e-08
2.23270003534e-08	-4.10032967579e-08
2.23467406676e-08	-4.7034198758e-08
2.23664809817e-08	-4.77538542043e-08
2.23862212959e-08	-4.310752999e-08
2.24059616101e-08	-3.39162902208e-08
2.24257019243e-08	-2.16752376048e-08
2.24454422385e-08	-8.20856183026e-09
2.24651825527e-08	4.72636685345e-09
2.24849228668e-08	1.5780331708e-08
2.2504663181e-08	2.42142057516e-08
2.25244034952e-08	2.99227842504e-08
2.25441438094e-08	3.32873391073e-08
2.25638841236e-08	3.49169084757e-08
2.25836244378e-08	3.53612961135e-08
2.26033647519e-08	3.48842164044e-08
2.26231050661e-08	3.33643015438e-08
2.26428453803e-08	3.03529397172e-08
2.26625856945e-08	2.52696406022e-08
2.26823260087e-08	1.76769106019e-08
2.27020663229e-08	7.54638751488e-09
2.27218066371e-08	-4.56704407625e-09
2.27415469512e-08	-1.75078582743e-08
2.27612872654e-08	-2.96786808462e-08
2.27810275796e-08	-3.93403105647e-08
2.28007678938e-08	-4.49830004356e-08
2.2820508208e-08	-4.56663542536e-08
2.28402485222e-08	-4.1239808013e-08
2.28599888363e-08	-3.23819264736e-08
2.28797291505e-08	-2.0447064486e-08
2.28994694647e-08	-7.16472969842e-09
2.29192097789e-08	5.73050940034e-09
2.29389500931e-08	1.68376157461e-08
2.29586904073e-08	2.53136853701e-08
2.29784307214e-08	3.09339647231e-08
2.29981710356e-08	3.39864456578e-08
2.30179113498e-08	3.50465612087e-08
2.3037651664e-08	3.47064883499e-08
2.30573919782e-08	3.33454828194e-08
2.30771322924e-08	3.10062731046e-08
2.30968726065e-08	2.74141207512e-08
2.31166129207e-08	2.21290221702e-08
2.31363532349e-08	1.47809693374e-08
2.31560935491e-08	5.31623678413e-09
2.31758338633e-08	-5.82648729264e-09
2.31955741775e-08	-1.76719048284e-08
2.32153144917e-08	-2.88213417576e-08
2.32350548058e-08	-3.77048046118e-08
2.325479512e-08	-4.29107096522e-08
2.32745354342e-08	-4.35079456906e-08
2.32942757484e-08	-3.92721979381e-08
2.33140160626e-08	-3.07546663691e-08
2.33337563768e-08	-1.91729814247e-08
2.33534966909e-08	-6.15193673781e-09
2.33732370051e-08	6.61596999407e-09
2.33929773193e-08	1.770117386e-08
2.34127176335e-08	2.61765400467e-08
2.34324579477e-08	3.17092698765e-08
2.34521982619e-08	3.4494952672e-08
2.3471938576e-08	3.50661792936e-08
2.34916788902e-08	3.40417400935e-08
2.35114192044e-08	3.18959543222e-08
2.35311595186e-08	2.88154335948e-08
2.35508998328e-08	2.46839348961e-08
2.3570640147e-08	1.91940312533e-08
2.35903804611e-08	1.20475922571e-08
2.36101207753e-08	3.1802311895e-09
2.36298610895e-08	-7.06390679284e-09
2.36496014037e-08	-1.78677801443e-08
2.36693417179e-08	-2.80171015277e-08
2.36890820321e-08	-3.61084104838e-08
2.37088223463e-08	-4.08387315076e-08
2.37285626604e-08	-4.13045420089e-08
2.37483029746e-08	-3.72284958416e-08
2.37680432888e-08	-2.90502590872e-08
2.3787783603e-08	-1.78562125086e-08
2.38075239172e-08	-5.16041165355e-09
2.38272642314e-08	7.40206784755e-09
2.38470045455e-08	1.83940862541e-08
2.38667448597e-08	2.68237716483e-08
2.38864851739e-08	3.22633262329e-08
2.39062254881e-08	3.481954991e-08
2.39259658023e-08	3.49750273188e-08
2.39457061165e-08	3.33599636804e-08
2.39654464306e-08	3.05242089382e-08
2.39851867448e-08	2.67789044273e-08
2.4004927059e-08	2.21514397936e-08
2.40246673732e-08	1.6460081298e-08
2.40444076874e-08	9.48110034926e-09
2.40641480016e-08	1.15101550513e-09
2.40838883158e-08	-8.26261636888e-09
2.41036286299e-08	-1.80816570605e-08
2.41233689441e-08	-2.72616560437e-08
2.41431092583e-08	-3.45595765339e-08
2.41628495725e-08	-3.87864638185e-08
2.41825898867e-08	-3.90810939166e-08
2.42023302009e-08	-3.51318369951e-08
2.4222070515e-08	-2.72838054372e-08
2.42418108292e-08	-1.65003903874e-08
2.42615511434e-08	-4.18257517509e-09
2.42812914576e-08	8.10534839246e-09
2.43010317718e-08	1.89373494663e-08
2.4320772086e-08	2.72759645981e-08
2.43405124001e-08	3.26124336425e-08
2.43602527143e-08	3.49692150792e-08
2.43799930285e-08	3.47739046447e-08
2.43997333427e-08	3.26546789609e-08
2.44194736569e-08	2.92188957474e-08
2.44392139711e-08	2.4884066363e-08
2.44589542852e-08	1.98064267209e-08
2.44786945994e-08	1.39224471951e-08
2.44984349136e-08	7.08398140148e-09
2.45181752278e-08	-7.62281793243e-10
2.4537915542e-08	-9.40976363495e-09
2.45576558562e-08	-1.83020389954e-08
2.45773961704e-08	-2.65496193919e-08
2.45971364845e-08	-3.30627329959e-08
2.46168767987e-08	-3.67683412605e-08
2.46366171129e-08	-3.68587400601e-08
2.46563574271e-08	-3.30044223062e-08
2.46760977413e-08	-2.54720902149e-08
2.46958380555e-08	-1.51120946867e-08
2.47155783696e-08	-3.21305981821e-09
2.47353186838e-08	8.7409413041e-09
2.4755058998e-08	1.93515106162e-08
2.47747993122e-08	2.75538631911e-08
2.47945396264e-08	3.27729985372e-08
2.48142799406e-08	3.49533451072e-08
2.48340202547e-08	3.44643851236e-08
2.48537605689e-08	3.1920599497e-08
2.48735008831e-08	2.79700440586e-08
2.48932411973e-08	2.31191119582e-08
2.49129815115e-08	1.76386834028e-08
2.49327218257e-08	1.15753948648e-08
2.49524621398e-08	4.856704372e-09
2.4972202454e-08	-2.55307064378e-09
2.49919427682e-08	-1.04951958235e-08
2.50116830824e-08	-1.85186692647e-08
2.50314233966e-08	-2.58752539395e-08
2.50511637108e-08	-3.16195958305e-08
2.5070904025e-08	-3.47949580259e-08
2.50906443391e-08	-3.46550486086e-08
2.51103846533e-08	-3.08663743454e-08
2.51301249675e-08	-2.36319710467e-08
2.51498652817e-08	-1.36999620537e-08
2.51696055959e-08	-2.24962470874e-09
2.51893459101e-08	9.32152666167e-09
2.52090862242e-08	1.96558929133e-08
2.52288265384e-08	2.76784426489e-08
2.52485668526e-08	3.27623759233e-08
2.52683071668e-08	3.47821220714e-08
2.5288047481e-08	3.4048731834e-08
2.53077877952e-08	3.11529753105e-08
2.53275281093e-08	2.67686477429e-08
2.53472684235e-08	2.14735251802e-08
2.53670087377e-08	1.563868679e-08
2.53867490519e-08	9.41301170343e-09
2.54064893661e-08	2.79779066581e-09
2.54262296803e-08	-4.21759249747e-09
2.54459699944e-08	-1.15109868304e-08
2.54657103086e-08	-1.87226198989e-08
2.54854506228e-08	-2.52321203931e-08
2.5505190937e-08	-3.0230449255e-08
2.55249312512e-08	-3.28743183786e-08
2.55446715654e-08	-3.24848414834e-08
2.55644118796e-08	-2.87355099715e-08
2.55841521937e-08	-2.17792468504e-08
2.56038925079e-08	-1.22731735885e-08
2.56236328221e-08	-1.2918751624e-09
2.56433731363e-08	9.85683534793e-09
2.56631134505e-08	1.98675476071e-08
2.56828537647e-08	2.76694880341e-08
2.57025940788e-08	3.25982405514e-08
2.5722334393e-08	3.4467593224e-08
2.57420747072e-08	3.35307994703e-08
2.57618150214e-08	3.03482856623e-08
2.57815553356e-08	2.56056580383e-08
2.58012956498e-08	1.99360901121e-08
2.58210359639e-08	1.3796577214e-08
2.58407762781e-08	7.42859507241e-09
2.58605165923e-08	9.05744368396e-10
2.58802569065e-08	-5.7530815667e-09
2.58999972207e-08	-1.24510828314e-08
2.59197375349e-08	-1.89068050105e-08
2.59394778491e-08	-2.4615083305e-08
2.59592181632e-08	-2.88941812698e-08
2.59789584774e-08	-3.1011666124e-08
2.59986987916e-08	-3.03594482887e-08
2.60184391058e-08	-2.66269921667e-08
2.603817942e-08	-1.99287164548e-08
2.60579197342e-08	-1.08417168576e-08
2.60776600483e-08	-3.41421335648e-10
2.60974003625e-08	1.03547241892e-08
2.61171406767e-08	2.0001674983e-08
2.61368809909e-08	2.75457328058e-08
2.61566213051e-08	3.22982884882e-08
2.61763616193e-08	3.40223316186e-08
2.61961019334e-08	3.29161373713e-08
2.62158422476e-08	2.95044717546e-08
2.62355825618e-08	2.44732714094e-08
2.6255322876e-08	1.84963138139e-08
2.62750631902e-08	1.21021530575e-08
2.62948035044e-08	5.61492319306e-09
2.63145438185e-08	-8.22435175518e-10
2.63342841327e-08	-7.15798798012e-09
2.63540244469e-08	-1.33107835865e-08
2.63737647611e-08	-1.90651263665e-08
2.63935050753e-08	-2.40191493361e-08
2.64132453895e-08	-2.7609353026e-08
2.64329857037e-08	-2.92108914834e-08
2.64527260178e-08	-2.82879017988e-08
2.6472466332e-08	-2.45536391219e-08
2.64922066462e-08	-1.80938268812e-08
2.65119469604e-08	-9.41528810472e-09
2.65316872746e-08	5.98595506496e-10
2.65514275888e-08	1.08205844285e-08
2.65711679029e-08	2.0071073692e-08
2.65909082171e-08	2.73243827564e-08
2.66106485313e-08	3.18799102672e-08
2.66303888455e-08	3.34596528262e-08
2.66501291597e-08	3.22112683193e-08
2.66698694739e-08	2.86207928468e-08
2.6689609788e-08	2.33647163839e-08
2.67093501022e-08	1.71439538121e-08
2.67290904164e-08	1.05448894061e-08
2.67488307306e-08	3.96413790682e-09
2.67685710448e-08	-2.39064523733e-09
2.6788311359e-08	-8.43179304155e-09
2.68080516731e-08	-1.4086139366e-08
2.68277919873e-08	-1.91924556248e-08
2.68475323015e-08	-2.34399983867e-08
2.68672726157e-08	-2.63746837703e-08
2.68870129299e-08	-2.74744227369e-08
2.69067532441e-08	-2.6277202636e-08
2.69264935583e-08	-2.25256755471e-08
2.69462338724e-08	-1.6285770954e-08
2.69659741866e-08	-8.00313948446e-09
2.69857145008e-08	1.52445422952e-09
2.7005454815e-08	1.12577316358e-08
2.70251951292e-08	2.00864782585e-08
2.70449354434e-08	2.70210609443e-08
2.70646757575e-08	3.13598036428e-08
2.70844160717e-08	3.27934692734e-08
2.71041563859e-08	3.14240189425e-08
2.71238967001e-08	2.76977942804e-08
2.71436370143e-08	2.22743263834e-08
2.71633773285e-08	1.58694195562e-08
2.71831176426e-08	9.11433062356e-09
2.72028579568e-08	2.46755638145e-09
2.7222598271e-08	-3.80364584274e-09
2.72423385852e-08	-9.57503676347e-09
2.72620788994e-08	-1.47743923762e-08
2.72818192136e-08	-1.92840570179e-08
2.73015595277e-08	-2.28734293728e-08
2.73212998419e-08	-2.51881715485e-08
2.73410401561e-08	-2.5804105519e-08
2.73607804703e-08	-2.43331879091e-08
2.73805207845e-08	-2.05519388174e-08
2.74002610987e-08	-1.45143816965e-08
2.74200014129e-08	-6.61347598907e-09
2.7439741727e-08	2.43217246343e-09
2.74594820412e-08	1.16683507301e-08
2.74792223554e-08	2.0056393879e-08
2.74989626696e-08	2.66491646528e-08
2.75187029838e-08	3.07533127852e-08
2.7538443298e-08	3.20372492979e-08
2.75581836121e-08	3.05631182584e-08
2.75779239263e-08	2.67377195939e-08
2.75976642405e-08	2.11978417042e-08
2.76174045547e-08	1.4663809722e-08
2.76371448689e-08	7.7998389969e-09
2.76568851831e-08	1.11576614614e-09
2.76766254972e-08	-5.06755082341e-09
2.76963658114e-08	-1.05896029723e-08
2.77161061256e-08	-1.53733985542e-08
2.77358464398e-08	-1.93357028166e-08
2.7755586754e-08	-2.23152003542e-08
2.77753270682e-08	-2.40477557867e-08
2.77950673824e-08	-2.42013022955e-08
2.78148076965e-08	-2.24603837751e-08
2.78345480107e-08	-1.86396231783e-08
2.78542883249e-08	-1.27878303502e-08
2.78740286391e-08	-5.25330090539e-09
2.78937689533e-08	3.31782112895e-09
2.79135092675e-08	1.20534933146e-08
2.79332495816e-08	1.99874019557e-08
2.79529898958e-08	2.62204959967e-08
2.797273021e-08	3.00747693416e-08
2.79924705242e-08	3.1204599793e-08
2.80122108384e-08	2.9638083987e-08
2.80319511526e-08	2.57438372842e-08
2.80516914667e-08	2.01319494408e-08
2.80714317809e-08	1.35190916239e-08
2.80911720951e-08	6.59126575542e-09
2.81109124093e-08	-1.00628630428e-10
2.81306527235e-08	-6.18895823479e-09
2.81503930377e-08	-1.14779634686e-08
2.81701333518e-08	-1.58822803797e-08
2.8189873666e-08	-1.93443518981e-08
2.82096139802e-08	-2.17616751286e-08
2.82293542944e-08	-2.29509549143e-08
2.82490946086e-08	-2.26658478653e-08
2.82688349228e-08	-2.06620800469e-08
2.8288575237e-08	-1.67945870544e-08
2.83083155511e-08	-1.11135252112e-08
2.83280558653e-08	-3.92941590377e-09
2.83477961795e-08	4.17752232806e-09
2.83675364937e-08	1.24138397339e-08
2.83872768079e-08	1.98855154565e-08
2.84070171221e-08	2.57451233665e-08
2.84267574362e-08	2.93368938031e-08
2.84464977504e-08	3.03078380171e-08
2.84662380646e-08	2.86580554842e-08
2.84859783788e-08	2.47200944159e-08
2.8505718693e-08	1.90751325846e-08
2.85254590072e-08	1.24288490611e-08
2.85451993213e-08	5.47923661998e-09
2.85649396355e-08	-1.19123622078e-09
2.85846799497e-08	-7.17545622919e-09
2.86044202639e-08	-1.2244532499e-08
2.86241605781e-08	-1.63014703958e-08
2.86439008923e-08	-1.93072562382e-08
2.86636412064e-08	-2.12086241902e-08
2.86833815206e-08	-2.18945341857e-08
2.87031218348e-08	-2.11972430719e-08
2.8722862149e-08	-1.89409821161e-08
2.87426024632e-08	-1.50224241935e-08
2.87623427774e-08	-9.49779721537e-09
2.87820830916e-08	-2.64724753229e-09
2.88018234057e-08	5.00855890095e-09
2.88215637199e-08	1.27498998026e-08
2.88413040341e-08	1.97552054715e-08
2.88610443483e-08	2.52313512306e-08
2.88807846625e-08	2.85504579978e-08
2.89005249767e-08	2.93586293054e-08
2.89202652908e-08	2.76328364635e-08
2.8940005605e-08	2.36720332225e-08
2.89597459192e-08	1.80268120431e-08
2.89794862334e-08	1.13868452445e-08
2.89992265476e-08	4.45422099205e-09
2.90189668618e-08	-2.16618123439e-09
2.90387071759e-08	-8.03485811218e-09
2.90584474901e-08	-1.2893453416e-08
2.90781878043e-08	-1.66316347361e-08
2.90979281185e-08	-1.92225169116e-08
2.91176684327e-08	-2.06534593872e-08
2.91374087469e-08	-2.08758645925e-08
2.9157149061e-08	-1.9794235584e-08
2.91768893752e-08	-1.72979373048e-08
2.91966296894e-08	-1.33263062807e-08
2.92163700036e-08	-7.94602694754e-09
2.92361103178e-08	-1.41242428864e-09
2.9255850632e-08	5.80678882756e-09
2.92755909462e-08	1.30616673033e-08
2.92953312603e-08	1.96007956532e-08
2.93150715745e-08	2.46873526066e-08
2.93348118887e-08	2.77257861114e-08
2.93545522029e-08	2.83672285661e-08
2.93742925171e-08	2.65708521852e-08
2.93940328313e-08	2.26044978291e-08
2.94137731454e-08	1.69875278289e-08
2.94335134596e-08	1.03892023873e-08
2.94532537738e-08	3.50856588227e-09
2.9472994088e-08	-3.03488212339e-09
2.94927344022e-08	-8.77604655614e-09
2.95124747164e-08	-1.3430751622e-08
2.95322150305e-08	-1.68747948948e-08
2.95519553447e-08	-1.9088869152e-08
2.95716956589e-08	-2.00927203764e-08
2.95914359731e-08	-1.9891695402e-08
2.96111762873e-08	-1.84552177984e-08
2.96309166015e-08	-1.57336987883e-08
2.96506569157e-08	-1.1709304637e-08
2.96703972298e-08	-6.46235953639e-09
2.9690137544e-08	-2.29335203605e-10
2.97098778582e-08	6.56943432986e-09
2.97296181724e-08	1.3348987693e-08
2.97493584866e-08	1.94255616037e-08
2.97690988008e-08	2.41197923856e-08
2.97888391149e-08	2.68719002605e-08
2.98085794291e-08	2.73433435893e-08
2.98283197433e-08	2.54804266575e-08
2.98480600575e-08	2.15227746736e-08
2.98678003717e-08	1.59584239157e-08
2.98875406859e-08	9.43250721974e-09
2.9907281e-08	2.63517718757e-09
2.99270213142e-08	-3.8063596719e-09
2.99467616284e-08	-9.40777056258e-09
2.99665019426e-08	-1.38628122315e-08
2.99862422568e-08	-1.70338534389e-08
3.0005982571e-08	-1.89056095223e-08
3.00257228851e-08	-1.95235934086e-08
3.00454631993e-08	-1.89389552929e-08
3.00652035135e-08	-1.71781486813e-08
3.00849438277e-08	-1.42482203813e-08
3.01046841419e-08	-1.01732089419e-08
3.01244244561e-08	-5.05007236029e-09
3.01441647703e-08	8.98450092102e-10
3.01639050844e-08	7.29372384711e-09
3.01836453986e-08	1.36107836113e-08
3.02033857128e-08	1.92317521908e-08
3.0223126027e-08	2.35343016186e-08
3.02428663412e-08	2.599723814e-08
3.02626066554e-08	2.62963943953e-08
3.02823469695e-08	2.43694504576e-08
3.03020872837e-08	2.04317611718e-08
3.03218275979e-08	1.49403067695e-08
3.03415679121e-08	8.51379233779e-09
3.03613082263e-08	1.8281094416e-09
3.03810485405e-08	-4.48852421897e-09
