% time-domain voltage integration by openEMS v0.0.36 @Thu Feb  5 18:55:41 2026
% start-coordinates: (-0.037587,-0.02,0.0015) m -> [28,25,9]
% stop-coordinates: (-0.037587,-0.02,0) m -> [28,25,7]
% t/s	voltage
0	0
1.9740314184e-11	0
3.94806283681e-11	0
5.92209425521e-11	0
7.89612567362e-11	-2.15207579729e-32
9.87015709202e-11	-5.8593206414e-21
1.18441885104e-10	-1.35452447903e-14
1.38182199288e-10	-6.08652919731e-11
1.57922513472e-10	-1.73401709658e-09
1.77662827656e-10	3.54957396809e-10
1.9740314184e-10	2.5936814918e-09
2.17143456024e-10	2.51439236099e-09
2.36883770208e-10	9.93252058379e-09
2.56624084393e-10	1.70520717546e-08
2.76364398577e-10	2.44305047303e-08
2.96104712761e-10	2.89772863482e-08
3.15845026945e-10	1.53586947604e-08
3.35585341129e-10	-2.09162198672e-08
3.55325655313e-10	-9.38959914265e-08
3.75065969497e-10	-1.97746551578e-07
3.94806283681e-10	-3.08081951061e-07
4.14546597865e-10	-3.74140881831e-07
4.34286912049e-10	-3.30155558004e-07
4.54027226233e-10	-1.0901009162e-07
4.73767540417e-10	3.1116047694e-07
4.93507854601e-10	9.22611349097e-07
5.13248168785e-10	1.66621953213e-06
5.32988482969e-10	2.42911187343e-06
5.52728797153e-10	3.14211592922e-06
5.72469111337e-10	3.80832670999e-06
5.92209425521e-10	4.3559975893e-06
6.11949739705e-10	4.4883956889e-06
6.31690053889e-10	3.34923606715e-06
6.51430368073e-10	-7.63715036101e-07
6.71170682257e-10	-1.03400479929e-05
6.90910996441e-10	-2.80638932963e-05
7.10651310625e-10	-5.55001988687e-05
7.3039162481e-10	-9.13066724024e-05
7.50131938994e-10	-0.000129593056045
7.69872253178e-10	-0.000159416355018
7.89612567362e-10	-0.00016633188352
8.09352881546e-10	-0.000136301561724
8.2909319573e-10	-6.12261774222e-05
8.48833509914e-10	5.58200772502e-05
8.68573824098e-10	0.000198101806745
8.88314138282e-10	0.000337374498486
9.08054452466e-10	0.000440938092652
9.2779476665e-10	0.000481598923216
9.47535080834e-10	0.000446901045507
9.67275395018e-10	0.000343883846654
9.87015709202e-10	0.000197185494471
1.00675602339e-09	4.1092704123e-05
1.02649633757e-09	-9.13195544854e-05
1.04623665175e-09	-0.000177760128281
1.06597696594e-09	-0.00021157291485
1.08571728012e-09	-0.000200714363018
1.10545759431e-09	-0.000162276708579
1.12519790849e-09	-0.000115364411613
1.14493822267e-09	-7.52554333303e-05
1.16467853686e-09	-5.05018560943e-05
1.18441885104e-09	-4.28607927461e-05
1.20415916523e-09	-4.89517788083e-05
1.22389947941e-09	-6.23516316409e-05
1.24363979359e-09	-7.51035768189e-05
1.26338010778e-09	-7.87606622907e-05
1.28312042196e-09	-6.54862269585e-05
1.30286073615e-09	-2.97585283988e-05
1.32260105033e-09	2.95345216728e-05
1.34234136451e-09	0.000107122068584
1.3620816787e-09	0.000190899758309
1.38182199288e-09	0.000263640584308
1.40156230707e-09	0.000307187088765
1.42130262125e-09	0.000307864160277
1.44104293543e-09	0.000261435096036
1.46078324962e-09	0.000175414839759
1.4805235638e-09	6.766329534e-05
1.50026387799e-09	-3.86034789699e-05
1.52000419217e-09	-0.000121561421111
1.53974450636e-09	-0.000166873192939
1.55948482054e-09	-0.000170988801983
1.57922513472e-09	-0.000140622949402
1.59896544891e-09	-8.91472191142e-05
1.61870576309e-09	-3.1598701753e-05
1.63844607728e-09	1.96395867533e-05
1.65818639146e-09	5.71625241719e-05
1.67792670564e-09	7.85169431765e-05
1.69766701983e-09	8.45529102662e-05
1.71740733401e-09	7.72827806941e-05
1.7371476482e-09	5.83775945415e-05
1.75688796238e-09	2.88565870505e-05
1.77662827656e-09	-1.00679653769e-05
1.79636859075e-09	-5.55497172172e-05
1.81610890493e-09	-0.000102006684756
1.83584921912e-09	-0.000141172567965
1.8555895333e-09	-0.000163719887496
1.87532984748e-09	-0.000162106065545
1.89507016167e-09	-0.000133654699312
1.91481047585e-09	-8.25133356557e-05
1.93455079004e-09	-1.93540126929e-05
1.95429110422e-09	4.13868801843e-05
1.9740314184e-09	8.59001775098e-05
1.99377173259e-09	0.000105368220829
2.01351204677e-09	9.85529222817e-05
2.03325236096e-09	7.1608734288e-05
2.05299267514e-09	3.53137966158e-05
2.07273298932e-09	1.00152954019e-06
2.09247330351e-09	-2.31130479733e-05
2.11221361769e-09	-3.38446334354e-05
2.13195393188e-09	-3.27921388816e-05
2.15169424606e-09	-2.44519196713e-05
2.17143456024e-09	-1.38335844895e-05
2.19117487443e-09	-4.61415856989e-06
2.21091518861e-09	1.6673124037e-06
2.2306555028e-09	5.43860687685e-06
2.25039581698e-09	8.33135118228e-06
2.27013613116e-09	1.22687688417e-05
2.28987644535e-09	1.86936013051e-05
2.30961675953e-09	2.79399346255e-05
2.32935707372e-09	3.88782700611e-05
2.3490973879e-09	4.89091853524e-05
2.36883770208e-09	5.45286220586e-05
2.38857801627e-09	5.24284059793e-05
2.40831833045e-09	4.09267559007e-05
2.42805864464e-09	2.10914440686e-05
2.44779895882e-09	-3.01476529785e-06
2.46753927301e-09	-2.53320376942e-05
2.48727958719e-09	-3.97828735004e-05
2.50701990137e-09	-4.24811205448e-05
2.52676021556e-09	-3.32120416715e-05
2.54650052974e-09	-1.54823351295e-05
2.56624084393e-09	4.87451779918e-06
2.58598115811e-09	2.19211660806e-05
2.60572147229e-09	3.16302994179e-05
2.62546178648e-09	3.28790447384e-05
2.64520210066e-09	2.71120497928e-05
2.66494241485e-09	1.70818721017e-05
2.68468272903e-09	5.43307874068e-06
2.70442304321e-09	-6.14614714323e-06
2.7241633574e-09	-1.6938398403e-05
2.74390367158e-09	-2.66056340479e-05
2.76364398577e-09	-3.45236967405e-05
2.78338429995e-09	-3.9538830606e-05
2.80312461413e-09	-4.02899895562e-05
2.82286492832e-09	-3.58936031262e-05
2.8426052425e-09	-2.65559938271e-05
2.86234555669e-09	-1.37686438393e-05
2.88208587087e-09	3.14150838676e-08
2.90182618505e-09	1.2176979908e-05
2.92156649924e-09	2.05355236176e-05
2.94130681342e-09	2.40341032622e-05
2.96104712761e-09	2.28009284911e-05
2.98078744179e-09	1.79558792297e-05
3.00052775597e-09	1.11868175736e-05
3.02026807016e-09	4.28972725786e-06
3.04000838434e-09	-1.23262066154e-06
3.05974869853e-09	-4.47183924734e-06
3.07948901271e-09	-5.29135627403e-06
3.09922932689e-09	-4.34625371781e-06
3.11896964108e-09	-2.8973802273e-06
3.13870995526e-09	-2.40431404563e-06
3.15845026945e-09	-3.95734332415e-06
3.17819058363e-09	-7.73608462623e-06
3.19793089781e-09	-1.27367325149e-05
3.217671212e-09	-1.69600771187e-05
3.23741152618e-09	-1.80742490556e-05
3.25715184037e-09	-1.43463171298e-05
3.27689215455e-09	-5.49895776203e-06
3.29663246873e-09	6.90193519404e-06
3.31637278292e-09	1.97456411115e-05
3.3361130971e-09	2.93186667477e-05
3.35585341129e-09	3.25772434735e-05
3.37559372547e-09	2.82881874227e-05
3.39533403966e-09	1.75762897925e-05
3.41507435384e-09	3.63978620044e-06
3.43481466802e-09	-9.30204805627e-06
3.45455498221e-09	-1.74492815859e-05
3.47429529639e-09	-1.87102014024e-05
3.49403561058e-09	-1.33529415507e-05
3.51377592476e-09	-3.78621166419e-06
3.53351623894e-09	6.40783764538e-06
3.55325655313e-09	1.37703768814e-05
3.57299686731e-09	1.60866693477e-05
3.5927371815e-09	1.2941884961e-05
3.61247749568e-09	5.60183389098e-06
3.63221780986e-09	-3.6137320194e-06
3.65195812405e-09	-1.21422895063e-05
3.67169843823e-09	-1.78790842256e-05
3.69143875242e-09	-1.96063238036e-05
3.7111790666e-09	-1.71359160959e-05
3.73091938078e-09	-1.12398520287e-05
3.75065969497e-09	-3.43973556483e-06
3.77040000915e-09	4.3260347411e-06
3.79014032334e-09	1.01512946458e-05
3.80988063752e-09	1.26773275042e-05
3.8296209517e-09	1.15329357868e-05
3.84936126589e-09	7.5172281413e-06
3.86910158007e-09	2.38153495502e-06
3.88884189426e-09	-1.78318049393e-06
3.90858220844e-09	-3.34758351528e-06
3.92832252262e-09	-1.8038101075e-06
3.94806283681e-09	2.02266187443e-06
3.96780315099e-09	6.32344517726e-06
3.98754346518e-09	9.07437652131e-06
4.00728377936e-09	8.86665384314e-06
4.02702409354e-09	5.42858060726e-06
4.04676440773e-09	-3.72481252953e-07
4.06650472191e-09	-6.98740154803e-06
4.0862450361e-09	-1.28266342472e-05
4.10598535028e-09	-1.67602238434e-05
4.12572566446e-09	-1.8277352865e-05
4.14546597865e-09	-1.73408916453e-05
4.16520629283e-09	-1.41385494317e-05
4.18494660702e-09	-8.94990262168e-06
4.2046869212e-09	-2.21954519475e-06
4.22442723538e-09	5.26105441168e-06
4.24416754957e-09	1.22686401482e-05
4.26390786375e-09	1.73326452568e-05
4.28364817794e-09	1.91855260709e-05
4.30338849212e-09	1.72904419742e-05
4.3231288063e-09	1.21718808259e-05
4.34286912049e-09	5.34113610229e-06
4.36260943467e-09	-1.19723813441e-06
4.38234974886e-09	-5.65874074709e-06
4.40209006304e-09	-7.10264885129e-06
4.42183037723e-09	-5.69978669773e-06
4.44157069141e-09	-2.56023849943e-06
4.46131100559e-09	7.65065067299e-07
4.48105131978e-09	2.8709102935e-06
4.50079163396e-09	2.9309612728e-06
4.52053194815e-09	8.57720920067e-07
4.54027226233e-09	-2.79087066701e-06
4.56001257651e-09	-7.04312947164e-06
4.5797528907e-09	-1.07675855361e-05
4.59949320488e-09	-1.28939641399e-05
4.61923351907e-09	-1.26090994854e-05
4.63897383325e-09	-9.55567657002e-06
4.65871414743e-09	-4.01330862587e-06
4.67845446162e-09	3.02349678805e-06
4.6981947758e-09	9.97360530164e-06
4.71793508999e-09	1.50494861373e-05
4.73767540417e-09	1.68152519109e-05
4.75741571835e-09	1.47280334204e-05
4.77715603254e-09	9.42296492212e-06
4.79689634672e-09	2.58016166299e-06
4.81663666091e-09	-3.61971069651e-06
4.83637697509e-09	-7.26449684407e-06
4.85611728927e-09	-7.40159543966e-06
4.87585760346e-09	-4.37268045062e-06
4.89559791764e-09	3.42535926734e-07
4.91533823183e-09	4.70212285109e-06
4.93507854601e-09	6.86030011821e-06
4.95481886019e-09	5.81247513765e-06
4.97455917438e-09	1.69696465946e-06
4.99429948856e-09	-4.32099909631e-06
5.01403980275e-09	-1.04928740257e-05
5.03378011693e-09	-1.50611826939e-05
5.05352043111e-09	-1.67589641933e-05
5.0732607453e-09	-1.50953042066e-05
5.09300105948e-09	-1.03964252958e-05
5.11274137367e-09	-3.6524565985e-06
5.13248168785e-09	3.74505282252e-06
5.15222200203e-09	1.03025481621e-05
5.17196231622e-09	1.47228811329e-05
5.1917026304e-09	1.61737998496e-05
5.21144294459e-09	1.44916721183e-05
5.23118325877e-09	1.02597532532e-05
5.25092357295e-09	4.70032068733e-06
5.27066388714e-09	-6.3952879259e-07
5.29040420132e-09	-4.34427056462e-06
5.31014451551e-09	-5.58600959266e-06
5.32988482969e-09	-4.40854023509e-06
5.34962514388e-09	-1.70594552173e-06
5.36936545806e-09	1.11335407382e-06
5.38910577224e-09	2.65949927325e-06
5.40884608643e-09	2.07786570172e-06
5.42858640061e-09	-6.49978346701e-07
5.4483267148e-09	-4.73438149129e-06
5.46806702898e-09	-8.8968995442e-06
5.48780734316e-09	-1.18339826258e-05
5.50754765735e-09	-1.26296163216e-05
5.52728797153e-09	-1.09785296445e-05
5.54702828572e-09	-7.18201999916e-06
5.5667685999e-09	-1.9798771973e-06
5.58650891408e-09	3.6723034782e-06
5.60624922827e-09	8.79223125594e-06
5.62598954245e-09	1.25046699395e-05
5.64572985664e-09	1.41499408528e-05
5.66547017082e-09	1.34034362418e-05
5.685210485e-09	1.03998845589e-05
5.70495079919e-09	5.79828406444e-06
5.72469111337e-09	7.0430849064e-07
5.74443142756e-09	-3.59226771707e-06
5.76417174174e-09	-6.01356805419e-06
5.78391205592e-09	-6.08093523624e-06
5.80365237011e-09	-4.11962423641e-06
5.82339268429e-09	-1.168833478e-06
5.84313299848e-09	1.39383632813e-06
5.86287331266e-09	2.37005212966e-06
5.88261362684e-09	1.18870775623e-06
5.90235394103e-09	-1.89472450529e-06
5.92209425521e-09	-5.91422553953e-06
5.9418345694e-09	-9.55773566602e-06
5.96157488358e-09	-1.16170358524e-05
5.98131519776e-09	-1.13504338515e-05
6.00105551195e-09	-8.65186120791e-06
6.02079582613e-09	-4.01629381486e-06
6.04053614032e-09	1.63726923574e-06
6.0602764545e-09	7.19592344467e-06
6.08001676868e-09	1.15762168207e-05
6.09975708287e-09	1.39200483318e-05
6.11949739705e-09	1.37624138006e-05
6.13923771124e-09	1.11588437903e-05
6.15897802542e-09	6.73006547913e-06
6.1787183396e-09	1.56787604055e-06
6.19845865379e-09	-3.02255864426e-06
6.21819896797e-09	-5.90158083469e-06
6.23793928216e-09	-6.47488195682e-06
6.25767959634e-09	-4.92145204589e-06
6.27741991052e-09	-2.15298393869e-06
6.29716022471e-09	5.04301937099e-07
6.31690053889e-09	1.8003910327e-06
6.33664085308e-09	1.03167900534e-06
6.35638116726e-09	-1.69555460161e-06
6.37612148145e-09	-5.51044513486e-06
6.39586179563e-09	-9.10166909307e-06
6.41560210981e-09	-1.11827894216e-05
6.435342424e-09	-1.09172142402e-05
6.45508273818e-09	-8.15632029116e-06
6.47482305237e-09	-3.43705607975e-06
6.49456336655e-09	2.22024334562e-06
6.51430368073e-09	7.61404544392e-06
6.53404399492e-09	1.16588207675e-05
6.5537843091e-09	1.36066159939e-05
6.57352462329e-09	1.31705537569e-05
6.59326493747e-09	1.05552558125e-05
6.61300525165e-09	6.40659095552e-06
6.63274556584e-09	1.68276534396e-06
6.65248588002e-09	-2.55073541666e-06
6.67222619421e-09	-5.37993173566e-06
6.69196650839e-09	-6.29736405244e-06
6.71170682257e-09	-5.36917355021e-06
6.73144713676e-09	-3.23577023664e-06
6.75118745094e-09	-9.15758761266e-07
6.77092776513e-09	5.38625840818e-07
6.79066807931e-09	4.18830381932e-07
6.81040839349e-09	-1.37429805136e-06
6.83014870768e-09	-4.28286443821e-06
6.84988902186e-09	-7.28448958398e-06
6.86962933605e-09	-9.25174072108e-06
6.88936965023e-09	-9.33857745622e-06
6.90910996441e-09	-7.2530685884e-06
6.9288502786e-09	-3.32991510277e-06
6.94859059278e-09	1.60030475627e-06
6.96833090697e-09	6.47325032332e-06
6.98807122115e-09	1.0281239156e-05
7.00781153533e-09	1.23037157209e-05
7.02755184952e-09	1.22320966511e-05
7.0472921637e-09	1.01913587969e-05
7.06703247789e-09	6.68258394398e-06
7.08677279207e-09	2.47285345267e-06
7.10651310625e-09	-1.55575668259e-06
7.12625342044e-09	-4.58903741674e-06
7.14599373462e-09	-6.07485367254e-06
7.16573404881e-09	-5.88295279158e-06
7.18547436299e-09	-4.36806226389e-06
7.20521467717e-09	-2.28759495258e-06
7.22495499136e-09	-5.7086549532e-07
7.24469530554e-09	-1.73583325491e-09
7.26443561973e-09	-9.25702124732e-07
7.28417593391e-09	-3.09960046252e-06
7.3039162481e-09	-5.7530369304e-06
7.32365656228e-09	-7.85010070103e-06
7.34339687646e-09	-8.45323029353e-06
7.36313719065e-09	-7.05252705302e-06
7.38287750483e-09	-3.74029912109e-06
7.40261781902e-09	8.23456758781e-07
7.4223581332e-09	5.62561490369e-06
7.44209844738e-09	9.60183797361e-06
7.46183876157e-09	1.19187625387e-05
7.48157907575e-09	1.21575089906e-05
7.50131938994e-09	1.03699562715e-05
7.52105970412e-09	7.02289912624e-06
7.5408000183e-09	2.86882016098e-06
7.56054033249e-09	-1.22172832562e-06
7.58028064667e-09	-4.44156535195e-06
7.60002096086e-09	-6.22224433755e-06
7.61976127504e-09	-6.37363450551e-06
7.63950158922e-09	-5.14704720445e-06
7.65924190341e-09	-3.1819497508e-06
7.67898221759e-09	-1.32539253173e-06
7.69872253178e-09	-3.60483596751e-07
7.71846284596e-09	-7.2817971386e-07
7.73820316014e-09	-2.34878086758e-06
7.75794347433e-09	-4.62231469101e-06
7.77768378851e-09	-6.6227141815e-06
7.7974241027e-09	-7.42182896829e-06
7.81716441688e-09	-6.42348595647e-06
7.83690473106e-09	-3.58193267402e-06
7.85664504525e-09	5.73797507286e-07
7.87638535943e-09	5.1090830766e-06
7.89612567362e-09	8.97408790479e-06
7.9158659878e-09	1.13056535156e-05
7.93560630198e-09	1.1643705875e-05
7.95534661617e-09	1.00099041447e-05
7.97508693035e-09	6.85303712089e-06
7.99482724454e-09	2.90299715289e-06
8.01456755872e-09	-1.01316078371e-06
8.0343078729e-09	-4.15087379224e-06
8.05404818709e-09	-5.99711279392e-06
8.07378850127e-09	-6.37171729068e-06
8.09352881546e-09	-5.46440810467e-06
8.11326912964e-09	-3.78930133138e-06
8.13300944382e-09	-2.04919717817e-06
8.15274975801e-09	-9.29572934183e-07
8.17249007219e-09	-8.75156842994e-07
8.19223038638e-09	-1.92360818119e-06
8.21197070056e-09	-3.66657184259e-06
8.23171101475e-09	-5.36796369488e-06
8.25145132893e-09	-6.2099097704e-06
8.27119164311e-09	-5.58274268769e-06
8.2909319573e-09	-3.31315948188e-06
8.31067227148e-09	2.55323712395e-07
8.33041258567e-09	4.35778952124e-06
8.35015289985e-09	8.04050068837e-06
8.36989321403e-09	1.04441364783e-05
8.38963352822e-09	1.10395376396e-05
8.4093738424e-09	9.74696149569e-06
8.42911415659e-09	6.91888976689e-06
8.44885447077e-09	3.21386517044e-06
8.46859478495e-09	-5.85503272532e-07
8.48833509914e-09	-3.75669253572e-06
8.50807541332e-09	-5.78472963753e-06
8.52781572751e-09	-6.45470731797e-06
8.54755604169e-09	-5.88016564507e-06
8.56729635587e-09	-4.46563103651e-06
8.58703667006e-09	-2.80117069451e-06
8.60677698424e-09	-1.50267260324e-06
8.62651729843e-09	-1.02851510064e-06
8.64625761261e-09	-1.52512632212e-06
8.66599792679e-09	-2.75793775018e-06
8.68573824098e-09	-4.16584794038e-06
8.70547855516e-09	-5.03723867951e-06
8.72521886935e-09	-4.75534352518e-06
8.74495918353e-09	-3.02898354221e-06
8.76469949771e-09	-2.18351488002e-08
8.7844398119e-09	3.67068469131e-06
8.80418012608e-09	7.19242916603e-06
8.82392044027e-09	9.68378299149e-06
8.84366075445e-09	1.05348590296e-05
8.86340106863e-09	9.55054474616e-06
8.88314138282e-09	6.98224653206e-06
8.902881697e-09	3.43093620359e-06
8.92262201119e-09	-3.32689268134e-07
8.94236232537e-09	-3.5684698787e-06
8.96210263955e-09	-5.73310308027e-06
8.98184295374e-09	-6.58067142467e-06
9.00158326792e-09	-6.18772651251e-06
9.02132358211e-09	-4.90926345265e-06
9.04106389629e-09	-3.27787904553e-06
9.06080421047e-09	-1.8627520717e-06
9.08054452466e-09	-1.11408257908e-06
9.10028483884e-09	-1.22795444213e-06
9.12002515303e-09	-2.07297580346e-06
9.13976546721e-09	-3.21400921166e-06
9.15950578139e-09	-4.03965054829e-06
9.17924609558e-09	-3.96471637032e-06
9.19898640976e-09	-2.64369930392e-06
9.21872672395e-09	-1.19059315296e-07
9.23846703813e-09	3.15622162361e-06
9.25820735232e-09	6.43607518214e-06
9.2779476665e-09	8.90281717147e-06
9.29768798068e-09	9.91435035758e-06
9.31742829487e-09	9.19352578421e-06
9.33716860905e-09	6.89769422024e-06
9.35690892324e-09	3.55485428827e-06
9.37664923742e-09	-1.00663612557e-07
9.3963895516e-09	-3.33181026235e-06
9.41612986579e-09	-5.57839007342e-06
9.43587017997e-09	-6.56796578369e-06
9.45561049416e-09	-6.34383877696e-06
9.47535080834e-09	-5.21791571373e-06
9.49509112252e-09	-3.67037966953e-06
9.51483143671e-09	-2.22017467877e-06
9.53457175089e-09	-1.29100203594e-06
9.55431206508e-09	-1.09789999669e-06
9.57405237926e-09	-1.58215937063e-06
9.59379269344e-09	-2.41893394559e-06
9.61353300763e-09	-3.10764698952e-06
9.63327332181e-09	-3.12948759529e-06
9.653013636e-09	-2.12950999412e-06
9.67275395018e-09	-6.24710025932e-08
9.69249426436e-09	2.75444779163e-06
9.71223457855e-09	5.70936640543e-06
9.73197489273e-09	8.0677027654e-06
9.75171520692e-09	9.19349349715e-06
9.7714555211e-09	8.74372426551e-06
9.79119583528e-09	6.76977651892e-06
9.81093614947e-09	3.6959895624e-06
9.83067646365e-09	1.88748003893e-07
9.85041677784e-09	-3.03354102016e-06
9.87015709202e-09	-5.38662902727e-06
9.8898974062e-09	-6.54950576973e-06
9.90963772039e-09	-6.50989295536e-06
9.92937803457e-09	-5.52802111997e-06
9.94911834876e-09	-4.04125148634e-06
9.96885866294e-09	-2.53863697708e-06
9.98859897712e-09	-1.43477097936e-06
1.00083392913e-08	-9.66619126075e-07
1.00280796055e-08	-1.13411027769e-06
1.00478199197e-08	-1.69973748143e-06
1.00675602339e-08	-2.25474730087e-06
1.0087300548e-08	-2.34313563396e-06
1.01070408622e-08	-1.61408684107e-06
1.01267811764e-08	4.19508907612e-08
1.01465214906e-08	2.42307385179e-06
1.01662618048e-08	5.0434714467e-06
1.0186002119e-08	7.25997642803e-06
1.02057424331e-08	8.46052762427e-06
1.02254827473e-08	8.25337338028e-06
1.02452230615e-08	6.59235638523e-06
1.02649633757e-08	3.79517064175e-06
1.02847036899e-08	4.51016887837e-07
1.03044440041e-08	-2.74810633982e-06
1.03241843183e-08	-5.19514833286e-06
1.03439246324e-08	-6.51576328892e-06
1.03636649466e-08	-6.6375341703e-06
1.03834052608e-08	-5.77163382331e-06
1.0403145575e-08	-4.32410615758e-06
1.04228858892e-08	-2.76999332982e-06
1.04426262034e-08	-1.52521283781e-06
1.04623665175e-08	-8.45104466407e-07
1.04821068317e-08	-7.68248753502e-07
1.05018471459e-08	-1.11557818627e-06
1.05215874601e-08	-1.54576548539e-06
1.05413277743e-08	-1.65814077491e-06
1.05610680885e-08	-1.12092925519e-06
1.05808084026e-08	2.08239740118e-07
1.06005487168e-08	2.2087109528e-06
1.0620289031e-08	4.49989875051e-06
1.06400293452e-08	6.53095503367e-06
1.06597696594e-08	7.73536703491e-06
1.06795099736e-08	7.70435781305e-06
1.06992502878e-08	6.32043429505e-06
1.07189906019e-08	3.80505207431e-06
1.07387309161e-08	6.62483216729e-07
1.07584712303e-08	-2.46139654791e-06
1.07782115445e-08	-4.95739391226e-06
1.07979518587e-08	-6.41033784632e-06
1.08176921729e-08	-6.68943130222e-06
1.0837432487e-08	-5.95065171183e-06
1.08571728012e-08	-4.56171687802e-06
1.08769131154e-08	-2.98001396004e-06
1.08966534296e-08	-1.62267173209e-06
1.09163937438e-08	-7.62867045978e-07
1.0936134058e-08	-4.7267866421e-07
1.09558743721e-08	-6.20984422994e-07
1.09756146863e-08	-9.22728531805e-07
1.09953550005e-08	-1.02763436871e-06
1.10150953147e-08	-6.29829912668e-07
1.10348356289e-08	4.2786830079e-07
1.10545759431e-08	2.08372796351e-06
1.10743162572e-08	4.04673096455e-06
1.10940565714e-08	5.85736938774e-06
1.11137968856e-08	7.0099029017e-06
1.11335371998e-08	7.10255994818e-06
1.1153277514e-08	5.96849599788e-06
1.11730178282e-08	3.74262663172e-06
1.11927581424e-08	8.37555575117e-07
1.12124984565e-08	-2.16493890548e-06
1.12322387707e-08	-4.67325844511e-06
1.12519790849e-08	-6.24330550636e-06
1.12717193991e-08	-6.6855161549e-06
1.12914597133e-08	-6.09125618212e-06
1.13112000275e-08	-4.77850903735e-06
1.13309403416e-08	-3.18094271279e-06
1.13506806558e-08	-1.7188746142e-06
1.137042097e-08	-6.8958945576e-07
1.13901612842e-08	-2.032930837e-07
1.14099015984e-08	-1.74268883768e-07
1.14296419126e-08	-3.63897797229e-07
1.14493822267e-08	-4.60917362943e-07
1.14691225409e-08	-1.79562206881e-07
1.14888628551e-08	6.46891294309e-07
1.15086031693e-08	2.00064005185e-06
1.15283434835e-08	3.66199196833e-06
1.15480837977e-08	5.2509001307e-06
1.15678241118e-08	6.3228721956e-06
1.1587564426e-08	6.49614275972e-06
1.16073047402e-08	5.57390740141e-06
1.16270450544e-08	3.62026719358e-06
1.16467853686e-08	9.61894073725e-07
1.16665256828e-08	-1.89000741102e-06
1.1686265997e-08	-4.3751335852e-06
1.17060063111e-08	-6.0343959376e-06
1.17257466253e-08	-6.62719162392e-06
1.17454869395e-08	-6.17996624896e-06
1.17652272537e-08	-4.95543736179e-06
1.17849675679e-08	-3.35779657235e-06
1.18047078821e-08	-1.80781637482e-06
1.18244481962e-08	-6.27818195653e-07
1.18441885104e-08	3.31722684876e-08
1.18639288246e-08	2.17846420014e-07
1.18836691388e-08	1.25476631752e-07
1.1903409453e-08	3.73819322164e-08
1.19231497672e-08	2.24482093358e-07
1.19428900813e-08	8.59800366015e-07
1.19626303955e-08	1.9568605012e-06
1.19823707097e-08	3.34991568707e-06
1.20021110239e-08	4.72392434858e-06
1.20218513381e-08	5.69165217712e-06
1.20415916523e-08	5.90077183915e-06
1.20613319664e-08	5.14301791554e-06
1.20810722806e-08	3.43149190485e-06
1.21008125948e-08	1.01868704405e-06
1.2120552909e-08	-1.65570833133e-06
1.21402932232e-08	-4.07533343605e-06
1.21600335374e-08	-5.78366302761e-06
1.21797738516e-08	-6.50348738418e-06
1.21995141657e-08	-6.2020092173e-06
1.22192544799e-08	-5.08322409587e-06
1.22389947941e-08	-3.51259814124e-06
1.22587351083e-08	-1.90216451301e-06
1.22784754225e-08	-5.93341411559e-07
1.22982157367e-08	2.27191989666e-07
1.23179560508e-08	5.58758586067e-07
1.2337696365e-08	5.61424656098e-07
1.23574366792e-08	4.88479315663e-07
1.23771769934e-08	5.98046284495e-07
1.23969173076e-08	1.0687688814e-06
1.24166576218e-08	1.9397650135e-06
1.24363979359e-08	3.0892341556e-06
1.24561382501e-08	4.25692383033e-06
1.24758785643e-08	5.10761606165e-06
1.24956188785e-08	5.32177227797e-06
1.25153591927e-08	4.69140104542e-06
1.25350995069e-08	3.19388163916e-06
1.2554839821e-08	1.0195650475e-06
1.25745801352e-08	-1.46026314951e-06
1.25943204494e-08	-3.78057256967e-06
1.26140607636e-08	-5.50144977751e-06
1.26338010778e-08	-6.32341857454e-06
1.2653541392e-08	-6.1627983996e-06
1.26732817062e-08	-5.16412251272e-06
1.26930220203e-08	-3.64633137906e-06
1.27127623345e-08	-2.00235331249e-06
1.27325026487e-08	-5.85345247828e-07
1.27522429629e-08	3.83055251518e-07
1.27719832771e-08	8.57035388435e-07
1.27917235913e-08	9.54898439431e-07
1.28114639054e-08	9.01097592987e-07
1.28312042196e-08	9.42511974245e-07
1.28509445338e-08	1.26516272303e-06
1.2870684848e-08	1.93274780713e-06
1.28904251622e-08	2.86191789201e-06
1.29101654764e-08	3.83869837606e-06
1.29299057905e-08	4.57237388218e-06
1.29496461047e-08	4.77405023958e-06
1.29693864189e-08	4.24153040512e-06
1.29891267331e-08	2.92806123525e-06
1.30088670473e-08	9.74576494173e-07
1.30286073615e-08	-1.30830505896e-06
1.30483476757e-08	-3.50746677213e-06
1.30680879898e-08	-5.20869298271e-06
1.3087828304e-08	-6.10334473095e-06
1.31075686182e-08	-6.06820253779e-06
1.31273089324e-08	-5.19310060554e-06
1.31470492466e-08	-3.74752619337e-06
1.31667895608e-08	-2.09712061405e-06
1.31865298749e-08	-5.97390652501e-07
1.32062701891e-08	5.01192459978e-07
1.32260105033e-08	1.10957097377e-06
1.32457508175e-08	1.30293130951e-06
1.32654911317e-08	1.27462749333e-06
1.32852314459e-08	1.25917694049e-06
1.330497176e-08	1.44982953998e-06
1.33247120742e-08	1.93399984028e-06
1.33444523884e-08	2.66341578481e-06
1.33641927026e-08	3.46438389442e-06
1.33839330168e-08	4.08418895859e-06
1.3403673331e-08	4.26124256592e-06
1.34234136451e-08	3.80170911285e-06
1.34431539593e-08	2.643459311e-06
1.34628942735e-08	8.89467060006e-07
1.34826345877e-08	-1.20076333587e-06
1.35023749019e-08	-3.26360850522e-06
1.35221152161e-08	-4.91618629894e-06
1.35418555303e-08	-5.85239286011e-06
1.35615958444e-08	-5.92178025727e-06
1.35813361586e-08	-5.16743375556e-06
1.36010764728e-08	-3.80963206226e-06
1.3620816787e-08	-2.1800462946e-06
1.36405571012e-08	-6.26742462373e-07
1.36602974154e-08	5.80109031034e-07
1.36800377295e-08	1.31285401039e-06
1.36997780437e-08	1.60332683663e-06
1.37195183579e-08	1.61059512038e-06
1.37392586721e-08	1.55299233029e-06
1.37589989863e-08	1.62804064985e-06
1.37787393005e-08	1.94522351649e-06
1.37984796146e-08	2.48969138283e-06
1.38182199288e-08	3.12542408665e-06
1.3837960243e-08	3.63427818684e-06
1.38577005572e-08	3.77933588425e-06
1.38774408714e-08	3.37563642461e-06
1.38971811856e-08	2.35037498442e-06
1.39169214997e-08	7.76616076337e-07
1.39366618139e-08	-1.12920673701e-06
1.39564021281e-08	-3.04837919884e-06
1.39761424423e-08	-4.63134665551e-06
1.39958827565e-08	-5.58238662052e-06
1.40156230707e-08	-5.73460829401e-06
1.40353633849e-08	-5.09312121721e-06
1.4055103699e-08	-3.8322294813e-06
1.40748440132e-08	-2.24608413646e-06
1.40945843274e-08	-6.66724076837e-07
1.41143246416e-08	6.25091587381e-07
1.41340649558e-08	1.46956415392e-06
1.415380527e-08	1.85688617194e-06
1.41735455841e-08	1.90935008959e-06
1.41932858983e-08	1.82447757879e-06
1.42130262125e-08	1.80013108775e-06
1.42327665267e-08	1.96521511953e-06
1.42525068409e-08	2.33704838593e-06
1.42722471551e-08	2.81615291442e-06
1.42919874692e-08	3.21731511121e-06
1.43117277834e-08	3.32645788603e-06
1.43314680976e-08	2.96702580727e-06
1.43512084118e-08	2.05761898542e-06
1.4370948726e-08	6.46653518288e-07
1.43906890402e-08	-1.08593826553e-06
1.44104293543e-08	-2.86104716452e-06
1.44301696685e-08	-4.3613199523e-06
1.44499099827e-08	-5.30564534529e-06
1.44696502969e-08	-5.51892776457e-06
1.44893906111e-08	-4.97730184179e-06
1.45091309253e-08	-3.81487961931e-06
1.45288712395e-08	-2.28822216286e-06
1.45486115536e-08	-7.07773182285e-07
1.45683518678e-08	6.4399048938e-07
1.4588092182e-08	1.58316038323e-06
1.46078324962e-08	2.06265417546e-06
1.46275728104e-08	2.16748117055e-06
1.46473131246e-08	2.07046321066e-06
1.46670534387e-08	1.96449263967e-06
1.46867937529e-08	1.99374255772e-06
1.47065340671e-08	2.20538026952e-06
1.47262743813e-08	2.53552320828e-06
1.47460146955e-08	2.83130975731e-06
1.47657550097e-08	2.90107141154e-06
1.47854953238e-08	2.57639510437e-06
1.4805235638e-08	1.76875494162e-06
1.48249759522e-08	5.05246589455e-07
1.48447162664e-08	-1.06543859602e-06
1.48644565806e-08	-2.69914755791e-06
1.48841968948e-08	-4.10844472754e-06
1.4903937209e-08	-5.02897296428e-06
1.49236775231e-08	-5.28348164153e-06
1.49434178373e-08	-4.82709310745e-06
1.49631581515e-08	-3.76010302716e-06
1.49828984657e-08	-2.30367777476e-06
1.50026387799e-08	-7.43390756952e-07
1.50223790941e-08	6.43766639996e-07
1.50421194082e-08	1.65814162756e-06
1.50618597224e-08	2.22137191486e-06
1.50816000366e-08	2.38291329424e-06
1.51013403508e-08	2.28809710734e-06
1.5121080665e-08	2.11948292872e-06
1.51408209792e-08	2.03086972306e-06
1.51605612933e-08	2.09543122764e-06
1.51803016075e-08	2.28337421504e-06
1.52000419217e-08	2.4745271503e-06
1.52197822359e-08	2.50054597473e-06
1.52395225501e-08	2.20221522795e-06
1.52592628643e-08	1.48503846731e-06
1.52790031784e-08	3.56911300514e-07
1.52987434926e-08	-1.06170074332e-06
1.53184838068e-08	-2.55799272963e-06
1.5338224121e-08	-3.87208081065e-06
1.53579644352e-08	-4.75666320199e-06
1.53777047494e-08	-5.03618184666e-06
1.53974450636e-08	-4.65084485768e-06
1.54171853777e-08	-3.67340282992e-06
1.54369256919e-08	-2.29297586429e-06
1.54566660061e-08	-7.69254086208e-07
1.54764063203e-08	6.3153598262e-07
1.54961466345e-08	1.70138395106e-06
1.55158869487e-08	2.33726609622e-06
1.55356272628e-08	2.55625582213e-06
1.5555367577e-08	2.47513537488e-06
1.55751078912e-08	2.26168356221e-06
1.55948482054e-08	2.07372579553e-06
1.56145885196e-08	2.00561885322e-06
1.56343288338e-08	2.05915273455e-06
1.56540691479e-08	2.14670910736e-06
1.56738094621e-08	2.12446968817e-06
1.56935497763e-08	1.84431178241e-06
1.57132900905e-08	1.20747120036e-06
1.57330304047e-08	2.04431003681e-07
1.57527707189e-08	-1.07058860976e-06
1.5772511033e-08	-2.43374552156e-06
1.57922513472e-08	-3.65087782939e-06
1.58119916614e-08	-4.49135404779e-06
1.58317319756e-08	-4.78330412079e-06
1.58514722898e-08	-4.45635691904e-06
1.5871212604e-08	-3.56082819053e-06
1.58909529182e-08	-2.25787107411e-06
1.59106932323e-08	-7.82134520705e-07
1.59304335465e-08	6.14033496049e-07
1.59501738607e-08	1.72028654788e-06
1.59699141749e-08	2.4154521725e-06
1.59896544891e-08	2.68876817699e-06
1.60093948033e-08	2.62929563632e-06
1.60291351174e-08	2.38708082634e-06
1.60488754316e-08	2.11852636767e-06
1.60686157458e-08	1.93378480162e-06
1.608835606e-08	1.86255715562e-06
1.61080963742e-08	1.84860908803e-06
1.61278366884e-08	1.77383742539e-06
1.61475770025e-08	1.50337734794e-06
1.61673173167e-08	9.36722983624e-07
1.61870576309e-08	4.89822298277e-08
1.62067979451e-08	-1.09007231686e-06
1.62265382593e-08	-2.32410400258e-06
1.62462785735e-08	-3.44346142356e-06
1.62660188876e-08	-4.23391725235e-06
1.62857592018e-08	-4.52847302768e-06
1.6305499516e-08	-4.24913105235e-06
1.63252398302e-08	-3.42784346685e-06
1.63449801444e-08	-2.20147057917e-06
1.63647204586e-08	-7.81247479154e-07
1.63844607728e-08	5.95759303224e-07
1.64042010869e-08	1.72118853925e-06
1.64239414011e-08	2.46157696893e-06
1.64436817153e-08	2.78335107851e-06
1.64634220295e-08	2.75008005701e-06
1.64831623437e-08	2.49254560458e-06
1.65029026579e-08	2.16141495457e-06
1.6522642972e-08	1.87708428712e-06
1.65423832862e-08	1.69254047933e-06
1.65621236004e-08	1.58070281486e-06
1.65818639146e-08	1.44968720406e-06
1.66016042288e-08	1.18035205787e-06
1.6621344543e-08	6.73436289844e-07
1.66410848571e-08	-1.08691594392e-07
1.66608251713e-08	-1.11887476351e-06
1.66805654855e-08	-2.22732671773e-06
1.67003057997e-08	-3.24838765664e-06
1.67200461139e-08	-3.98432848669e-06
1.67397864281e-08	-4.27391205449e-06
1.67595267423e-08	-4.03341482524e-06
1.67792670564e-08	-3.27940506395e-06
1.67990073706e-08	-2.12748045669e-06
1.68187476848e-08	-7.67401985513e-07
1.6838487999e-08	5.79319248573e-07
1.68582283132e-08	1.70933139998e-06
1.68779686274e-08	2.48153162374e-06
1.68977089415e-08	2.84436225684e-06
1.69174492557e-08	2.83879137442e-06
1.69371895699e-08	2.57629471889e-06
1.69569298841e-08	2.19864421069e-06
1.69766701983e-08	1.83152803857e-06
1.69964105125e-08	1.54639695893e-06
1.70161508266e-08	1.3423145333e-06
1.70358911408e-08	1.15310274396e-06
1.7055631455e-08	8.77090002405e-07
1.70753717692e-08	4.19348324954e-07
1.70951120834e-08	-2.6732159597e-07
1.71148523976e-08	-1.15616614949e-06
1.71345927117e-08	-2.14268823129e-06
1.71543330259e-08	-3.06513061332e-06
1.71740733401e-08	-3.74268745418e-06
1.71938136543e-08	-4.0209774852e-06
1.72135539685e-08	-3.81218546863e-06
1.72332942827e-08	-3.1194863368e-06
1.72530345969e-08	-2.03947672617e-06
1.7272774911e-08	-7.42218503547e-07
1.72925152252e-08	5.66192284168e-07
1.73122555394e-08	1.68896116293e-06
1.73319958536e-08	2.48084063514e-06
1.73517361678e-08	2.87649459096e-06
1.7371476482e-08	2.89759668703e-06
1.73912167961e-08	2.63737945261e-06
1.74109571103e-08	2.22690709961e-06
1.74306974245e-08	1.79309284931e-06
1.74504377387e-08	1.42105875511e-06
1.74701780529e-08	1.13225826226e-06
1.74899183671e-08	8.8474305926e-07
1.75096586812e-08	5.9540360553e-07
1.75293989954e-08	1.76543373698e-07
1.75491393096e-08	-4.25336210697e-07
1.75688796238e-08	-1.20101094581e-06
1.7588619938e-08	-2.06987215279e-06
1.76083602522e-08	-2.8937560046e-06
1.76281005663e-08	-3.50954508122e-06
1.76478408805e-08	-3.77089315862e-06
1.76675811947e-08	-3.58744534878e-06
1.76873215089e-08	-2.95075221857e-06
1.77070618231e-08	-1.94016411115e-06
1.77268021373e-08	-7.07288307922e-07
1.77465424515e-08	5.56676212682e-07
1.77662827656e-08	1.66264828749e-06
1.77860230798e-08	2.46376919222e-06
1.7805763394e-08	2.88424212158e-06
1.78255037082e-08	2.92957827241e-06
1.78452440224e-08	2.67635755336e-06
1.78649843366e-08	2.24415066441e-06
1.78847246507e-08	1.75812033376e-06
1.79044649649e-08	1.31288697958e-06
1.79242052791e-08	9.48309747173e-07
1.79439455933e-08	6.44447709419e-07
1.79636859075e-08	3.36858292371e-07
1.79834262217e-08	-5.27340056067e-08
1.80031665358e-08	-5.807119976e-07
1.802290685e-08	-1.25230695858e-06
1.80426471642e-08	-2.00865872557e-06
1.80623874784e-08	-2.73466321232e-06
1.80821277926e-08	-3.28560599883e-06
1.81018681068e-08	-3.52468055098e-06
1.81216084209e-08	-3.3606947909e-06
1.81413487351e-08	-2.77523861314e-06
1.81610890493e-08	-1.83173295909e-06
1.81808293635e-08	-6.64302092446e-07
1.82005696777e-08	5.5054601944e-07
1.82203099919e-08	1.63210376058e-06
1.82400503061e-08	2.43371778197e-06
1.82597906202e-08	2.87169291369e-06
1.82795309344e-08	2.93810717267e-06
1.82992712486e-08	2.69459826541e-06
1.83190115628e-08	2.24931898174e-06
1.8338751877e-08	1.72368464746e-06
1.83584921912e-08	1.21829333466e-06
1.83782325053e-08	7.87673741343e-07
1.83979728195e-08	4.31124846045e-07
1.84177131337e-08	1.02236221267e-07
1.84374534479e-08	-2.66431953833e-07
1.84571937621e-08	-7.31159900624e-07
1.84769340763e-08	-1.30832063405e-06
1.84966743904e-08	-1.95834400074e-06
1.85164147046e-08	-2.58815930465e-06
1.85361550188e-08	-3.07189827708e-06
1.8555895333e-08	-3.28374494529e-06
1.85756356472e-08	-3.13353871206e-06
1.85953759614e-08	-2.59460409779e-06
1.86151162756e-08	-1.71575925378e-06
1.86348565897e-08	-6.14402097199e-07
1.86545969039e-08	5.47559011466e-07
1.86743372181e-08	1.59844631753e-06
1.86940775323e-08	2.3931557962e-06
1.87138178465e-08	2.84220880076e-06
1.87335581607e-08	2.92637685106e-06
1.87532984748e-08	2.69403983566e-06
1.8773038789e-08	2.24231814627e-06
1.87927791032e-08	1.68766183606e-06
1.88125194174e-08	1.13399477186e-06
1.88322597316e-08	6.47202199389e-07
1.88520000458e-08	2.43013076329e-07
1.88717403599e-08	-1.08371853713e-07
1.88914806741e-08	-4.62830399783e-07
1.89112209883e-08	-8.74260450701e-07
1.89309613025e-08	-1.36700748499e-06
1.89507016167e-08	-1.91795618321e-06
1.89704419309e-08	-2.45448916303e-06
1.8990182245e-08	-2.86953672912e-06
1.90099225592e-08	-3.04960963149e-06
1.90296628734e-08	-2.90752882393e-06
1.90494031876e-08	-2.41025747982e-06
1.90691435018e-08	-1.59344921258e-06
1.9088883816e-08	-5.58427899477e-07
1.91086241302e-08	5.47547585938e-07
1.91283644443e-08	1.56243743277e-06
1.91481047585e-08	2.34397612076e-06
1.91678450727e-08	2.79847142792e-06
1.91875853869e-08	2.89720094315e-06
1.92073257011e-08	2.67668667675e-06
1.92270660153e-08	2.22361791202e-06
1.92468063294e-08	1.64877047837e-06
1.92665466436e-08	1.05740542722e-06
1.92862869578e-08	5.23959840848e-07
1.9306027272e-08	7.79054545319e-08
1.93257675862e-08	-2.95634023928e-07
1.93455079004e-08	-6.40998393919e-07
1.93652482145e-08	-1.00798615676e-06
1.93849885287e-08	-1.42617369647e-06
1.94047288429e-08	-1.88600370166e-06
1.94244691571e-08	-2.3333319632e-06
1.94442094713e-08	-2.6793853749e-06
1.94639497855e-08	-2.82385428818e-06
1.94836900996e-08	-2.68442022389e-06
1.95034304138e-08	-2.22374490022e-06
1.9523170728e-08	-1.46587757399e-06
1.95429110422e-08	-4.96911866321e-07
1.95626513564e-08	5.50521690457e-07
1.95823916706e-08	1.52481368332e-06
1.96021319848e-08	2.28764349686e-06
1.96218722989e-08	2.74261287814e-06
1.96416126131e-08	2.85293560864e-06
1.96613529273e-08	2.64452114607e-06
1.96810932415e-08	2.19410105728e-06
1.97008335557e-08	1.60639967817e-06
1.97205738699e-08	9.86550674043e-07
1.9740314184e-08	4.15274726606e-07
1.97600544982e-08	-6.66176234176e-08
1.97797948124e-08	-4.60793287971e-07
1.97995351266e-08	-8.00622814268e-07
1.98192754408e-08	-1.13074560204e-06
1.9839015755e-08	-1.48365478481e-06
1.98587560691e-08	-1.86070872132e-06
1.98784963833e-08	-2.22397670768e-06
1.98982366975e-08	-2.50193295415e-06
1.99179770117e-08	-2.60792728568e-06
1.99377173259e-08	-2.46603610776e-06
1.99574576401e-08	-2.03670697374e-06
1.99771979542e-08	-1.33416773451e-06
1.99969382684e-08	-4.3035029762e-07
2.00166785826e-08	5.56670784135e-07
2.00364188968e-08	1.48633046138e-06
2.0056159211e-08	2.22551000206e-06
2.00758995252e-08	2.67642292329e-06
2.00956398394e-08	2.79557673366e-06
2.01153801535e-08	2.59923024259e-06
2.01351204677e-08	2.15471698084e-06
2.01548607819e-08	1.56035719101e-06
2.01746010961e-08	9.20002406701e-07
2.01943414103e-08	3.18926737464e-07
2.02140817245e-08	-1.92824629153e-07
2.02338220386e-08	-6.05456847325e-07
2.02535623528e-08	-9.42020534467e-07
2.0273302667e-08	-1.24149306657e-06
2.02930429812e-08	-1.53758037413e-06
2.03127832954e-08	-1.840165055e-06
2.03325236096e-08	-2.12525833376e-06
2.03522639237e-08	-2.33723437759e-06
2.03720042379e-08	-2.40299016241e-06
2.03917445521e-08	-2.25418261834e-06
2.04114848663e-08	-1.85090351579e-06
2.04312251805e-08	-1.19957451261e-06
2.04509654947e-08	-3.59216571155e-07
2.04707058089e-08	5.66218517406e-07
2.0490446123e-08	1.44782990219e-06
2.05101864372e-08	2.15882880639e-06
2.05299267514e-08	2.60146248365e-06
2.05496670656e-08	2.72679108093e-06
2.05694073798e-08	2.54235703778e-06
2.0589147694e-08	2.10639268516e-06
2.06088880081e-08	1.51063198928e-06
2.06286283223e-08	8.56780076219e-07
2.06483686365e-08	2.33122754878e-07
2.06681089507e-08	-3.02792074081e-07
2.06878492649e-08	-7.31246046826e-07
2.07075895791e-08	-1.06587157234e-06
2.07273298932e-08	-1.33975379413e-06
2.07470702074e-08	-1.58656052918e-06
2.07668105216e-08	-1.82262118642e-06
2.07865508358e-08	-2.03581316782e-06
2.080629115e-08	-2.18485479309e-06
2.08260314642e-08	-2.20973402065e-06
2.08457717783e-08	-2.05038679724e-06
2.08655120925e-08	-1.66816062119e-06
2.08852524067e-08	-1.06353786578e-06
2.09049927209e-08	-2.84197511746e-07
2.09247330351e-08	5.79363586439e-07
2.09444733493e-08	1.41019336297e-06
2.09642136635e-08	2.08888354791e-06
2.09839539776e-08	2.51919834682e-06
2.10036942918e-08	2.64804202743e-06
2.1023434606e-08	2.47514230978e-06
2.10431749202e-08	2.04999503239e-06
2.10629152344e-08	1.45742950508e-06
2.10826555486e-08	7.96184707497e-07
2.11023958627e-08	1.56392466977e-07
2.11221361769e-08	-3.98380478828e-07
2.11418764911e-08	-8.39823428578e-07
2.11616168053e-08	-1.17307581604e-06
2.11813571195e-08	-1.42541239256e-06
2.12010974337e-08	-1.62953585914e-06
2.12208377478e-08	-1.80657326609e-06
2.1240578062e-08	-1.95427719518e-06
2.12603183762e-08	-2.04411389859e-06
2.12800586904e-08	-2.02840885777e-06
2.12997990046e-08	-1.85575436262e-06
2.13195393188e-08	-1.49008667449e-06
2.13392796329e-08	-9.27623347025e-07
2.13590199471e-08	-2.06285406534e-07
2.13787602613e-08	5.96005804709e-07
2.13985005755e-08	1.37418726354e-06
2.14182408897e-08	2.01709474368e-06
2.14379812039e-08	2.43123452037e-06
2.14577215181e-08	2.56077726135e-06
2.14774618322e-08	2.39868029439e-06
2.14972021464e-08	1.98611598989e-06
2.15169424606e-08	1.40080658184e-06
2.15366827748e-08	7.37755499358e-07
2.1556423089e-08	8.76868426758e-08
2.15761634032e-08	-4.81049042378e-07
2.15959037173e-08	-9.32746303306e-07
2.16156440315e-08	-1.26477800677e-06
2.16353843457e-08	-1.49878053435e-06
2.16551246599e-08	-1.66585499528e-06
2.16748649741e-08	-1.79068234729e-06
2.16946052883e-08	-1.87922466921e-06
2.17143456024e-08	-1.91409162653e-06
2.17340859166e-08	-1.85899983762e-06
2.17538262308e-08	-1.67119821981e-06
2.1773566545e-08	-1.31808894821e-06
2.17933068592e-08	-7.93263865262e-07
2.18130471734e-08	-1.26454779092e-07
2.18327874875e-08	6.15885511479e-07
2.18525278017e-08	1.34034451094e-06
2.18722681159e-08	1.9445868702e-06
2.18920084301e-08	2.33905984715e-06
2.19117487443e-08	2.46650620284e-06
2.19314890585e-08	2.31415674534e-06
2.19512293727e-08	1.91542352468e-06
2.19709696868e-08	1.34081744818e-06
2.1990710001e-08	6.8090830041e-07
2.20104503152e-08	2.59915946543e-08
2.20301906294e-08	-5.52076897975e-07
2.20499309436e-08	-1.01128222241e-06
2.20696712578e-08	-1.3419842162e-06
2.20894115719e-08	-1.56030438347e-06
2.21091518861e-08	-1.69529278082e-06
2.21288922003e-08	-1.7740744056e-06
2.21486325145e-08	-1.80942936368e-06
2.21683728287e-08	-1.79372523235e-06
2.21881131429e-08	-1.70109547071e-06
2.2207853457e-08	-1.49714759345e-06
2.22275937712e-08	-1.15337019224e-06
2.22473340854e-08	-6.61919386857e-07
2.22670743996e-08	-4.58511362211e-08
2.22868147138e-08	6.3858641397e-07
2.2306555028e-08	1.30908904339e-06
2.23262953422e-08	1.87246075711e-06
2.23460356563e-08	2.24409166094e-06
2.23657759705e-08	2.36662390307e-06
2.23855162847e-08	2.22270364247e-06
2.24052565989e-08	1.83859560821e-06
2.24249969131e-08	1.27759835777e-06
2.24447372273e-08	6.25225538897e-07
2.24644775414e-08	-2.96393789512e-08
2.24842178556e-08	-6.12681247958e-07
2.25039581698e-08	-1.07667437987e-06
2.2523698484e-08	-1.40564497997e-06
2.25434387982e-08	-1.61042055424e-06
2.25631791124e-08	-1.71769613644e-06
2.25829194265e-08	-1.75610801989e-06
2.26026597407e-08	-1.74396870989e-06
2.26224000549e-08	-1.68212176277e-06
2.26421403691e-08	-1.55414198844e-06
2.26618806833e-08	-1.33365597321e-06
2.26816209975e-08	-9.9663338915e-07
2.27013613116e-08	-5.3476705375e-07
2.27211016258e-08	3.42863621938e-08
2.274084194e-08	6.63350846253e-07
2.27605822542e-08	1.28049282466e-06
2.27803225684e-08	1.80162953711e-06
2.28000628826e-08	2.14781164232e-06
2.28198031968e-08	2.26265831316e-06
2.28395435109e-08	2.12546194689e-06
2.28592838251e-08	1.75622079723e-06
2.28790241393e-08	1.21116073615e-06
2.28987644535e-08	5.70276739609e-07
2.29185047677e-08	-7.99116435246e-08
2.29382450819e-08	-6.63851267291e-07
2.2957985396e-08	-1.13004273317e-06
2.29777257102e-08	-1.45677853425e-06
2.29974660244e-08	-1.64980855288e-06
2.30172063386e-08	-1.73312889729e-06
2.30369466528e-08	-1.73620753685e-06
2.3056686967e-08	-1.68188432781e-06
2.30764272811e-08	-1.57834512038e-06
2.30961675953e-08	-1.41760085626e-06
2.31159079095e-08	-1.18079123013e-06
2.31356482237e-08	-8.48488895144e-07
2.31553885379e-08	-4.127156501e-07
2.31751288521e-08	1.13073078012e-07
2.31948691662e-08	6.89545657906e-07
2.32146094804e-08	1.25442528542e-06
2.32343497946e-08	1.73259797975e-06
2.32540901088e-08	2.05125832053e-06
2.3273830423e-08	2.15600641695e-06
2.32935707372e-08	2.02381943382e-06
2.33133110514e-08	1.66919494404e-06
2.33330513655e-08	1.14170688903e-06
2.33527916797e-08	5.15587885275e-07
2.33725319939e-08	-1.25811702389e-07
2.33922723081e-08	-7.06699324837e-07
2.34120126223e-08	-1.17233810215e-06
2.34317529365e-08	-1.49612515088e-06
2.34514932506e-08	-1.67892193303e-06
2.34712335648e-08	-1.7417389131e-06
2.3490973879e-08	-1.7141849753e-06
2.35107141932e-08	-1.62263654602e-06
2.35304545074e-08	-1.4816013163e-06
2.35501948216e-08	-1.29072998334e-06
2.35699351357e-08	-1.0382142932e-06
2.35896754499e-08	-7.09193443527e-07
2.36094157641e-08	-2.96578747339e-07
2.36291560783e-08	1.89471421663e-07
2.36488963925e-08	7.16410397672e-07
2.36686367067e-08	1.23070452673e-06
2.36883770208e-08	1.66585255101e-06
2.3708117335e-08	1.95545987935e-06
2.37278576492e-08	2.04790410407e-06
2.37475979634e-08	1.91889193957e-06
2.37673382776e-08	1.57833790126e-06
2.37870785918e-08	1.06956503032e-06
2.3806818906e-08	4.60922080947e-07
2.38265592201e-08	-1.6803267755e-07
2.38462995343e-08	-7.42235869211e-07
2.38660398485e-08	-1.20470542697e-06
2.38857801627e-08	-1.52459693936e-06
2.39055204769e-08	-1.69828734897e-06
2.39252607911e-08	-1.74361952077e-06
2.39450011052e-08	-1.68973048176e-06
2.39647414194e-08	-1.56565408815e-06
2.39844817336e-08	-1.39126063914e-06
2.40042220478e-08	-1.17301453884e-06
2.4023962362e-08	-9.05627473458e-07
2.40437026762e-08	-5.78828121434e-07
2.40634429903e-08	-1.86803305269e-07
2.40831833045e-08	2.62775643023e-07
2.41029236187e-08	7.43234863876e-07
2.41226639329e-08	1.208927074e-06
2.41424042471e-08	1.60154411333e-06
2.41621445613e-08	1.86116562872e-06
2.41818848754e-08	1.93952081418e-06
2.42016251896e-08	1.81191353477e-06
2.42213655038e-08	1.48456865645e-06
2.4241105818e-08	9.95108734969e-07
2.42608461322e-08	4.06054837754e-07
2.42805864464e-08	-2.07288834986e-07
2.43003267606e-08	-7.71456143411e-07
2.43200670747e-08	-1.22813571579e-06
2.43398073889e-08	-1.54306093236e-06
2.43595477031e-08	-1.70845891034e-06
2.43792880173e-08	-1.73894892441e-06
2.43990283315e-08	-1.6626607362e-06
2.44187686457e-08	-1.51048641328e-06
2.44385089598e-08	-1.30673237209e-06
2.4458249274e-08	-1.06387335563e-06
2.44779895882e-08	-7.82691785162e-07
2.44977299024e-08	-4.573780501e-07
2.45174702166e-08	-8.37269276133e-08
2.45372105308e-08	3.32421137728e-07
2.45569508449e-08	7.69388236677e-07
2.45766911591e-08	1.1887088931e-06
2.45964314733e-08	1.53972149519e-06
2.46161717875e-08	1.76893212256e-06
2.46359121017e-08	1.8318075945e-06
2.46556524159e-08	1.70399169974e-06
2.46753927301e-08	1.38880739087e-06
2.46951330442e-08	9.18822507856e-07
2.47148733584e-08	3.50915371428e-07
2.47346136726e-08	-2.44182359666e-07
2.47543539868e-08	-7.95282574018e-07
2.4774094301e-08	-1.24365448073e-06
2.47938346152e-08	-1.55238757316e-06
2.48135749293e-08	-1.71002108118e-06
2.48333152435e-08	-1.72794625541e-06
2.48530555577e-08	-1.63284892096e-06
2.48727958719e-08	-1.45671992868e-06
2.48925361861e-08	-1.22745439057e-06
2.49122765003e-08	-9.62775999369e-07
2.49320168144e-08	-6.69038229262e-07
2.49517571286e-08	-3.44742232983e-07
2.49714974428e-08	1.24404060386e-08
2.4991237757e-08	3.97941533947e-07
2.50109780712e-08	7.94365519141e-07
2.50307183854e-08	1.16967561326e-06
2.50504586995e-08	1.48034553149e-06
2.50701990137e-08	1.67913367477e-06
2.50899393279e-08	1.72552410049e-06
2.51096796421e-08	1.59608651984e-06
2.51294199563e-08	1.29194967258e-06
2.51491602705e-08	8.41272651542e-07
2.51689005847e-08	2.95573769904e-07
2.51886408988e-08	-2.79164780181e-07
2.5208381213e-08	-8.14568579699e-07
2.52281215272e-08	-1.25227398939e-06
2.52478618414e-08	-1.55350380737e-06
2.52676021556e-08	-1.70361528262e-06
2.52873424698e-08	-1.71085753209e-06
2.53070827839e-08	-1.60016941209e-06
2.53268230981e-08	-1.40397008863e-06
2.53465634123e-08	-1.15291140901e-06
2.53663037265e-08	-8.69235037726e-07
2.53860440407e-08	-5.64296186667e-07
2.54057843549e-08	-2.40786405925e-07
2.5425524669e-08	1.01584731738e-07
2.54452649832e-08	4.59028996147e-07
2.54650052974e-08	8.17754425952e-07
2.54847456116e-08	1.15147082624e-06
2.55044859258e-08	1.42329645314e-06
2.552422624e-08	1.59202761552e-06
2.55439665541e-08	1.62129282444e-06
2.55637068683e-08	1.48902216779e-06
2.55834471825e-08	1.19483479466e-06
2.56031874967e-08	7.63046074326e-07
2.56229278109e-08	2.40157547182e-07
2.56426681251e-08	-3.12578393391e-07
2.56624084393e-08	-8.30050424838e-07
2.56821487534e-08	-1.25494398162e-06
2.57018890676e-08	-1.54732981628e-06
2.57216293818e-08	-1.6899054458e-06
2.5741369696e-08	-1.68801426526e-06
2.57611100102e-08	-1.56457883804e-06
2.57808503244e-08	-1.35188446393e-06
2.58005906385e-08	-1.0826041148e-06
2.58203309527e-08	-7.8273166082e-07
2.58400712669e-08	-4.68103394269e-07
2.58598115811e-08	-1.45334844603e-07
2.58795518953e-08	1.83665882503e-07
2.58992922095e-08	5.15445861993e-07
2.59190325236e-08	8.39219836735e-07
2.59387728378e-08	1.13380554012e-06
2.5958513152e-08	1.36844232657e-06
2.59782534662e-08	1.50776156715e-06
2.59979937804e-08	1.51955737238e-06
2.60177340946e-08	1.38350020507e-06
2.60374744087e-08	1.09821968408e-06
2.60572147229e-08	6.8471908321e-07
2.60769550371e-08	1.84903406364e-07
2.60966953513e-08	-3.44653983575e-07
2.61164356655e-08	-8.42369587417e-07
2.61361759797e-08	-1.25254462091e-06
2.61559162939e-08	-1.53474945819e-06
2.6175656608e-08	-1.66961865489e-06
2.61953969222e-08	-1.65980242173e-06
2.62151372364e-08	-1.52609726456e-06
2.62348775506e-08	-1.3001748016e-06
2.62546178648e-08	-1.0160526358e-06
2.6274358179e-08	-7.02742084968e-07
2.62940984931e-08	-3.80022868285e-07
2.63138388073e-08	-5.81738905936e-08
2.63335791215e-08	2.58666489117e-07
2.63533194357e-08	5.66997925944e-07
2.63730597499e-08	8.5848446929e-07
2.63928000641e-08	1.11642128786e-06
2.64125403782e-08	1.31568651796e-06
2.64322806924e-08	1.42643170875e-06
2.64520210066e-08	1.42066500075e-06
2.64717613208e-08	1.28007417288e-06
2.6491501635e-08	1.00273973658e-06
2.65112419492e-08	6.06851017437e-07
2.65309822634e-08	1.30091777351e-07
2.65507225775e-08	-3.7549641263e-07
2.65704628917e-08	-8.5204538891e-07
2.65902032059e-08	-1.24587512573e-06
2.66099435201e-08	-1.51665364001e-06
2.66296838343e-08	-1.64348620046e-06
2.66494241485e-08	-1.62664503023e-06
2.66691644626e-08	-1.48478886786e-06
2.66889047768e-08	-1.24860355299e-06
2.6708645091e-08	-9.52808278498e-07
2.67283854052e-08	-6.28774444067e-07
2.67481257194e-08	-2.99632191059e-07
2.67678660336e-08	2.09781694238e-08
2.67876063477e-08	3.26654543414e-07
2.68073466619e-08	6.13570620089e-07
2.68270869761e-08	8.75299235759e-07
2.68468272903e-08	1.09906653734e-06
2.68665676045e-08	1.26487918806e-06
2.68863079187e-08	1.34810142072e-06
2.69060482328e-08	1.32491391014e-06
2.6925788547e-08	1.17921041465e-06
2.69455288612e-08	9.08928797116e-07
2.69652691754e-08	5.29920470171e-07
2.69850094896e-08	7.59970468778e-08
2.70047498038e-08	-4.05162651873e-07
2.7024490118e-08	-8.59467803593e-07
2.70442304321e-08	-1.23560965903e-06
2.70639707463e-08	-1.49385715531e-06
2.70837110605e-08	-1.61225443662e-06
2.71034513747e-08	-1.58904799719e-06
2.71231916889e-08	-1.44081280951e-06
2.71429320031e-08	-1.19698302115e-06
2.71626723172e-08	-8.92447189926e-07
2.71824126314e-08	-5.60305409181e-07
2.72021529456e-08	-2.26473332532e-07
2.72218932598e-08	9.24162435467e-08
2.7241633574e-08	3.87731176943e-07
2.72613738882e-08	6.55073705502e-07
2.72811142023e-08	8.89480958222e-07
2.73008545165e-08	1.08153915335e-06
2.73205948307e-08	1.2158909044e-06
2.73403351449e-08	1.27279002982e-06
2.73600754591e-08	1.23250231354e-06
2.73798157733e-08	1.08128557486e-06
2.73995560874e-08	8.17272677978e-07
2.74192964016e-08	4.54374941228e-07
2.74390367158e-08	2.28883205722e-08
2.745877703e-08	-4.33646476949e-07
2.74785173442e-08	-8.64957598878e-07
2.74982576584e-08	-1.22235951494e-06
2.75179979726e-08	-1.46709595583e-06
2.75377382867e-08	-1.57663282607e-06
2.75574786009e-08	-1.54753024617e-06
2.75772189151e-08	-1.39438009228e-06
2.75969592293e-08	-1.14519031058e-06
2.76166995435e-08	-8.34614525047e-07
2.76364398577e-08	-4.96850219633e-07
2.76561801718e-08	-1.60063819976e-07
2.7675920486e-08	1.56485150171e-07
2.76956608002e-08	4.4206328198e-07
2.77154011144e-08	6.91493227123e-07
2.77351414286e-08	9.00861635955e-07
2.77548817428e-08	1.06362466568e-06
2.77746220569e-08	1.16856921295e-06
2.77943623711e-08	1.20049185171e-06
2.78141026853e-08	1.14360454972e-06
2.78338429995e-08	9.86632812783e-07
2.78535833137e-08	7.28169510467e-07
2.78733236279e-08	3.8057245888e-07
2.7893063942e-08	-2.89955295329e-08
2.79128042562e-08	-4.60936163904e-07
2.79325445704e-08	-8.68757439321e-07
2.79522848846e-08	-1.20659575487e-06
2.79720251988e-08	-1.4370249346e-06
2.7991765513e-08	-1.53729695285e-06
2.80115058272e-08	-1.50263093701e-06
2.80312461413e-08	-1.34577669542e-06
2.80509864555e-08	-1.09320222919e-06
2.80707267697e-08	-7.78971298132e-07
2.80904670839e-08	-4.37916128249e-07
2.81102073981e-08	-9.9908437079e-08
2.81299477123e-08	2.13571766494e-07
2.81496880264e-08	4.89838612339e-07
2.81694283406e-08	7.22820658439e-07
2.81891686548e-08	9.09315275521e-07
2.8208908969e-08	1.04515373778e-06
2.82286492832e-08	1.12277518838e-06
2.82483895974e-08	1.13117414458e-06
2.82681299115e-08	1.0583302128e-06
2.82878702257e-08	8.95483452723e-07
2.83076105399e-08	6.41947906388e-07
2.83273508541e-08	3.08857636355e-07
2.83470911683e-08	-7.94172692054e-08
2.83668314825e-08	-4.86979502057e-07
2.83865717967e-08	-8.71064543162e-07
2.84063121108e-08	-1.18875283306e-06
2.8426052425e-08	-1.40422230288e-06
2.84457927392e-08	-1.49488710122e-06
2.84655330534e-08	-1.45488638736e-06
2.84852733676e-08	-1.29529740889e-06
2.85050136818e-08	-1.04101991383e-06
2.85247539959e-08	-7.25263220147e-07
2.85444943101e-08	-3.83069775012e-07
2.85642346243e-08	-4.55200179772e-08
2.85839749385e-08	2.64077044676e-07
2.86037152527e-08	5.31295938799e-07
2.86234555669e-08	7.49139786649e-07
2.8643195881e-08	9.14778325978e-07
2.86629361952e-08	1.02596931129e-06
2.86826765094e-08	1.07836228835e-06
2.87024168236e-08	1.06475130224e-06
2.87221571378e-08	9.7671943422e-07
2.8741897452e-08	8.08041789924e-07
2.87616377661e-08	5.58908425319e-07
2.87813780803e-08	2.39546928071e-07
2.88011183945e-08	-1.28153601509e-07
2.88208587087e-08	-5.11742968001e-07
2.88405990229e-08	-8.72067033697e-07
2.88603393371e-08	-1.16920585924e-06
2.88800796513e-08	-1.36921124749e-06
2.88998199654e-08	-1.44993555296e-06
2.89195602796e-08	-1.40476413435e-06
2.89393005938e-08	-1.24326618334e-06
2.8959040908e-08	-9.88739770946e-07
2.89787812222e-08	-6.73324848321e-07
2.89985215364e-08	-3.31923502017e-07
2.90182618505e-08	3.59732243993e-09
2.90380021647e-08	3.08470120558e-07
2.90577424789e-08	5.66761826803e-07
2.90774827931e-08	7.70534029471e-07
2.90972231073e-08	9.17158587299e-07
2.91169634215e-08	1.0059141573e-06
2.91367037356e-08	1.03517402295e-06
2.91564440498e-08	1.00117472357e-06
2.9176184364e-08	8.98833008023e-07
2.91959246782e-08	7.24440070599e-07
2.92156649924e-08	4.79261018427e-07
2.92354053066e-08	1.72870940673e-07
2.92551456207e-08	-1.75016040771e-07
2.92748859349e-08	-5.35147762548e-07
2.92946262491e-08	-8.71854012985e-07
2.93143665633e-08	-1.14827224706e-06
2.93341068775e-08	-1.33246493306e-06
2.93538471917e-08	-1.40299601981e-06
2.93735875059e-08	-1.35275274715e-06
2.939332782e-08	-1.18998997323e-06
2.94130681342e-08	-9.36435071708e-07
2.94328084484e-08	-6.23003245437e-07
2.94525487626e-08	-2.84133903961e-07
2.94722890768e-08	4.78692321337e-08
2.9492029391e-08	3.47169375914e-07
2.95117697051e-08	5.96553775267e-07
2.95315100193e-08	7.87191652307e-07
2.95512503335e-08	9.16467172374e-07
2.95709906477e-08	9.8486952993e-07
2.95907309619e-08	9.93056971765e-07
2.96104712761e-08	9.4030707487e-07
2.96302115902e-08	8.24644928343e-07
2.96499519044e-08	6.44789025728e-07
2.96696922186e-08	4.03195826948e-07
2.96894325328e-08	1.09058028386e-07
2.9709172847e-08	-2.19821686187e-07
2.97289131612e-08	-5.57130874768e-07
2.97486534753e-08	-8.7054826281e-07
2.97683937895e-08	-1.12624172743e-06
2.97881341037e-08	-1.29439501961e-06
2.98078744179e-08	-1.35452648919e-06
2.98276147321e-08	-1.29928099568e-06
2.98473550463e-08	-1.13577124239e-06
2.98670953605e-08	-8.84218536612e-07
2.98868356746e-08	-5.74211298954e-07
2.99065759888e-08	-2.39442464078e-07
2.9926316303e-08	8.77068409011e-08
2.99460566172e-08	3.80632059205e-07
2.99657969314e-08	6.21057267836e-07
2.99855372456e-08	7.99334202384e-07
3.00052775597e-08	9.12746855875e-07
3.00250178739e-08	9.62702898732e-07
3.00447581881e-08	9.51827047402e-07
3.00644985023e-08	8.82030150251e-07
3.00842388165e-08	7.54130979885e-07
3.01039791307e-08	5.69178780552e-07
3.01237194448e-08	3.30879117882e-07
3.0143459759e-08	4.82572275473e-08
3.01632000732e-08	-2.62458911493e-07
3.01829403874e-08	-5.77644556188e-07
3.02026807016e-08	-8.68200658033e-07
3.02224210158e-08	-1.10329227709e-06
3.024216133e-08	-1.25534114659e-06
3.02619016441e-08	-1.30498972339e-06
3.02816419583e-08	-1.24480033037e-06
3.03013822725e-08	-1.08093729523e-06
3.03211225867e-08	-8.32224174019e-07
3.03408629009e-08	-5.26834810444e-07
3.03606032151e-08	-1.97552395775e-07
3.03803435292e-08	1.23475828673e-07
