% time-domain voltage integration by openEMS v0.0.36 @Thu Feb  5 18:55:41 2026
% start-coordinates: (-0.037587,0.02,0.0015) m -> [28,75,9]
% stop-coordinates: (-0.037587,0.02,0) m -> [28,75,7]
% t/s	voltage
0	0
1.9740314184e-11	-1.36013113661e-07
3.94806283681e-11	-2.76362925433e-07
5.92209425521e-11	-2.92345390562e-07
7.89612567362e-11	1.84662365399e-08
9.87015709202e-11	1.16496966029e-06
1.18441885104e-10	3.89916499444e-06
1.38182199288e-10	9.08498441277e-06
1.57922513472e-10	1.71994561242e-05
1.77662827656e-10	2.73811174338e-05
1.9740314184e-10	3.61358579539e-05
2.17143456024e-10	3.62007485819e-05
2.36883770208e-10	1.65131741596e-05
2.56624084393e-10	-3.56472428393e-05
2.76364398577e-10	-0.000129616055347
2.96104712761e-10	-0.000264001966571
3.15845026945e-10	-0.000419655727455
3.35585341129e-10	-0.000556894141482
3.55325655313e-10	-0.000620797509328
3.75065969497e-10	-0.000556087004952
3.94806283681e-10	-0.000328384296154
4.14546597865e-10	5.58793672099e-05
4.34286912049e-10	0.000540618202649
4.54027226233e-10	0.00102908402914
4.73767540417e-10	0.00141024118057
4.93507854601e-10	0.00159361970145
5.13248168785e-10	0.00153862580191
5.32988482969e-10	0.00126586674014
5.52728797153e-10	0.000846063514473
5.72469111337e-10	0.000372427952243
5.92209425521e-10	-7.0407288149e-05
6.11949739705e-10	-0.000427613354987
6.31690053889e-10	-0.000678762473399
6.51430368073e-10	-0.000828038027976
6.71170682257e-10	-0.000888937385753
6.90910996441e-10	-0.000872927717865
7.10651310625e-10	-0.000787118304288
7.3039162481e-10	-0.000639406091068
7.50131938994e-10	-0.000445366284112
7.69872253178e-10	-0.000230942838243
7.89612567362e-10	-2.85183696178e-05
8.09352881546e-10	0.000131814565975
8.2909319573e-10	0.000231152705965
8.48833509914e-10	0.000266586721409
8.68573824098e-10	0.000250175740803
8.88314138282e-10	0.000203129769943
9.08054452466e-10	0.000148106068082
9.2779476665e-10	0.000102796235296
9.47535080834e-10	7.63644638937e-05
9.67275395018e-10	6.90057968313e-05
9.87015709202e-10	7.3651845014e-05
1.00675602339e-09	7.92218088463e-05
1.02649633757e-09	7.38386806916e-05
1.04623665175e-09	4.82609084429e-05
1.06597696594e-09	-1.10873565973e-06
1.08571728012e-09	-7.03833611624e-05
1.10545759431e-09	-0.000148231098137
1.12519790849e-09	-0.000218333414523
1.14493822267e-09	-0.000263878362603
1.16467853686e-09	-0.000272796372883
1.18441885104e-09	-0.000241886838921
1.20415916523e-09	-0.000178046582732
1.22389947941e-09	-9.6171770565e-05
1.24363979359e-09	-1.42647490975e-05
1.26338010778e-09	5.20225639775e-05
1.28312042196e-09	9.36076103244e-05
1.30286073615e-09	0.000109275679279
1.32260105033e-09	0.000104189242847
1.34234136451e-09	8.66362715897e-05
1.3620816787e-09	6.45136460662e-05
1.38182199288e-09	4.29638748756e-05
1.40156230707e-09	2.37148733504e-05
1.42130262125e-09	5.95706933382e-06
1.44104293543e-09	-1.19307960631e-05
1.46078324962e-09	-3.05544663206e-05
1.4805235638e-09	-4.82528994326e-05
1.50026387799e-09	-6.08498230577e-05
1.52000419217e-09	-6.25738102826e-05
1.53974450636e-09	-4.79926893604e-05
1.55948482054e-09	-1.43670326906e-05
1.57922513472e-09	3.62892205885e-05
1.59896544891e-09	9.63726997725e-05
1.61870576309e-09	0.000153753942868
1.63844607728e-09	0.000194678439584
1.65818639146e-09	0.000207788260013
1.67792670564e-09	0.000187920231838
1.69766701983e-09	0.000138248076837
1.71740733401e-09	6.98000003467e-05
1.7371476482e-09	-1.64583502738e-06
1.75688796238e-09	-6.02870204602e-05
1.77662827656e-09	-9.49578643485e-05
1.79636859075e-09	-0.000102078189229
1.81610890493e-09	-8.59322135511e-05
1.83584921912e-09	-5.63189769309e-05
1.8555895333e-09	-2.47179232247e-05
1.87532984748e-09	-4.75459899008e-07
1.89507016167e-09	1.16755454656e-05
1.91481047585e-09	1.21467110148e-05
1.93455079004e-09	5.25191740053e-06
1.95429110422e-09	-2.99830105632e-06
1.9740314184e-09	-7.17876741874e-06
1.99377173259e-09	-4.17370574723e-06
2.01351204677e-09	6.00601765655e-06
2.03325236096e-09	2.03235831577e-05
2.05299267514e-09	3.36390730808e-05
2.07273298932e-09	4.02912373829e-05
2.09247330351e-09	3.60029662261e-05
2.11221361769e-09	1.96250175577e-05
2.13195393188e-09	-5.96857762503e-06
2.15169424606e-09	-3.43465144397e-05
2.17143456024e-09	-5.73967863602e-05
2.19117487443e-09	-6.8116823968e-05
2.21091518861e-09	-6.31985021755e-05
2.2306555028e-09	-4.43515800725e-05
2.25039581698e-09	-1.76669982466e-05
2.27013613116e-09	8.70639496497e-06
2.28987644535e-09	2.75735501418e-05
2.30961675953e-09	3.51169965143e-05
2.32935707372e-09	3.17337653541e-05
2.3490973879e-09	2.11109172596e-05
2.36883770208e-09	8.19068191049e-06
2.38857801627e-09	-2.90284151561e-06
2.40831833045e-09	-1.00684392237e-05
2.42805864464e-09	-1.32493350975e-05
2.44779895882e-09	-1.35868244797e-05
2.46753927301e-09	-1.23858389998e-05
2.48727958719e-09	-1.04750843093e-05
2.50701990137e-09	-8.14174245534e-06
2.52676021556e-09	-5.42339580534e-06
2.54650052974e-09	-2.4118788815e-06
2.56624084393e-09	6.79198848275e-07
2.58598115811e-09	3.67262771306e-06
2.60572147229e-09	6.56630436424e-06
2.62546178648e-09	9.4622450888e-06
2.64520210066e-09	1.22930327962e-05
2.66494241485e-09	1.45395529216e-05
2.68468272903e-09	1.5220887235e-05
2.70442304321e-09	1.32633913381e-05
2.7241633574e-09	8.12819507701e-06
2.74390367158e-09	3.22999511582e-07
2.76364398577e-09	-8.53620258567e-06
2.78338429995e-09	-1.62288515639e-05
2.80312461413e-09	-2.07820257856e-05
2.82286492832e-09	-2.1239778107e-05
2.8426052425e-09	-1.79411426871e-05
2.86234555669e-09	-1.21653456517e-05
2.88208587087e-09	-5.36455513611e-06
2.90182618505e-09	1.54857463031e-06
2.92156649924e-09	8.44923988552e-06
2.94130681342e-09	1.56502928803e-05
2.96104712761e-09	2.31920776059e-05
2.98078744179e-09	3.02344333249e-05
3.00052775597e-09	3.49745532731e-05
3.02026807016e-09	3.52167498932e-05
3.04000838434e-09	2.93641196549e-05
3.05974869853e-09	1.73598737092e-05
3.07948901271e-09	1.10673397558e-06
3.09922932689e-09	-1.5889977476e-05
3.11896964108e-09	-2.95482341244e-05
3.13870995526e-09	-3.6522431401e-05
3.15845026945e-09	-3.53074337909e-05
3.17819058363e-09	-2.67238947345e-05
3.19793089781e-09	-1.36103553814e-05
3.217671212e-09	1.41045717328e-07
3.23741152618e-09	1.0837940863e-05
3.25715184037e-09	1.60869958563e-05
3.27689215455e-09	1.5387665826e-05
3.29663246873e-09	1.00682968878e-05
3.31637278292e-09	2.66232257218e-06
3.3361130971e-09	-4.00404815082e-06
3.35585341129e-09	-7.6924932273e-06
3.37559372547e-09	-7.35918479222e-06
3.39533403966e-09	-3.35443201038e-06
3.41507435384e-09	2.77629237644e-06
3.43481466802e-09	8.79963181433e-06
3.45455498221e-09	1.24698399304e-05
3.47429529639e-09	1.22118212857e-05
3.49403561058e-09	7.64632545724e-06
3.51377592476e-09	-2.06591465712e-07
3.53351623894e-09	-9.14531847229e-06
3.55325655313e-09	-1.64169960044e-05
3.57299686731e-09	-1.96108430828e-05
3.5927371815e-09	-1.75344057425e-05
3.61247749568e-09	-1.07379123619e-05
3.63221780986e-09	-1.44036027905e-06
3.65195812405e-09	7.18297701496e-06
3.67169843823e-09	1.21320840663e-05
3.69143875242e-09	1.17102904369e-05
3.7111790666e-09	6.1813202592e-06
3.73091938078e-09	-2.32896798025e-06
3.75065969497e-09	-1.06540173874e-05
3.77040000915e-09	-1.57851445692e-05
3.79014032334e-09	-1.59407554747e-05
3.80988063752e-09	-1.10827195385e-05
3.8296209517e-09	-2.72755733022e-06
3.84936126589e-09	6.7687410592e-06
3.86910158007e-09	1.5073045688e-05
3.88884189426e-09	2.05151018235e-05
3.90858220844e-09	2.23241568165e-05
3.92832252262e-09	2.05200985874e-05
3.94806283681e-09	1.5662444639e-05
3.96780315099e-09	8.65288711793e-06
3.98754346518e-09	6.48585654517e-07
4.00728377936e-09	-6.99691804584e-06
4.02702409354e-09	-1.28927963488e-05
4.04676440773e-09	-1.59248002092e-05
4.06650472191e-09	-1.56308315127e-05
4.0862450361e-09	-1.24422144836e-05
4.10598535028e-09	-7.61102478464e-06
4.12572566446e-09	-2.79064545339e-06
4.14546597865e-09	5.78250393346e-07
4.16520629283e-09	1.80081616463e-06
4.18494660702e-09	1.13246954925e-06
4.2046869212e-09	-4.34951189732e-07
4.22442723538e-09	-1.67778330251e-06
4.24416754957e-09	-1.67541577412e-06
4.26390786375e-09	-1.2806999905e-07
4.28364817794e-09	2.64920174686e-06
4.30338849212e-09	5.97888197262e-06
4.3231288063e-09	9.1243919087e-06
4.34286912049e-09	1.14724616651e-05
4.36260943467e-09	1.25466649479e-05
4.38234974886e-09	1.19453566185e-05
4.40209006304e-09	9.34851004786e-06
4.42183037723e-09	4.67367976853e-06
4.44157069141e-09	-1.67947337104e-06
4.46131100559e-09	-8.67276503413e-06
4.48105131978e-09	-1.47411196849e-05
4.50079163396e-09	-1.82233470696e-05
4.52053194815e-09	-1.7978136384e-05
4.54027226233e-09	-1.39144540299e-05
4.56001257651e-09	-7.16186696081e-06
4.5797528907e-09	2.43410539724e-07
4.59949320488e-09	6.0616907831e-06
4.61923351907e-09	8.65633637659e-06
4.63897383325e-09	7.57223938308e-06
4.65871414743e-09	3.65354674159e-06
4.67845446162e-09	-1.32618629323e-06
4.6981947758e-09	-5.34633204552e-06
4.71793508999e-09	-6.84600149725e-06
4.73767540417e-09	-5.20075127497e-06
4.75741571835e-09	-8.35099768892e-07
4.77715603254e-09	5.00295823258e-06
4.79689634672e-09	1.06722181954e-05
4.81663666091e-09	1.46024399328e-05
4.83637697509e-09	1.56730111485e-05
4.85611728927e-09	1.34458050525e-05
4.87585760346e-09	8.24851076686e-06
4.89559791764e-09	1.11356337129e-06
4.91533823183e-09	-6.42130748929e-06
4.93507854601e-09	-1.26460467982e-05
4.95481886019e-09	-1.61054285854e-05
4.97455917438e-09	-1.60217268785e-05
4.99429948856e-09	-1.25738170027e-05
5.01403980275e-09	-6.90250226398e-06
5.03378011693e-09	-7.90786202742e-07
5.05352043111e-09	3.90740547118e-06
5.0732607453e-09	5.89860746913e-06
5.09300105948e-09	4.90091656502e-06
5.11274137367e-09	1.73045606289e-06
5.13248168785e-09	-2.02048352094e-06
5.15222200203e-09	-4.59330794911e-06
5.17196231622e-09	-4.71834073323e-06
5.1917026304e-09	-2.06292759231e-06
5.21144294459e-09	2.68763039912e-06
5.23118325877e-09	8.11763584352e-06
5.25092357295e-09	1.25966107589e-05
5.27066388714e-09	1.48079348037e-05
5.29040420132e-09	1.41039031405e-05
5.31014451551e-09	1.0600054793e-05
5.32988482969e-09	5.04088097841e-06
5.34962514388e-09	-1.45726727396e-06
5.36936545806e-09	-7.67592314332e-06
5.38910577224e-09	-1.25112824207e-05
5.40884608643e-09	-1.51346680468e-05
5.42858640061e-09	-1.51224276124e-05
5.4483267148e-09	-1.25611259136e-05
5.46806702898e-09	-8.08944605524e-06
5.48780734316e-09	-2.81431493931e-06
5.50754765735e-09	1.93816953242e-06
5.52728797153e-09	4.9999807743e-06
5.54702828572e-09	5.74779346607e-06
5.5667685999e-09	4.33760942542e-06
5.58650891408e-09	1.66599352269e-06
5.60624922827e-09	-9.52429473955e-07
5.62598954245e-09	-2.27522764362e-06
5.64572985664e-09	-1.59381181675e-06
5.66547017082e-09	1.01976621636e-06
5.685210485e-09	4.77018920719e-06
5.70495079919e-09	8.45354816192e-06
5.72469111337e-09	1.08837284643e-05
5.74443142756e-09	1.1255937352e-05
5.76417174174e-09	9.33348474064e-06
5.78391205592e-09	5.43514056517e-06
5.80365237011e-09	2.89057169311e-07
5.82339268429e-09	-5.15827468917e-06
5.84313299848e-09	-9.91541628537e-06
5.86287331266e-09	-1.30949078994e-05
5.88261362684e-09	-1.40592296702e-05
5.90235394103e-09	-1.25762817333e-05
5.92209425521e-09	-8.94547019925e-06
5.9418345694e-09	-4.01730244448e-06
5.96157488358e-09	9.65342223935e-07
5.98131519776e-09	4.70738063996e-06
6.00105551195e-09	6.28718476037e-06
6.02079582613e-09	5.50473168914e-06
6.04053614032e-09	2.98613269933e-06
6.0602764545e-09	-2.447168157e-08
6.08001676868e-09	-2.12485917928e-06
6.09975708287e-09	-2.28516921652e-06
6.11949739705e-09	-2.34747140837e-07
6.13923771124e-09	3.44613351899e-06
6.15897802542e-09	7.5533787367e-06
6.1787183396e-09	1.06960992525e-05
6.19845865379e-09	1.17630947898e-05
6.21819896797e-09	1.02510630313e-05
6.23793928216e-09	6.36642016616e-06
6.25767959634e-09	9.09748166578e-07
6.27741991052e-09	-4.97499604535e-06
6.29716022471e-09	-1.00882493825e-05
6.31690053889e-09	-1.34281949613e-05
6.33664085308e-09	-1.43776846926e-05
6.35638116726e-09	-1.28185865833e-05
6.37612148145e-09	-9.16608996704e-06
6.39586179563e-09	-4.30444674748e-06
6.41560210981e-09	5.96226868765e-07
6.435342424e-09	4.37110361418e-06
6.45508273818e-09	6.19597835794e-06
6.47482305237e-09	5.85740190218e-06
6.49456336655e-09	3.84373277029e-06
6.51430368073e-09	1.19444888469e-06
6.53404399492e-09	-8.60408363224e-07
6.5537843091e-09	-1.34782771966e-06
6.57352462329e-09	8.7214772293e-08
6.59326493747e-09	3.04737272927e-06
6.61300525165e-09	6.5279532464e-06
6.63274556584e-09	9.2792029136e-06
6.65248588002e-09	1.02409644569e-05
6.67222619421e-09	8.88619706529e-06
6.69196650839e-09	5.36189850209e-06
6.71170682257e-09	4.04472373816e-07
6.73144713676e-09	-4.90850129609e-06
6.75118745094e-09	-9.4642869044e-06
6.77092776513e-09	-1.23788354358e-05
6.79066807931e-09	-1.31629476527e-05
6.81040839349e-09	-1.17808353934e-05
6.83014870768e-09	-8.62285014591e-06
6.84988902186e-09	-4.41394763584e-06
6.86962933605e-09	-7.05276050894e-08
6.88936965023e-09	3.49010315404e-06
6.90910996441e-09	5.56582290301e-06
6.9288502786e-09	5.86570922678e-06
6.94859059278e-09	4.61597869617e-06
6.96833090697e-09	2.51554217812e-06
6.98807122115e-09	5.26147942992e-07
7.00781153533e-09	-4.51030317095e-07
7.02755184952e-09	9.82330163879e-08
7.0472921637e-09	2.09767154047e-06
7.06703247789e-09	4.88747400595e-06
7.08677279207e-09	7.44572412259e-06
7.10651310625e-09	8.74375928106e-06
7.12625342044e-09	8.10051324152e-06
7.14599373462e-09	5.40715177522e-06
7.16573404881e-09	1.15009083856e-06
7.18547436299e-09	-3.75470278868e-06
7.20521467717e-09	-8.23994196253e-06
7.22495499136e-09	-1.13730766316e-05
7.24469530554e-09	-1.25662518258e-05
7.26443561973e-09	-1.16720666483e-05
7.28417593391e-09	-8.97288919077e-06
7.3039162481e-09	-5.09271148985e-06
7.32365656228e-09	-8.6067282723e-07
7.34339687646e-09	2.8569385222e-06
7.36313719065e-09	5.34126343155e-06
7.38287750483e-09	6.19746697339e-06
7.40261781902e-09	5.47545801055e-06
7.4223581332e-09	3.68010694274e-06
7.44209844738e-09	1.6377636598e-06
7.46183876157e-09	2.36676989118e-07
7.48157907575e-09	1.16527480998e-07
7.50131938994e-09	1.42113310631e-06
7.52105970412e-09	3.71831504253e-06
7.5408000183e-09	6.13159409113e-06
7.56054033249e-09	7.64286460253e-06
7.58028064667e-09	7.4553486229e-06
7.60002096086e-09	5.27883616996e-06
7.61976127504e-09	1.43415428511e-06
7.63950158922e-09	-3.2520839568e-06
7.65924190341e-09	-7.70949395701e-06
7.67898221759e-09	-1.09384732241e-05
7.69872253178e-09	-1.22703982015e-05
7.71846284596e-09	-1.15054945127e-05
7.73820316014e-09	-8.91281069926e-06
7.75794347433e-09	-5.12361043548e-06
7.77768378851e-09	-9.65371953043e-07
7.7974241027e-09	2.72284194125e-06
7.81716441688e-09	5.26427834302e-06
7.83690473106e-09	6.2878193603e-06
7.85664504525e-09	5.81501444685e-06
7.87638535943e-09	4.26224733019e-06
7.89612567362e-09	2.33538787597e-06
7.9158659878e-09	8.25032316243e-07
7.93560630198e-09	3.50356188505e-07
7.95534661617e-09	1.13572099281e-06
7.97508693035e-09	2.90750438126e-06
7.99482724454e-09	4.96408824802e-06
8.01456755872e-09	6.4080845732e-06
8.0343078729e-09	6.46181229058e-06
8.05404818709e-09	4.75073238704e-06
8.07378850127e-09	1.4476345882e-06
8.09352881546e-09	-2.77150184047e-06
8.11326912964e-09	-6.93869560564e-06
8.13300944382e-09	-1.00870474853e-05
8.15274975801e-09	-1.15218067549e-05
8.17249007219e-09	-1.09851662273e-05
8.19223038638e-09	-8.68208917382e-06
8.21197070056e-09	-5.1840006563e-06
8.23171101475e-09	-1.26110484189e-06
8.25145132893e-09	2.30412194924e-06
8.27119164311e-09	4.88142291033e-06
8.2909319573e-09	6.11266614214e-06
8.31067227148e-09	5.9756371229e-06
8.33041258567e-09	4.7806636303e-06
8.35015289985e-09	3.09123390707e-06
8.36989321403e-09	1.57291572123e-06
8.38963352822e-09	7.97150477183e-07
8.4093738424e-09	1.05221749891e-06
8.42911415659e-09	2.22855419452e-06
8.44885447077e-09	3.83011808935e-06
8.46859478495e-09	5.12439783051e-06
8.48833509914e-09	5.38983567822e-06
8.50807541332e-09	4.1769606014e-06
8.52781572751e-09	1.48635984942e-06
8.54755604169e-09	-2.20346441893e-06
8.56729635587e-09	-6.070892141e-06
8.58703667006e-09	-9.19801686905e-06
8.60677698424e-09	-1.08411754809e-05
8.62651729843e-09	-1.06333645817e-05
8.64625761261e-09	-8.66155960466e-06
8.66599792679e-09	-5.40977703167e-06
8.68573824098e-09	-1.60512871616e-06
8.70547855516e-09	1.97594965812e-06
8.72521886935e-09	4.68656230623e-06
8.74495918353e-09	6.13732208876e-06
8.76469949771e-09	6.25770576335e-06
8.7844398119e-09	5.28958480572e-06
8.80418012608e-09	3.71568694391e-06
8.82392044027e-09	2.1325167836e-06
8.84366075445e-09	1.08701442514e-06
8.86340106863e-09	9.13091383836e-07
8.88314138282e-09	1.61511997021e-06
8.902881697e-09	2.84604777789e-06
8.92262201119e-09	4.00217481911e-06
8.94236232537e-09	4.4181517751e-06
8.96210263955e-09	3.6017606817e-06
8.98184295374e-09	1.42807579095e-06
9.00158326792e-09	-1.78416701146e-06
9.02132358211e-09	-5.34549531039e-06
9.04106389629e-09	-8.39759422888e-06
9.06080421047e-09	-1.0172245311e-05
9.08054452466e-09	-1.02181870716e-05
9.10028483884e-09	-8.52061020851e-06
9.12002515303e-09	-5.48396951672e-06
9.13976546721e-09	-1.79679915391e-06
9.15950578139e-09	1.76611024472e-06
9.17924609558e-09	4.53958682556e-06
9.19898640976e-09	6.11071982348e-06
9.21872672395e-09	6.38398228148e-06
9.23846703813e-09	5.56842269361e-06
9.25820735232e-09	4.1003777369e-06
9.2779476665e-09	2.52284803537e-06
9.29768798068e-09	1.34276922381e-06
9.31742829487e-09	8.9365732947e-07
9.33716860905e-09	1.2353966099e-06
9.35690892324e-09	2.12433178604e-06
9.37664923742e-09	3.07458310544e-06
9.3963895516e-09	3.5066517512e-06
9.41612986579e-09	2.94396147638e-06
9.43587017997e-09	1.19517426356e-06
9.45561049416e-09	-1.54633659122e-06
9.47535080834e-09	-4.72893361803e-06
9.49509112252e-09	-7.59378963266e-06
9.51483143671e-09	-9.40194195209e-06
9.53457175089e-09	-9.65841809375e-06
9.55431206508e-09	-8.25783536129e-06
9.57405237926e-09	-5.50514505449e-06
9.59379269344e-09	-2.01395675958e-06
9.61353300763e-09	1.47535587303e-06
9.63327332181e-09	4.29329475082e-06
9.653013636e-09	5.99707345827e-06
9.67275395018e-09	6.44879332867e-06
9.69249426436e-09	5.80967571295e-06
9.71223457855e-09	4.46602098236e-06
9.73197489273e-09	2.91343235403e-06
9.75171520692e-09	1.62586724173e-06
9.7714555211e-09	9.3516601396e-07
9.79119583528e-09	9.44392468227e-07
9.81093614947e-09	1.49662213289e-06
9.83067646365e-09	2.21419963964e-06
9.85041677784e-09	2.60906017502e-06
9.87015709202e-09	2.24057930609e-06
9.8898974062e-09	8.76748430301e-07
9.90963772039e-09	-1.39723226766e-06
9.92937803457e-09	-4.1680641516e-06
9.94911834876e-09	-6.79443655827e-06
9.96885866294e-09	-8.59178044266e-06
9.98859897712e-09	-9.04081662156e-06
1.00083392913e-08	-7.94878951638e-06
1.00280796055e-08	-5.50846357328e-06
1.00478199197e-08	-2.23860570259e-06
1.00675602339e-08	1.16893693303e-06
1.0087300548e-08	4.04084767069e-06
1.01070408622e-08	5.89133196627e-06
1.01267811764e-08	6.52266362522e-06
1.01465214906e-08	6.03911075814e-06
1.01662618048e-08	4.78364972878e-06
1.0186002119e-08	3.22472294556e-06
1.02057424331e-08	1.82591674047e-06
1.02254827473e-08	9.28563878233e-07
1.02452230615e-08	6.70075309017e-07
1.02649633757e-08	9.53983658292e-07
1.02847036899e-08	1.47970871467e-06
1.03044440041e-08	1.83071051651e-06
1.03241843183e-08	1.60417215511e-06
1.03439246324e-08	5.50292611479e-07
1.03636649466e-08	-1.32154730181e-06
1.03834052608e-08	-3.70985048903e-06
1.0403145575e-08	-6.08218215348e-06
1.04228858892e-08	-7.81987409937e-06
1.04426262034e-08	-8.40322445583e-06
1.04623665175e-08	-7.57625912229e-06
1.04821068317e-08	-5.4335605455e-06
1.05018471459e-08	-2.39918097122e-06
1.05215874601e-08	8.94003562735e-07
1.05413277743e-08	3.78217521302e-06
1.05610680885e-08	5.74673845222e-06
1.05808084026e-08	6.53450342725e-06
1.06005487168e-08	6.19342836217e-06
1.0620289031e-08	5.02385250911e-06
1.06400293452e-08	3.47014713498e-06
1.06597696594e-08	1.98918269234e-06
1.06795099736e-08	9.31284461103e-07
1.06992502878e-08	4.59635899119e-07
1.07189906019e-08	5.20929319237e-07
1.07387309161e-08	8.72043045774e-07
1.07584712303e-08	1.15581713089e-06
1.07782115445e-08	1.01058316204e-06
1.07979518587e-08	1.89341790247e-07
1.08176921729e-08	-1.34405206609e-06
1.0837432487e-08	-3.3737820786e-06
1.08571728012e-08	-5.46681144442e-06
1.08769131154e-08	-7.08259744897e-06
1.08966534296e-08	-7.729128356e-06
1.09163937438e-08	-7.11758934813e-06
1.0936134058e-08	-5.26283861291e-06
1.09558743721e-08	-2.49355048254e-06
1.09756146863e-08	6.33636545899e-07
1.09953550005e-08	3.48816456608e-06
1.10150953147e-08	5.53641052647e-06
1.10348356289e-08	6.47530805509e-06
1.10545759431e-08	6.29034184385e-06
1.10743162572e-08	5.22791469848e-06
1.10940565714e-08	3.69933957245e-06
1.11137968856e-08	2.15255067815e-06
1.11335371998e-08	9.49926970861e-07
1.1153277514e-08	2.83135022983e-07
1.11730178282e-08	1.40612527844e-07
1.11927581424e-08	3.29375168917e-07
1.12124984565e-08	5.42446372265e-07
1.12322387707e-08	4.5476453181e-07
1.12519790849e-08	-1.73212292509e-07
1.12717193991e-08	-1.40933030934e-06
1.12914597133e-08	-3.10620362143e-06
1.13112000275e-08	-4.9182656312e-06
1.13309403416e-08	-6.3830639192e-06
1.13506806558e-08	-7.04887247593e-06
1.137042097e-08	-6.6134109602e-06
1.13901612842e-08	-5.02878401676e-06
1.14099015984e-08	-2.53449286447e-06
1.14296419126e-08	3.95820407562e-07
1.14493822267e-08	3.17976991937e-06
1.14691225409e-08	5.28402847522e-06
1.14888628551e-08	6.36349614069e-06
1.15086031693e-08	6.33961326457e-06
1.15283434835e-08	5.39686084267e-06
1.15480837977e-08	3.90596301258e-06
1.15678241118e-08	2.30329544593e-06
1.1587564426e-08	9.66514420497e-07
1.16073047402e-08	1.20830669914e-07
1.16270450544e-08	-2.02701890828e-07
1.16467853686e-08	-1.52887146498e-07
1.16665256828e-08	2.03010275257e-09
1.1686265997e-08	-3.68958836816e-08
1.17060063111e-08	-5.04043072169e-07
1.17257466253e-08	-1.48972281977e-06
1.17454869395e-08	-2.8971271604e-06
1.17652272537e-08	-4.4498178795e-06
1.17849675679e-08	-5.75343960918e-06
1.18047078821e-08	-6.40077064418e-06
1.18244481962e-08	-6.09283051745e-06
1.18441885104e-08	-4.73990280625e-06
1.18639288246e-08	-2.50779612543e-06
1.18836691388e-08	2.09330181633e-07
1.1903409453e-08	2.88660419301e-06
1.19231497672e-08	5.0069977533e-06
1.19428900813e-08	6.19845445726e-06
1.19626303955e-08	6.32568685432e-06
1.19823707097e-08	5.51035032004e-06
1.20021110239e-08	4.0760162392e-06
1.20218513381e-08	2.44059503984e-06
1.20415916523e-08	9.925328186e-07
1.20613319664e-08	-1.09363167411e-08
1.20810722806e-08	-4.9715924888e-07
1.21008125948e-08	-5.73906163481e-07
1.2120552909e-08	-4.75592742077e-07
1.21402932232e-08	-4.79336833337e-07
1.21600335374e-08	-8.1452702716e-07
1.21797738516e-08	-1.58757626423e-06
1.21995141657e-08	-2.74014701063e-06
1.22192544799e-08	-4.05146943194e-06
1.22389947941e-08	-5.18711817676e-06
1.22587351083e-08	-5.78558183406e-06
1.22784754225e-08	-5.56242116545e-06
1.22982157367e-08	-4.40321491624e-06
1.23179560508e-08	-2.41592044858e-06
1.2337696365e-08	7.78673268087e-08
1.23574366792e-08	2.6153146564e-06
1.23771769934e-08	4.70990607937e-06
1.23969173076e-08	5.97930943513e-06
1.24166576218e-08	6.24376752967e-06
1.24363979359e-08	5.56452255296e-06
1.24561382501e-08	4.21153458774e-06
1.24758785643e-08	2.57302485807e-06
1.24956188785e-08	1.03877067659e-06
1.25153591927e-08	-1.0646537163e-07
1.25350995069e-08	-7.47821928826e-07
1.2554839821e-08	-9.49174591369e-07
1.25745801352e-08	-9.09724974463e-07
1.25943204494e-08	-8.86216156459e-07
1.26140607636e-08	-1.10515378537e-06
1.26338010778e-08	-1.68877801343e-06
1.2653541392e-08	-2.61220839093e-06
1.26732817062e-08	-3.70149814444e-06
1.26930220203e-08	-4.673363037e-06
1.27127623345e-08	-5.20815933669e-06
1.27325026487e-08	-5.0403334626e-06
1.27522429629e-08	-4.04236925533e-06
1.27719832771e-08	-2.27795453611e-06
1.27917235913e-08	-5.85855275403e-09
1.28114639054e-08	2.37231404299e-06
1.28312042196e-08	4.4087310016e-06
1.28509445338e-08	5.72428712076e-06
1.2870684848e-08	6.10704455539e-06
1.28904251622e-08	5.56385975869e-06
1.29101654764e-08	4.30885370406e-06
1.29299057905e-08	2.69275210485e-06
1.29496461047e-08	1.09730899567e-06
1.29693864189e-08	-1.71368952806e-07
1.29891267331e-08	-9.5780521292e-07
1.30088670473e-08	-1.28063300053e-06
1.30286073615e-08	-1.30209548388e-06
1.30483476757e-08	-1.25811629914e-06
1.30680879898e-08	-1.37355391416e-06
1.3087828304e-08	-1.78683148988e-06
1.31075686182e-08	-2.50389973644e-06
1.31273089324e-08	-3.39147175055e-06
1.31470492466e-08	-4.20941137236e-06
1.31667895608e-08	-4.67454697173e-06
1.31865298749e-08	-4.54043242826e-06
1.32062701891e-08	-3.67353800357e-06
1.32260105033e-08	-2.1051615704e-06
1.32457508175e-08	-4.25890220868e-08
1.32654911317e-08	2.16804050979e-06
1.32852314459e-08	4.12049098486e-06
1.330497176e-08	5.44922500012e-06
1.33247120742e-08	5.92342735217e-06
1.33444523884e-08	5.50599133931e-06
1.33641927026e-08	4.35823108091e-06
1.33839330168e-08	2.78858260572e-06
1.3403673331e-08	1.16125738714e-06
1.34234136451e-08	-2.05881732995e-07
1.34431539593e-08	-1.12272510933e-06
1.34628942735e-08	-1.56351325131e-06
1.34826345877e-08	-1.65103256222e-06
1.35023749019e-08	-1.59758349128e-06
1.35221152161e-08	-1.62433082096e-06
1.35418555303e-08	-1.88484909813e-06
1.35615958444e-08	-2.41421435021e-06
1.35813361586e-08	-3.11611063353e-06
1.36010764728e-08	-3.78855895633e-06
1.3620816787e-08	-4.18044419348e-06
1.36405571012e-08	-4.06370895689e-06
1.36602974154e-08	-3.30325690356e-06
1.36800377295e-08	-1.90683590517e-06
1.36997780437e-08	-3.99129973516e-08
1.37195183579e-08	2.00051749744e-06
1.37392586721e-08	3.84988516089e-06
1.37589989863e-08	5.16326622346e-06
1.37787393005e-08	5.70220117879e-06
1.37984796146e-08	5.39617144568e-06
1.38182199288e-08	4.35936908616e-06
1.3837960243e-08	2.85624787466e-06
1.38577005572e-08	1.22572487271e-06
1.38774408714e-08	-2.12799328381e-07
1.38971811856e-08	-1.24267336332e-06
1.39169214997e-08	-1.79699463843e-06
1.39366618139e-08	-1.95739471565e-06
1.39564021281e-08	-1.9079390654e-06
1.39761424423e-08	-1.86173252814e-06
1.39958827565e-08	-1.98480245217e-06
1.40156230707e-08	-2.34040783198e-06
1.40353633849e-08	-2.86812519334e-06
1.4055103699e-08	-3.40207304816e-06
1.40748440132e-08	-3.72022429929e-06
1.40945843274e-08	-3.61107049685e-06
1.41143246416e-08	-2.93952359698e-06
1.41340649558e-08	-1.69492147961e-06
1.415380527e-08	-8.61530224938e-09
1.41735455841e-08	1.86478223441e-06
1.41932858983e-08	3.60017008916e-06
1.42130262125e-08	4.87678289574e-06
1.42327665267e-08	5.45667785445e-06
1.42525068409e-08	5.24541997038e-06
1.42722471551e-08	4.31678904533e-06
1.42919874692e-08	2.89258957764e-06
1.43117277834e-08	1.28209529748e-06
1.43314680976e-08	-2.01850198778e-07
1.43512084118e-08	-1.32430278654e-06
1.4370948726e-08	-1.98281816211e-06
1.43906890402e-08	-2.21898471864e-06
1.44104293543e-08	-2.18585773837e-06
1.44301696685e-08	-2.08365986509e-06
1.44499099827e-08	-2.08636038224e-06
1.44696502969e-08	-2.28228782362e-06
1.44893906111e-08	-2.64576408426e-06
1.45091309253e-08	-3.04628053982e-06
1.45288712395e-08	-3.29031172441e-06
1.45486115536e-08	-3.18216928008e-06
1.45683518678e-08	-2.58684417531e-06
1.4588092182e-08	-1.47775926962e-06
1.46078324962e-08	4.28543707187e-08
1.46275728104e-08	1.75686545845e-06
1.46473131246e-08	3.37427059094e-06
1.46670534387e-08	4.59858506474e-06
1.46867937529e-08	5.19764421369e-06
1.47065340671e-08	5.06185733684e-06
1.47262743813e-08	4.23300161856e-06
1.47460146955e-08	2.89442800749e-06
1.47657550097e-08	1.32371616246e-06
1.47854953238e-08	-1.7992979906e-07
1.4805235638e-08	-1.37236514774e-06
1.48249759522e-08	-2.12257293697e-06
1.48447162664e-08	-2.43477563799e-06
1.48644565806e-08	-2.428970447e-06
1.48841968948e-08	-2.2878037953e-06
1.4903937209e-08	-2.18805450913e-06
1.49236775231e-08	-2.23942743105e-06
1.49434178373e-08	-2.44893431045e-06
1.49631581515e-08	-2.72080717423e-06
1.49828984657e-08	-2.88968760742e-06
1.50026387799e-08	-2.77586389075e-06
1.50223790941e-08	-2.24527491355e-06
1.50421194082e-08	-1.25777398807e-06
1.50618597224e-08	1.09823425021e-07
1.50816000366e-08	1.67152472841e-06
1.51013403508e-08	3.16929265409e-06
1.5121080665e-08	4.3304328301e-06
1.51408209792e-08	4.931819376e-06
1.51605612933e-08	4.85466784994e-06
1.51803016075e-08	4.11554719904e-06
1.52000419217e-08	2.8641489962e-06
1.52197822359e-08	1.34697006615e-06
1.52395225501e-08	-1.54522766138e-07
1.52592628643e-08	-1.39431620028e-06
1.52790031784e-08	-2.2204628749e-06
1.52987434926e-08	-2.60475871983e-06
1.53184838068e-08	-2.63465881289e-06
1.5338224121e-08	-2.47142133958e-06
1.53579644352e-08	-2.28872147545e-06
1.53777047494e-08	-2.21202935791e-06
1.53974450636e-08	-2.27780287787e-06
1.54171853777e-08	-2.42441217324e-06
1.54369256919e-08	-2.51585129263e-06
1.54566660061e-08	-2.38989900936e-06
1.54764063203e-08	-1.91486651602e-06
1.54961466345e-08	-1.03823708741e-06
1.55158869487e-08	1.8671328661e-07
1.55356272628e-08	1.60339624244e-06
1.5555367577e-08	2.98273698718e-06
1.55751078912e-08	4.07428274229e-06
1.55948482054e-08	4.66514097752e-06
1.56145885196e-08	4.63165838482e-06
1.56343288338e-08	3.97125791096e-06
1.56540691479e-08	2.80515416762e-06
1.56738094621e-08	1.35069728913e-06
1.56935497763e-08	-1.30783732288e-07
1.57132900905e-08	-1.39727495707e-06
1.57330304047e-08	-2.28302235428e-06
1.57527707189e-08	-2.73262730843e-06
1.5772511033e-08	-2.80275207842e-06
1.57922513472e-08	-2.63119784449e-06
1.58119916614e-08	-2.38380550854e-06
1.58317319756e-08	-2.19643288801e-06
1.58514722898e-08	-2.13085036194e-06
1.5871212604e-08	-2.15752584154e-06
1.58909529182e-08	-2.17002764202e-06
1.59106932323e-08	-2.02527996862e-06
1.59304335465e-08	-1.59612022799e-06
1.59501738607e-08	-8.19893301696e-07
1.59699141749e-08	2.71680946184e-07
1.59896544891e-08	1.54949145781e-06
1.60093948033e-08	2.81181223727e-06
1.60291351174e-08	3.82959888157e-06
1.60488754316e-08	4.40072153651e-06
1.60686157458e-08	4.39919517703e-06
1.608835606e-08	3.80727033189e-06
1.61080963742e-08	2.72214572306e-06
1.61278366884e-08	1.33497559318e-06
1.61475770025e-08	-1.13335584473e-07
1.61673173167e-08	-1.38847116204e-06
1.61870576309e-08	-2.316736186e-06
1.62067979451e-08	-2.82167388832e-06
1.62265382593e-08	-2.93276013963e-06
1.62462785735e-08	-2.76405978639e-06
1.62660188876e-08	-2.46958734351e-06
1.62857592018e-08	-2.19000833113e-06
1.6305499516e-08	-2.00703459541e-06
1.63252398302e-08	-1.92029148138e-06
1.63449801444e-08	-1.85277991704e-06
1.63647204586e-08	-1.68248743648e-06
1.63844607728e-08	-1.28955167611e-06
1.64042010869e-08	-6.03678046218e-07
1.64239414011e-08	3.63059001529e-07
1.64436817153e-08	1.50774900476e-06
1.64634220295e-08	2.65488790774e-06
1.64831623437e-08	3.59611863132e-06
1.65029026579e-08	4.14034684582e-06
1.6522642972e-08	4.16100851908e-06
1.65423832862e-08	3.62839170975e-06
1.65621236004e-08	2.61943455371e-06
1.65818639146e-08	1.30180779934e-06
1.66016042288e-08	-1.03476100577e-07
1.6621344543e-08	-1.37224020591e-06
1.66410848571e-08	-2.32761874486e-06
1.66608251713e-08	-2.87729403681e-06
1.66805654855e-08	-3.02736816593e-06
1.67003057997e-08	-2.86912541014e-06
1.67200461139e-08	-2.54257122378e-06
1.67397864281e-08	-2.18841728383e-06
1.67595267423e-08	-1.90320309912e-06
1.67792670564e-08	-1.71179163999e-06
1.67990073706e-08	-1.56505154791e-06
1.68187476848e-08	-1.363190961e-06
1.6838487999e-08	-9.96528854103e-07
1.68582283132e-08	-3.90392102645e-07
1.68779686274e-08	4.60240229927e-07
1.68977089415e-08	1.4771301835e-06
1.69174492557e-08	2.51051608302e-06
1.69371895699e-08	3.37285416663e-06
1.69569298841e-08	3.884681405e-06
1.69766701983e-08	3.91995718019e-06
1.69964105125e-08	3.43916394741e-06
1.70161508266e-08	2.50155517278e-06
1.70358911408e-08	1.25383417071e-06
1.7055631455e-08	-1.01772762662e-07
1.70753717692e-08	-1.35237331733e-06
1.70951120834e-08	-2.32125228194e-06
1.71148523976e-08	-2.90477487397e-06
1.71345927117e-08	-3.08974472318e-06
1.71543330259e-08	-2.94651499644e-06
1.71740733401e-08	-2.60011006503e-06
1.71938136543e-08	-2.1876937808e-06
1.72135539685e-08	-1.81577644298e-06
1.72332942827e-08	-1.5300320797e-06
1.72530345969e-08	-1.30688744093e-06
1.7272774911e-08	-1.06891457108e-06
1.72925152252e-08	-7.19055123e-07
1.73122555394e-08	-1.81683333267e-07
1.73319958536e-08	5.62141423188e-07
1.73517361678e-08	1.45694014009e-06
1.7371476482e-08	2.37821450355e-06
1.73912167961e-08	3.1597060115e-06
1.74109571103e-08	3.63444564755e-06
1.74306974245e-08	3.67813254343e-06
1.74504377387e-08	3.24280540553e-06
1.74701780529e-08	2.37196627495e-06
1.74899183671e-08	1.19339699722e-06
1.75096586812e-08	-1.08113770381e-07
1.75293989954e-08	-1.33125536195e-06
1.75491393096e-08	-2.30181115057e-06
1.75688796238e-08	-2.90871730613e-06
1.7588619938e-08	-3.12338136155e-06
1.76083602522e-08	-2.99761813949e-06
1.76281005663e-08	-2.64110178705e-06
1.76478408805e-08	-2.18475167912e-06
1.76675811947e-08	-1.74086932248e-06
1.76873215089e-08	-1.37188004601e-06
1.77070618231e-08	-1.07701765728e-06
1.77268021373e-08	-8.00709784698e-07
1.77465424515e-08	-4.59719771584e-07
1.77662827656e-08	1.96706491096e-08
1.77860230798e-08	6.67061073045e-07
1.7805763394e-08	1.44702534044e-06
1.78255037082e-08	2.25888697969e-06
1.78452440224e-08	2.95764823477e-06
1.78649843366e-08	3.39023620199e-06
1.78847246507e-08	3.43606086517e-06
1.79044649649e-08	3.04061211409e-06
1.79242052791e-08	2.23311042191e-06
1.79439455933e-08	1.12338597091e-06
1.79636859075e-08	-1.2071139821e-07
1.79834262217e-08	-1.30964741629e-06
1.80031665358e-08	-2.27290013299e-06
1.802290685e-08	-2.8942362178e-06
1.80426471642e-08	-3.13268537866e-06
1.80623874784e-08	-3.02427622501e-06
1.80821277926e-08	-2.66443930741e-06
1.81018681068e-08	-2.17651904677e-06
1.81216084209e-08	-1.67504873616e-06
1.81413487351e-08	-1.23485716585e-06
1.81610890493e-08	-8.74475659884e-07
1.81808293635e-08	-5.58758671332e-07
1.82005696777e-08	-2.19591520079e-07
1.82203099919e-08	2.12062680305e-07
1.82400503061e-08	7.7322317793e-07
1.82597906202e-08	1.44586232409e-06
1.82795309344e-08	2.15172042317e-06
1.82992712486e-08	2.76705782198e-06
1.83190115628e-08	3.15358431635e-06
1.8338751877e-08	3.19586524711e-06
1.83584921912e-08	2.83465692519e-06
1.83782325053e-08	2.08660935641e-06
1.83979728195e-08	1.04489248542e-06
1.84177131337e-08	-1.39105274855e-07
1.84374534479e-08	-1.2879620499e-06
1.84571937621e-08	-2.23615609229e-06
1.84769340763e-08	-2.86430656615e-06
1.84966743904e-08	-3.12139479774e-06
1.85164147046e-08	-3.02959142573e-06
1.85361550188e-08	-2.67119764885e-06
1.8555895333e-08	-2.16138676024e-06
1.85756356472e-08	-1.61475327332e-06
1.85953759614e-08	-1.11510502165e-06
1.86151162756e-08	-6.96790948496e-07
1.86348565897e-08	-3.42921978813e-07
1.86545969039e-08	-3.79077214063e-10
1.86743372181e-08	3.93073960936e-07
1.86940775323e-08	8.78606869037e-07
1.87138178465e-08	1.45241540395e-06
1.87335581607e-08	2.05664161967e-06
1.87532984748e-08	2.5885242394e-06
1.8773038789e-08	2.92549214009e-06
1.87927791032e-08	2.95893391922e-06
1.88125194174e-08	2.62664491402e-06
1.88322597316e-08	1.93423693418e-06
1.88520000458e-08	9.59251934773e-07
1.88717403599e-08	-1.62807090476e-07
1.88914806741e-08	-1.26680481571e-06
1.89112209883e-08	-2.19326204842e-06
1.89309613025e-08	-2.82143901131e-06
1.89507016167e-08	-3.09231120355e-06
1.89704419309e-08	-3.0160604183e-06
1.8990182245e-08	-2.66268898486e-06
1.90099225592e-08	-2.13892167267e-06
1.90296628734e-08	-1.55774313271e-06
1.90494031876e-08	-1.00931401903e-06
1.90691435018e-08	-5.40963924323e-07
1.9088883816e-08	-1.5175158552e-07
1.91086241302e-08	1.97219350184e-07
1.91283644443e-08	5.60458545351e-07
1.91481047585e-08	9.80627646641e-07
1.91678450727e-08	1.46494329556e-06
1.91875853869e-08	1.97338499675e-06
1.92073257011e-08	2.42291105224e-06
1.92270660153e-08	2.70728673968e-06
1.92468063294e-08	2.72658758149e-06
1.92665466436e-08	2.41781594923e-06
1.92862869578e-08	1.77721648242e-06
1.9306027272e-08	8.67683496608e-07
1.93257675862e-08	-1.90977601733e-07
1.93455079004e-08	-1.24633339738e-06
1.93652482145e-08	-2.14569513446e-06
1.93849885287e-08	-2.76814319022e-06
1.94047288429e-08	-3.04825903186e-06
1.94244691571e-08	-2.9858591688e-06
1.94442094713e-08	-2.6398929549e-06
1.94639497855e-08	-2.10870450701e-06
1.94836900996e-08	-1.50244727593e-06
1.95034304138e-08	-9.15262972967e-07
1.9523170728e-08	-4.04675787991e-07
1.95429110422e-08	1.64646554168e-08
1.95626513564e-08	3.7378904949e-07
1.95823916706e-08	7.13330905455e-07
1.96021319848e-08	1.07726492615e-06
1.96218722989e-08	1.48115714182e-06
1.96416126131e-08	1.90033915715e-06
1.96613529273e-08	2.27009502396e-06
1.96810932415e-08	2.5003536166e-06
1.97008335557e-08	2.5010091349e-06
1.97205738699e-08	2.21019195124e-06
1.9740314184e-08	1.61681822419e-06
1.97600544982e-08	7.7060252579e-07
1.97797948124e-08	-2.23798174659e-07
1.97995351266e-08	-1.22698935456e-06
1.98192754408e-08	-2.09418806207e-06
1.9839015755e-08	-2.70571729288e-06
1.98587560691e-08	-2.99120154068e-06
1.98784963833e-08	-2.94130882139e-06
1.98982366975e-08	-2.60464651092e-06
1.99179770117e-08	-2.07127254725e-06
1.99377173259e-08	-1.44770996258e-06
1.99574576401e-08	-8.30455007872e-07
1.99771979542e-08	-2.85124144739e-07
1.99969382684e-08	1.63756396887e-07
2.00166785826e-08	5.29876672317e-07
2.00364188968e-08	8.50739127145e-07
2.0056159211e-08	1.16661726679e-06
2.00758995252e-08	1.4990832824e-06
2.00956398394e-08	1.83626849548e-06
2.01153801535e-08	2.12988027215e-06
2.01351204677e-08	2.3055206384e-06
2.01548607819e-08	2.28371254707e-06
2.01746010961e-08	2.00546514861e-06
2.01943414103e-08	1.45447722844e-06
2.02140817245e-08	6.68896632305e-07
2.02338220386e-08	-2.61007926383e-07
2.02535623528e-08	-1.20920310565e-06
2.0273302667e-08	-2.03979209346e-06
2.02930429812e-08	-2.63574645487e-06
2.03127832954e-08	-2.92304980576e-06
2.03325236096e-08	-2.88426315365e-06
2.03522639237e-08	-2.55826535067e-06
2.03720042379e-08	-2.02694843665e-06
2.03917445521e-08	-1.39269599231e-06
2.04114848663e-08	-7.53180103175e-07
2.04312251805e-08	-1.8023265369e-07
2.04509654947e-08	2.9190557882e-07
2.04707058089e-08	6.66383812131e-07
2.0490446123e-08	9.72556222223e-07
2.05101864372e-08	1.24768911292e-06
2.05299267514e-08	1.51718802499e-06
2.05496670656e-08	1.77960237124e-06
2.05694073798e-08	2.00129250061e-06
2.0589147694e-08	2.12281372569e-06
2.06088880081e-08	2.07582911571e-06
2.06286283223e-08	1.80559680985e-06
2.06483686365e-08	1.29222689793e-06
2.06681089507e-08	5.63896406902e-07
2.06878492649e-08	-3.02483243786e-07
2.07075895791e-08	-1.19392740316e-06
2.07273298932e-08	-1.98403506602e-06
2.07470702074e-08	-2.55972486229e-06
2.07668105216e-08	-2.84500981707e-06
2.07865508358e-08	-2.81571942651e-06
2.080629115e-08	-2.5017243388e-06
2.08260314642e-08	-1.97656811451e-06
2.08457717783e-08	-1.33762546284e-06
2.08655120925e-08	-6.82492157011e-07
2.08852524067e-08	-8.79287576083e-08
2.09049927209e-08	4.0337144469e-07
2.09247330351e-08	7.8508796264e-07
2.09444733493e-08	1.07900063995e-06
2.09642136635e-08	1.31909905576e-06
2.09839539776e-08	1.53335759023e-06
2.10036942918e-08	1.72866208459e-06
2.1023434606e-08	1.88378658095e-06
2.10431749202e-08	1.95283257654e-06
2.10629152344e-08	1.87856301181e-06
2.10826555486e-08	1.61180264513e-06
2.11023958627e-08	1.13108154665e-06
2.11221361769e-08	4.56436424656e-07
2.11418764911e-08	-3.47576019522e-07
2.11616168053e-08	-1.18098773783e-06
2.11813571195e-08	-1.92756465367e-06
2.12010974337e-08	-2.4792344675e-06
2.12208377478e-08	-2.75918728221e-06
2.1240578062e-08	-2.7375698437e-06
2.12603183762e-08	-2.43603653871e-06
2.12800586904e-08	-1.92006899624e-06
2.12997990046e-08	-1.28166010427e-06
2.13195393188e-08	-6.17292926108e-07
2.13392796329e-08	-7.12542380654e-09
2.13590199471e-08	4.99226757711e-07
2.13787602613e-08	8.87075771061e-07
2.13985005755e-08	1.17092878327e-06
2.14182408897e-08	1.38106156555e-06
2.14379812039e-08	1.54683090159e-06
2.14577215181e-08	1.68183703408e-06
2.14774618322e-08	1.77565448212e-06
2.14972021464e-08	1.79472203854e-06
2.15169424606e-08	1.69247806525e-06
2.15366827748e-08	1.42581922091e-06
2.1556423089e-08	9.73117266767e-07
2.15761634032e-08	3.47973795556e-07
2.15959037173e-08	-3.95987399315e-07
2.16156440315e-08	-1.17109891562e-06
2.16353843457e-08	-1.87160907217e-06
2.16551246599e-08	-2.39557482473e-06
2.16748649741e-08	-2.66673612259e-06
2.16946052883e-08	-2.65086544005e-06
2.17143456024e-08	-2.36214020788e-06
2.17340859166e-08	-1.85809795994e-06
2.17538262308e-08	-1.22487949739e-06
2.1773566545e-08	-5.56852455702e-07
2.17933068592e-08	6.36337169624e-08
2.18130471734e-08	5.81208809081e-07
2.18327874875e-08	9.73752548816e-07
2.18525278017e-08	1.24898537024e-06
2.18722681159e-08	1.43330498759e-06
2.18920084301e-08	1.55660711698e-06
2.19117487443e-08	1.63785904306e-06
2.19314890585e-08	1.67586080124e-06
2.19512293727e-08	1.64804691849e-06
2.19709696868e-08	1.51784445279e-06
2.1990710001e-08	1.24857211858e-06
2.20104503152e-08	8.19605190827e-07
2.20301906294e-08	2.3969661811e-07
2.20499309436e-08	-4.46934350862e-07
2.20696712578e-08	-1.16414940976e-06
2.20894115719e-08	-1.81685612688e-06
2.21091518861e-08	-2.31005128626e-06
2.21288922003e-08	-2.56928956333e-06
2.21486325145e-08	-2.55711870523e-06
2.21683728287e-08	-2.28105227507e-06
2.21881131429e-08	-1.79097401087e-06
2.2207853457e-08	-1.16686504725e-06
2.22275937712e-08	-5.00256447822e-07
2.22473340854e-08	1.2545009298e-07
2.22670743996e-08	6.50392308899e-07
2.22868147138e-08	1.04605868501e-06
2.2306555028e-08	1.31388276259e-06
2.23262953422e-08	1.47615037349e-06
2.23460356563e-08	1.56244874461e-06
2.23657759705e-08	1.59588387305e-06
2.23855162847e-08	1.58319767252e-06
2.24052565989e-08	1.51172969254e-06
2.24249969131e-08	1.35434754611e-06
2.24447372273e-08	1.08076574179e-06
2.24644775414e-08	6.7198257625e-07
2.24842178556e-08	1.33162970428e-07
2.25039581698e-08	-4.99468029602e-07
2.2523698484e-08	-1.16022869179e-06
2.25434387982e-08	-1.7642252601e-06
2.25631791124e-08	-2.22397216021e-06
2.25829194265e-08	-2.46812714977e-06
2.26026597407e-08	-2.45739784077e-06
2.26224000549e-08	-2.1935904897e-06
2.26421403691e-08	-1.71922891923e-06
2.26618806833e-08	-1.10774499262e-06
2.26816209975e-08	-4.46983236202e-07
2.27013613116e-08	1.79463441441e-07
2.27211016258e-08	7.08253338644e-07
2.274084194e-08	1.10529725816e-06
2.27605822542e-08	1.36629552117e-06
2.27803225684e-08	1.50955406752e-06
2.28000628826e-08	1.56381855732e-06
2.28198031968e-08	1.55518711153e-06
2.28395435109e-08	1.49695580376e-06
2.28592838251e-08	1.38523972737e-06
2.28790241393e-08	1.20169340789e-06
2.28987644535e-08	9.22496639078e-07
2.29185047677e-08	5.30913723651e-07
2.29382450819e-08	2.94900655007e-08
2.2957985396e-08	-5.52462523729e-07
2.29777257102e-08	-1.15870614081e-06
2.29974660244e-08	-1.71402109572e-06
2.30172063386e-08	-2.13857447307e-06
2.30369466528e-08	-2.36489631789e-06
2.3056686967e-08	-2.3531243869e-06
2.30764272811e-08	-2.10059181427e-06
2.30961675953e-08	-1.64307670047e-06
2.31159079095e-08	-1.04728053429e-06
2.31356482237e-08	-3.96579196149e-07
2.31553885379e-08	2.26431247086e-07
2.31751288521e-08	7.55821190523e-07
2.31948691662e-08	1.15262110967e-06
2.32146094804e-08	1.40720010222e-06
2.32343497946e-08	1.53391687263e-06
2.32540901088e-08	1.56037719989e-06
2.3273830423e-08	1.5149310002e-06
2.32935707372e-08	1.41624838079e-06
2.33133110514e-08	1.26798749989e-06
2.33330513655e-08	1.05972173969e-06
2.33527916797e-08	7.73960465494e-07
2.33725319939e-08	3.96859832108e-07
2.33922723081e-08	-7.06530158823e-08
2.34120126223e-08	-6.05104247597e-07
2.34317529365e-08	-1.15889326935e-06
2.34514932506e-08	-1.66610146835e-06
2.34712335648e-08	-2.05453761737e-06
2.3490973879e-08	-2.2610272481e-06
2.35107141932e-08	-2.24599261855e-06
2.35304545074e-08	-2.00331658107e-06
2.35501948216e-08	-1.56289513598e-06
2.35699351357e-08	-9.85050803592e-07
2.35896754499e-08	-3.48172250142e-07
2.36094157641e-08	2.67186834435e-07
2.36291560783e-08	7.93800268184e-07
2.36488963925e-08	1.1887356095e-06
2.36686367067e-08	1.43735098845e-06
2.36883770208e-08	1.54991539603e-06
2.3708117335e-08	1.55237023591e-06
2.37278576492e-08	1.474653061e-06
2.37475979634e-08	1.34007848374e-06
2.37673382776e-08	1.15892612484e-06
2.37870785918e-08	9.27919700189e-07
2.3806818906e-08	6.35415119632e-07
2.38265592201e-08	2.70579732842e-07
2.38462995343e-08	-1.66432776894e-07
2.38660398485e-08	-6.56827808143e-07
2.38857801627e-08	-1.1606133512e-06
2.39055204769e-08	-1.6205732436e-06
2.39252607911e-08	-1.97221061171e-06
2.39450011052e-08	-2.15723650854e-06
2.39647414194e-08	-2.13709131458e-06
2.39844817336e-08	-1.90302870351e-06
2.40042220478e-08	-1.4796859773e-06
2.4023962362e-08	-9.21286101629e-07
2.40437026762e-08	-3.01141355408e-07
2.40634429903e-08	3.02950923015e-07
2.40831833045e-08	8.23463665256e-07
2.41029236187e-08	1.21451898849e-06
2.41226639329e-08	1.45719428701e-06
2.41424042471e-08	1.55767958177e-06
2.41621445613e-08	1.53979135575e-06
2.41818848754e-08	1.43423795862e-06
2.42016251896e-08	1.26806014578e-06
2.42213655038e-08	1.05742577716e-06
2.4241105818e-08	8.05601843012e-07
2.42608461322e-08	5.0648915817e-07
2.42805864464e-08	1.52313887725e-07
2.43003267606e-08	-2.57103607737e-07
2.43200670747e-08	-7.0677668873e-07
2.43398073889e-08	-1.16330187439e-06
2.43595477031e-08	-1.57743698992e-06
2.43792880173e-08	-1.89215603541e-06
2.43990283315e-08	-2.05438550438e-06
2.44187686457e-08	-2.02741739486e-06
2.44385089598e-08	-1.8006626874e-06
2.4458249274e-08	-1.39415823242e-06
2.44779895882e-08	-8.56312539099e-07
2.44977299024e-08	-2.55188894016e-07
2.45174702166e-08	3.34594659535e-07
2.45372105308e-08	8.45987528919e-07
2.45569508449e-08	1.23109464312e-06
2.45766911591e-08	1.46739603224e-06
2.45964314733e-08	1.55740099217e-06
2.46161717875e-08	1.52251709551e-06
2.46359121017e-08	1.39342370176e-06
2.46556524159e-08	1.1998838545e-06
2.46753927301e-08	9.6306581554e-07
2.46951330442e-08	6.92260897495e-07
2.47148733584e-08	3.8674967584e-07
2.47346136726e-08	4.1962110231e-08
2.47543539868e-08	-3.42236603501e-07
2.4774094301e-08	-7.54137772674e-07
2.47938346152e-08	-1.16623078839e-06
2.48135749293e-08	-1.53646698209e-06
2.48333152435e-08	-1.81482027983e-06
2.48530555577e-08	-1.95344080112e-06
2.48727958719e-08	-1.91799290405e-06
2.48925361861e-08	-1.69701542063e-06
2.49122765003e-08	-1.30677477728e-06
2.49320168144e-08	-7.90286293295e-07
2.49517571286e-08	-2.10233238818e-07
2.49714974428e-08	3.62538557397e-07
2.4991237757e-08	8.62217035547e-07
2.50109780712e-08	1.23958568565e-06
2.50307183854e-08	1.46906438658e-06
2.50504586995e-08	1.5497143977e-06
2.50701990137e-08	1.50048759906e-06
2.50899393279e-08	1.3516212789e-06
2.51096796421e-08	1.13482298048e-06
2.51294199563e-08	8.75339765116e-07
2.51491602705e-08	5.87718346878e-07
2.51689005847e-08	2.76208368177e-07
2.51886408988e-08	-6.04246217506e-08
2.5208381213e-08	-4.21775325776e-07
2.52281215272e-08	-7.98748175157e-07
2.52478618414e-08	-1.16902367608e-06
2.52676021556e-08	-1.49725457277e-06
2.52873424698e-08	-1.74006203224e-06
2.53070827839e-08	-1.85478563708e-06
2.53268230981e-08	-1.80976695674e-06
2.53465634123e-08	-1.59322598847e-06
2.53663037265e-08	-1.21841281953e-06
2.53860440407e-08	-7.23499255173e-07
2.54057843549e-08	-1.65937784402e-07
2.5425524669e-08	3.87535820323e-07
2.54452649832e-08	8.73044371019e-07
2.54650052974e-08	1.24083197761e-06
2.54847456116e-08	1.46288078895e-06
2.55044859258e-08	1.53509046186e-06
2.552422624e-08	1.47390647953e-06
2.55439665541e-08	1.30868266979e-06
2.55637068683e-08	1.07243084813e-06
2.55834471825e-08	7.93685842382e-07
2.56031874967e-08	4.91459474006e-07
2.56229278109e-08	1.74586787693e-07
2.56426681251e-08	-1.54863698754e-07
2.56624084393e-08	-4.95546515822e-07
2.56821487534e-08	-8.40277408543e-07
2.57018890676e-08	-1.17132691457e-06
2.57216293818e-08	-1.45952060393e-06
2.5741369696e-08	-1.66785071087e-06
2.57611100102e-08	-1.75877818265e-06
2.57808503244e-08	-1.70345941797e-06
2.58005906385e-08	-1.4902105363e-06
2.58203309527e-08	-1.12983201461e-06
2.58400712669e-08	-6.56275176425e-07
2.58598115811e-08	-1.2211890521e-07
2.58795518953e-08	4.10157639408e-07
2.58992922095e-08	8.79224160144e-07
2.59190325236e-08	1.23560522525e-06
2.59387728378e-08	1.44955225778e-06
2.5958513152e-08	1.51414383254e-06
2.59782534662e-08	1.44313418105e-06
2.59979937804e-08	1.26458957084e-06
2.60177340946e-08	1.01225987237e-06
2.60374744087e-08	7.17342430789e-07
2.60572147229e-08	4.02795620857e-07
2.60769550371e-08	8.15757630335e-08
2.60966953513e-08	-2.41214927144e-07
2.61164356655e-08	-5.63136495657e-07
2.61361759797e-08	-8.78388078718e-07
2.61559162939e-08	-1.17303585512e-06
2.6175656608e-08	-1.42337393072e-06
2.61953969222e-08	-1.59832262625e-06
2.62151372364e-08	-1.66551524217e-06
2.62348775506e-08	-1.5992611111e-06
2.62546178648e-08	-1.38842415254e-06
2.6274358179e-08	-1.04179969185e-06
2.62940984931e-08	-5.89389088645e-07
2.63138388073e-08	-7.91012091383e-08
2.63335791215e-08	4.30826716524e-07
2.63533194357e-08	8.81794903762e-07
2.63730597499e-08	1.22511750078e-06
2.63928000641e-08	1.42997316743e-06
2.64125403782e-08	1.4871689018e-06
2.64322806924e-08	1.40804530702e-06
2.64520210066e-08	1.2191040355e-06
2.64717613208e-08	9.54132048037e-07
2.6491501635e-08	6.46176744112e-07
2.65112419492e-08	3.21457093833e-07
2.65309822634e-08	-3.33104210881e-09
2.65507225775e-08	-3.19979207575e-07
2.65704628917e-08	-6.24728215826e-07
2.65902032059e-08	-9.12794604346e-07
2.66099435201e-08	-1.1735606904e-06
2.66296838343e-08	-1.38828630725e-06
2.66494241485e-08	-1.53143145099e-06
2.66691644626e-08	-1.57547634672e-06
2.66889047768e-08	-1.49792037973e-06
2.6708645091e-08	-1.28854577497e-06
2.67283854052e-08	-9.5466697303e-07
2.67481257194e-08	-5.22931742353e-07
2.67678660336e-08	-3.68278740837e-08
2.67876063477e-08	4.49663843938e-07
2.68073466619e-08	8.81065545855e-07
2.68270869761e-08	1.20998936382e-06
2.68468272903e-08	1.40502351087e-06
2.68665676045e-08	1.4550601577e-06
2.68863079187e-08	1.36916571591e-06
2.69060482328e-08	1.17215938644e-06
2.6925788547e-08	8.9748505161e-07
2.69455288612e-08	5.79449107363e-07
2.69652691754e-08	2.46879920951e-07
2.69850094896e-08	-8.03157824691e-08
2.70047498038e-08	-3.91104180153e-07
2.7024490118e-08	-6.80222200344e-07
2.70442304321e-08	-9.43436560874e-07
2.70639707463e-08	-1.17286703016e-06
2.70837110605e-08	-1.35420361858e-06
2.71034513747e-08	-1.46705809811e-06
2.71231916889e-08	-1.48861835214e-06
2.71429320031e-08	-1.3996499888e-06
2.71626723172e-08	-1.19106482543e-06
2.71824126314e-08	-8.69091735467e-07
2.72021529456e-08	-4.5740746657e-07
2.72218932598e-08	4.54455317822e-09
2.7241633574e-08	4.66966582735e-07
2.72613738882e-08	8.77669009469e-07
2.72811142023e-08	1.19097438755e-06
2.73008545165e-08	1.37539717571e-06
2.73205948307e-08	1.41836460443e-06
2.73403351449e-08	1.32682322374e-06
2.73600754591e-08	1.12382326733e-06
2.73798157733e-08	8.42105663423e-07
2.73995560874e-08	5.16731518019e-07
2.74192964016e-08	1.78532225448e-07
2.74390367158e-08	-1.49866323795e-07
2.745877703e-08	-4.54838698261e-07
2.74785173442e-08	-7.29615493356e-07
2.74982576584e-08	-9.70152171931e-07
2.75179979726e-08	-1.17075455819e-06
2.75377382867e-08	-1.32096943162e-06
2.75574786009e-08	-1.40514714531e-06
2.75772189151e-08	-1.40503328794e-06
2.75969592293e-08	-1.30468328052e-06
2.76166995435e-08	-1.09636579282e-06
2.76364398577e-08	-7.8552440641e-07
2.76561801718e-08	-3.93223061224e-07
2.7675920486e-08	4.48554526855e-08
2.76956608002e-08	4.82900276211e-07
2.77154011144e-08	8.72084115144e-07
2.77351414286e-08	1.16873826528e-06
2.77548817428e-08	1.34179089173e-06
2.77746220569e-08	1.37763424846e-06
2.77943623711e-08	1.281373045e-06
2.78141026853e-08	1.07420913764e-06
2.78338429995e-08	7.87871471175e-07
2.78535833137e-08	4.57639458773e-07
2.78733236279e-08	1.15867983652e-07
2.7893063942e-08	-2.12505376851e-07
2.79128042562e-08	-5.11545209747e-07
2.79325445704e-08	-7.72969372065e-07
2.79522848846e-08	-9.92748425688e-07
2.79720251988e-08	-1.16693382779e-06
2.7991765513e-08	-1.28839383251e-06
2.80115058272e-08	-1.3457284922e-06
2.80312461413e-08	-1.32490055194e-06
2.80509864555e-08	-1.21325894042e-06
2.80707267697e-08	-1.0046760508e-06
2.80904670839e-08	-7.04199862867e-07
2.81102073981e-08	-3.30635302248e-07
2.81299477123e-08	8.38719991236e-08
2.81496880264e-08	4.97411576816e-07
2.81694283406e-08	8.64572029968e-07
2.81891686548e-08	1.14389968076e-06
2.8208908969e-08	1.30499523721e-06
2.82286492832e-08	1.33358281573e-06
2.82483895974e-08	1.23320160128e-06
2.82681299115e-08	1.02332438701e-06
2.82878702257e-08	7.34496438781e-07
2.83076105399e-08	4.01803831096e-07
2.83273508541e-08	5.85312829315e-08
2.83470911683e-08	-2.68571270112e-07
2.83668314825e-08	-5.61527173204e-07
2.83865717967e-08	-8.10539631857e-07
2.84063121108e-08	-1.01132286545e-06
2.8426052425e-08	-1.16128728678e-06
2.84457927392e-08	-1.25621613734e-06
2.84655330534e-08	-1.28854452441e-06
2.84852733676e-08	-1.24817358937e-06
2.85050136818e-08	-1.12561855303e-06
2.85247539959e-08	-9.16430224152e-07
2.85444943101e-08	-6.25528031151e-07
2.85642346243e-08	-2.69853146051e-07
2.85839749385e-08	1.21587017787e-07
2.86037152527e-08	5.10655695507e-07
2.86234555669e-08	8.55391078858e-07
2.8643195881e-08	1.11680765258e-06
2.86629361952e-08	1.26551009316e-06
2.86826765094e-08	1.28680352418e-06
2.87024168236e-08	1.182846745e-06
2.87221571378e-08	9.71457097876e-07
2.8741897452e-08	6.81878390196e-07
2.87616377661e-08	3.48774563008e-07
2.87813780803e-08	5.95187898966e-09
2.88011183945e-08	-3.18534560506e-07
2.88208587087e-08	-6.05032482781e-07
2.88405990229e-08	-8.42392438472e-07
2.88603393371e-08	-1.02586903949e-06
2.88800796513e-08	-1.15380890975e-06
2.88998199654e-08	-1.22438331118e-06
2.89195602796e-08	-1.23348570469e-06
2.89393005938e-08	-1.17473746286e-06
2.8959040908e-08	-1.04174648641e-06
2.89787812222e-08	-8.3180620436e-07
2.89985215364e-08	-5.49869781707e-07
2.90182618505e-08	-2.11274809203e-07
2.90380021647e-08	1.57823983216e-07
2.90577424789e-08	5.22752202414e-07
2.90774827931e-08	8.44927200205e-07
2.90972231073e-08	1.08794813514e-06
2.91169634215e-08	1.22378304468e-06
2.91367037356e-08	1.23767921423e-06
2.91564440498e-08	1.1306565284e-06
2.9176184364e-08	9.18870711075e-07
2.91959246782e-08	6.30129108004e-07
2.92156649924e-08	2.98373180385e-07
2.92354053066e-08	-4.23546531181e-08
2.92551456207e-08	-3.63010272508e-07
2.92748859349e-08	-6.4257309873e-07
2.92946262491e-08	-8.68725379632e-07
2.93143665633e-08	-1.03627797898e-06
2.93341068775e-08	-1.14426649134e-06
2.93538471917e-08	-1.19275711086e-06
2.93735875059e-08	-1.18056686915e-06
2.939332782e-08	-1.10469142101e-06
2.94130681342e-08	-9.61721468684e-07
2.94328084484e-08	-7.50842161779e-07
2.94525487626e-08	-4.77298627288e-07
2.94722890768e-08	-1.55076897101e-07
2.9492029391e-08	1.92323668102e-07
2.95117697051e-08	5.33557937388e-07
2.95315100193e-08	8.33320768834e-07
2.95512503335e-08	1.05780162585e-06
2.95709906477e-08	1.18046813213e-06
2.95907309619e-08	1.18679463412e-06
2.96104712761e-08	1.0769345522e-06
2.96302115902e-08	8.65617181489e-07
2.96499519044e-08	5.79131921086e-07
2.96696922186e-08	2.5043263463e-07
2.96894325328e-08	-8.66096137031e-08
2.9709172847e-08	-4.02315762926e-07
2.97289131612e-08	-6.74571026593e-07
2.97486534753e-08	-8.89966315754e-07
2.97683937895e-08	-1.04281133417e-06
2.97881341037e-08	-1.13261455681e-06
2.98078744179e-08	-1.16104934023e-06
2.98276147321e-08	-1.1294857245e-06
2.98473550463e-08	-1.0379129094e-06
2.98670953605e-08	-8.85676911366e-07
2.98868356746e-08	-6.73825667263e-07
2.99065759888e-08	-4.08079444014e-07
2.9926316303e-08	-1.01377246153e-07
2.99460566172e-08	2.25124338726e-07
2.99657969314e-08	5.43168738432e-07
2.99855372456e-08	8.20694623371e-07
3.00052775597e-08	1.02656713352e-06
3.00250178739e-08	1.13589322837e-06
3.00447581881e-08	1.13459856266e-06
3.00644985023e-08	1.02218331222e-06
3.00842388165e-08	8.12018612351e-07
3.01039791307e-08	5.28916103804e-07
3.01237194448e-08	2.04688682004e-07
3.0143459759e-08	-1.27249464299e-07
3.01632000732e-08	-4.369082518e-07
3.01829403874e-08	-7.01380486134e-07
3.02026807016e-08	-9.06337248807e-07
3.02224210158e-08	-1.04556096403e-06
3.024216133e-08	-1.11886299692e-06
3.02619016441e-08	-1.12920429274e-06
3.02816419583e-08	-1.0801325061e-06
3.03013822725e-08	-9.74284603217e-07
3.03211225867e-08	-8.13562053281e-07
3.03408629009e-08	-6.00808903073e-07
3.03606032151e-08	-3.42353914107e-07
3.03803435292e-08	-5.03500352522e-08
