% time-domain current integration by openEMS v0.0.36 @Thu Feb  5 18:55:41 2026
% start-coordinates: (0.0367826,-0.02225,0) m -> [121,22,7]
% stop-coordinates: (0.0367826,-0.0185,0.00227273) m -> [121,27,10]
% t/s	current
7.05011220859e-13	-0
2.04453254049e-11	-0
4.01856395889e-11	-0
5.9925953773e-11	-0
7.9666267957e-11	-0
9.94065821411e-11	-0
1.19146896325e-10	-0
1.38887210509e-10	-0
1.58627524693e-10	-0
1.78367838877e-10	-0
1.98108153061e-10	-0
2.17848467245e-10	-0
2.37588781429e-10	-8.00555055547e-28
2.57329095613e-10	-1.12978743365e-20
2.77069409797e-10	8.00729626495e-16
2.96809723981e-10	1.20690827124e-12
3.16550038166e-10	6.25619044417e-12
3.3629035235e-10	3.59634717839e-12
3.56030666534e-10	-8.12940079836e-12
3.75770980718e-10	-2.37329947361e-11
3.95511294902e-10	-6.03040950509e-11
4.15251609086e-10	-1.50796888865e-10
4.3499192327e-10	-2.61306531968e-10
4.54732237454e-10	-3.64181296231e-10
4.74472551638e-10	-4.03817201899e-10
4.94212865822e-10	-2.21695634073e-10
5.13953180006e-10	3.19283877115e-10
5.3369349419e-10	1.38906497416e-09
5.53433808374e-10	3.03028979687e-09
5.73174122558e-10	4.92822582743e-09
5.92914436742e-10	6.48104281353e-09
6.12654750926e-10	6.69272148812e-09
6.3239506511e-10	4.37619895877e-09
6.52135379294e-10	-1.34090982762e-09
6.71875693478e-10	-1.06132098665e-08
6.91616007662e-10	-2.23016076717e-08
7.11356321846e-10	-3.40527535059e-08
7.3109663603e-10	-4.30650217709e-08
7.50836950214e-10	-4.75751953388e-08
7.70577264398e-10	-4.80228266042e-08
7.90317578582e-10	-4.75672230493e-08
8.10057892767e-10	-5.13105504751e-08
8.29798206951e-10	-6.27500682526e-08
8.49538521135e-10	-7.55000755248e-08
8.69278835319e-10	-6.459206503e-08
8.89019149503e-10	2.22425082796e-08
9.08759463687e-10	2.64549214535e-07
9.28499777871e-10	7.54205018438e-07
9.48240092055e-10	1.55875795826e-06
9.67980406239e-10	2.66966958407e-06
9.87720720423e-10	3.94506469092e-06
1.00746103461e-09	5.07707591169e-06
1.02720134879e-09	5.61446177016e-06
1.04694166298e-09	5.06010064782e-06
1.06668197716e-09	3.0375579172e-06
1.08642229134e-09	-5.1884774166e-07
1.10616260553e-09	-5.22684331372e-06
1.12590291971e-09	-1.02502790469e-05
1.1456432339e-09	-1.446692022e-05
1.16538354808e-09	-1.6782707462e-05
1.18512386226e-09	-1.64910779858e-05
1.20486417645e-09	-1.35386608235e-05
1.22460449063e-09	-8.58052317199e-06
1.24434480482e-09	-2.78798029285e-06
1.264085119e-09	2.52227710007e-06
1.28382543318e-09	6.29384157946e-06
1.30356574737e-09	8.01588703325e-06
1.32330606155e-09	7.79211768531e-06
1.34304637574e-09	6.1948990151e-06
1.36278668992e-09	3.99322607336e-06
1.3825270041e-09	1.87830596587e-06
1.40226731829e-09	2.86710303499e-07
1.42200763247e-09	-6.40732650936e-07
1.44174794666e-09	-9.9011583643e-07
1.46148826084e-09	-9.56908934313e-07
1.48122857502e-09	-7.3917442478e-07
1.50096888921e-09	-4.75528565858e-07
1.52070920339e-09	-2.30538333312e-07
1.54044951758e-09	-1.07550626183e-08
1.56018983176e-09	2.07719097034e-07
1.57993014594e-09	4.53774873677e-07
1.59967046013e-09	7.41625626688e-07
1.61941077431e-09	1.05738467937e-06
1.6391510885e-09	1.35399238843e-06
1.65889140268e-09	1.55912834998e-06
1.67863171686e-09	1.59643593634e-06
1.69837203105e-09	1.41599559811e-06
1.71811234523e-09	1.02188835172e-06
1.73785265942e-09	4.82718462536e-07
1.7575929736e-09	-8.40324787532e-08
1.77733328778e-09	-5.50146239675e-07
1.79707360197e-09	-8.22126253297e-07
1.81681391615e-09	-8.72226621595e-07
1.83655423034e-09	-7.41659164305e-07
1.85629454452e-09	-5.1469612572e-07
1.8760348587e-09	-2.77956445416e-07
1.89577517289e-09	-8.59249453811e-08
1.91551548707e-09	5.10295841138e-08
1.93525580126e-09	1.54548459363e-07
1.95499611544e-09	2.50497606658e-07
1.97473642962e-09	3.44204664771e-07
1.99447674381e-09	4.11783020127e-07
2.01421705799e-09	4.10892369018e-07
2.03395737218e-09	3.03621106923e-07
2.05369768636e-09	7.92716718934e-08
2.07343800055e-09	-2.34801433407e-07
2.09317831473e-09	-5.77912601329e-07
2.11291862891e-09	-8.73954434155e-07
2.1326589431e-09	-1.05406968487e-06
2.15239925728e-09	-1.07572975594e-06
2.17213957147e-09	-9.3344982588e-07
2.19187988565e-09	-6.58607575588e-07
2.21162019983e-09	-3.10171429874e-07
2.23136051402e-09	4.0591718431e-08
2.2511008282e-09	3.27405047074e-07
2.27084114239e-09	5.04887339048e-07
2.29058145657e-09	5.59086117846e-07
2.31032177075e-09	5.09057599629e-07
2.33006208494e-09	3.98493767761e-07
2.34980239912e-09	2.78910391671e-07
2.36954271331e-09	1.89835560604e-07
2.38928302749e-09	1.43449454981e-07
2.40902334167e-09	1.20316414609e-07
2.42876365586e-09	7.87229623711e-08
2.44850397004e-09	-2.50594940354e-08
2.46824428423e-09	-2.13555523487e-07
2.48798459841e-09	-4.71232766586e-07
2.50772491259e-09	-7.41663200188e-07
2.52746522678e-09	-9.41328778481e-07
2.54720554096e-09	-9.86415443549e-07
2.56694585515e-09	-8.24327912596e-07
2.58668616933e-09	-4.58713259377e-07
2.60642648351e-09	4.23941628469e-08
2.6261667977e-09	5.60818762096e-07
2.64590711188e-09	9.62171725405e-07
2.66564742607e-09	1.13911323751e-06
2.68538774025e-09	1.04842513338e-06
2.70512805443e-09	7.27058989014e-07
2.72486836862e-09	2.79651402479e-07
2.7446086828e-09	-1.58042794851e-07
2.76434899699e-09	-4.65770625624e-07
2.78408931117e-09	-5.77168236759e-07
2.80382962535e-09	-4.95618905916e-07
2.82356993954e-09	-2.83529914213e-07
2.84331025372e-09	-3.2237366554e-08
2.86305056791e-09	1.73044938379e-07
2.88279088209e-09	2.79443270301e-07
2.90253119627e-09	2.76138138133e-07
2.92227151046e-09	1.88007931001e-07
2.94201182464e-09	6.00097038728e-08
2.96175213883e-09	-5.98583369538e-08
2.98149245301e-09	-1.3348156358e-07
3.0012327672e-09	-1.40335274068e-07
3.02097308138e-09	-8.06546935905e-08
3.04071339556e-09	2.47954350385e-08
3.06045370975e-09	1.39115499564e-07
3.08019402393e-09	2.18932314056e-07
3.09993433812e-09	2.28823694215e-07
3.1196746523e-09	1.56352726322e-07
3.13941496648e-09	2.08109458555e-08
3.15915528067e-09	-1.3000862964e-07
3.17889559485e-09	-2.36307684531e-07
3.19863590904e-09	-2.50390456813e-07
3.21837622322e-09	-1.57890909236e-07
3.2381165374e-09	1.43503875449e-08
3.25785685159e-09	2.08109597111e-07
3.27759716577e-09	3.57006570084e-07
3.29733747996e-09	4.12376152781e-07
3.31707779414e-09	3.59822905693e-07
3.33681810832e-09	2.19706194571e-07
3.35655842251e-09	3.34931904433e-08
3.37629873669e-09	-1.55319526129e-07
3.39603905088e-09	-3.15590853006e-07
3.41577936506e-09	-4.32259326999e-07
3.43551967924e-09	-5.00487431054e-07
3.45525999343e-09	-5.16892384894e-07
3.47500030761e-09	-4.75254068988e-07
3.4947406218e-09	-3.70065180277e-07
3.51448093598e-09	-2.05302953304e-07
3.53422125016e-09	-1.81075976435e-09
3.55396156435e-09	2.02939077099e-07
3.57370187853e-09	3.64527437569e-07
3.59344219272e-09	4.46827016276e-07
3.6131825069e-09	4.35455831393e-07
3.63292282108e-09	3.42979063817e-07
3.65266313527e-09	2.03557846135e-07
3.67240344945e-09	5.9844325051e-08
3.69214376364e-09	-5.173431461e-08
3.71188407782e-09	-1.11186921004e-07
3.731624392e-09	-1.17674048283e-07
3.75136470619e-09	-8.5612683165e-08
3.77110502037e-09	-3.73472239801e-08
3.79084533456e-09	4.12334477673e-09
3.81058564874e-09	2.04429149164e-08
3.83032596292e-09	1.24845156435e-09
3.85006627711e-09	-5.35474029562e-08
3.86980659129e-09	-1.32333042302e-07
3.88954690548e-09	-2.12413368672e-07
3.90928721966e-09	-2.64233278813e-07
3.92902753384e-09	-2.59779795897e-07
3.94876784803e-09	-1.83409568422e-07
3.96850816221e-09	-4.09945180024e-08
3.9882484764e-09	1.37437496051e-07
4.00798879058e-09	3.04375021187e-07
4.02772910477e-09	4.0975149318e-07
4.04746941895e-09	4.19030072862e-07
4.06720973313e-09	3.2720132026e-07
4.08695004732e-09	1.62511398116e-07
4.1066903615e-09	-2.22890559343e-08
4.12643067569e-09	-1.68173500015e-07
4.14617098987e-09	-2.30662521972e-07
4.16591130405e-09	-1.95270317249e-07
4.18565161824e-09	-8.1788208206e-08
4.20539193242e-09	6.38755821569e-08
4.22513224661e-09	1.86701086591e-07
4.24487256079e-09	2.41707965642e-07
4.26461287497e-09	2.08269923974e-07
4.28435318916e-09	9.49945118123e-08
4.30409350334e-09	-6.54008260881e-08
4.32383381753e-09	-2.2809271627e-07
4.34357413171e-09	-3.50050186171e-07
4.36331444589e-09	-4.01206449396e-07
4.38305476008e-09	-3.70394957372e-07
4.40279507426e-09	-2.65820943923e-07
4.42253538845e-09	-1.11508370537e-07
4.44227570263e-09	5.8634221034e-08
4.46201601681e-09	2.08060527029e-07
4.481756331e-09	3.05411163026e-07
4.50149664518e-09	3.32008966097e-07
4.52123695937e-09	2.87259126708e-07
4.54097727355e-09	1.89760285707e-07
4.56071758773e-09	7.25392084178e-08
4.58045790192e-09	-2.70972204675e-08
4.6001982161e-09	-8.00754378361e-08
4.61993853029e-09	-7.57909432991e-08
4.63967884447e-09	-2.57477399401e-08
4.65941915865e-09	4.12890521773e-08
4.67915947284e-09	9.08769521857e-08
4.69889978702e-09	9.64208481946e-08
4.71864010121e-09	4.9009400982e-08
4.73838041539e-09	-4.02577242653e-08
4.75812072957e-09	-1.45767899085e-07
4.77786104376e-09	-2.3759487533e-07
4.79760135794e-09	-2.91552993303e-07
4.81734167213e-09	-2.95121111549e-07
4.83708198631e-09	-2.48052543839e-07
4.85682230049e-09	-1.59284425649e-07
4.87656261468e-09	-4.30694058196e-08
4.89630292886e-09	8.34353599544e-08
4.91604324305e-09	2.01012412049e-07
4.93578355723e-09	2.89364010087e-07
4.95552387142e-09	3.30174344754e-07
4.9752641856e-09	3.1252201893e-07
4.99500449978e-09	2.38578081735e-07
5.01474481397e-09	1.2616378342e-07
5.03448512815e-09	5.48236522846e-09
5.05422544234e-09	-8.99722749637e-08
5.07396575652e-09	-1.35147061542e-07
5.0937060707e-09	-1.22787525925e-07
5.11344638489e-09	-6.61321664097e-08
5.13318669907e-09	6.41569730675e-09
5.15292701326e-09	6.23753209084e-08
5.17266732744e-09	7.72735120336e-08
5.19240764162e-09	4.28337685321e-08
5.21214795581e-09	-3.14829122772e-08
5.23188826999e-09	-1.23229298765e-07
5.25162858418e-09	-2.05203804171e-07
5.27136889836e-09	-2.53608504863e-07
5.29110921254e-09	-2.53600347833e-07
5.31084952673e-09	-2.01587511128e-07
5.33058984091e-09	-1.05037692322e-07
5.3503301551e-09	1.91173725739e-08
5.37007046928e-09	1.47080370994e-07
5.38981078346e-09	2.52129154887e-07
5.40955109765e-09	3.10254307578e-07
5.42929141183e-09	3.06859504917e-07
5.44903172602e-09	2.42458781941e-07
5.4687720402e-09	1.34623107328e-07
5.48851235438e-09	1.41970968315e-08
5.50825266857e-09	-8.39679756837e-08
5.52799298275e-09	-1.32834941269e-07
5.54773329694e-09	-1.22974782357e-07
5.56747361112e-09	-6.61427748128e-08
5.5872139253e-09	9.13674558234e-09
5.60695423949e-09	6.83787888534e-08
5.62669455367e-09	8.40532692337e-08
5.64643486786e-09	4.55128201793e-08
5.66617518204e-09	-3.77292153075e-08
5.68591549622e-09	-1.4012314864e-07
5.70565581041e-09	-2.29409764074e-07
5.72539612459e-09	-2.77294986972e-07
5.74513643878e-09	-2.67648573526e-07
5.76487675296e-09	-2.00017581165e-07
5.78461706714e-09	-8.83021087361e-08
5.80435738133e-09	4.39420624332e-08
5.82409769551e-09	1.69585547383e-07
5.8438380097e-09	2.63809369017e-07
5.86357832388e-09	3.0891723668e-07
5.88331863807e-09	2.97715132547e-07
5.90305895225e-09	2.35162744389e-07
5.92279926643e-09	1.37760167718e-07
5.94253958062e-09	3.01538207736e-08
5.9622798948e-09	-6.09380066408e-08
5.98202020899e-09	-1.14230765291e-07
6.00176052317e-09	-1.20537109183e-07
6.02150083735e-09	-8.60141398107e-08
6.04124115154e-09	-3.02967251287e-08
6.06098146572e-09	2.02771985869e-08
6.08072177991e-09	4.21149017882e-08
6.10046209409e-09	2.29282566266e-08
6.12020240827e-09	-3.38571446434e-08
6.13994272246e-09	-1.10505276041e-07
6.15968303664e-09	-1.81462382898e-07
6.17942335083e-09	-2.22242988457e-07
6.19916366501e-09	-2.17289752413e-07
6.21890397919e-09	-1.641578109e-07
6.23864429338e-09	-7.31536431431e-08
6.25838460756e-09	3.66405217278e-08
6.27812492175e-09	1.42931327218e-07
6.29786523593e-09	2.2541685496e-07
6.31760555011e-09	2.69502947958e-07
6.3373458643e-09	2.68398707703e-07
6.35708617848e-09	2.23956860168e-07
6.37682649267e-09	1.46473325913e-07
6.39656680685e-09	5.32191322122e-08
6.41630712103e-09	-3.47595303651e-08
6.43604743522e-09	-9.75810507953e-08
6.4557877494e-09	-1.22246987644e-07
6.47552806359e-09	-1.0722137489e-07
6.49526837777e-09	-6.37416945892e-08
6.51500869195e-09	-1.26477850415e-08
6.53474900614e-09	2.2686988288e-08
6.55448932032e-09	2.48955185356e-08
6.57422963451e-09	-1.07004805017e-08
6.59396994869e-09	-7.40306091984e-08
6.61371026287e-09	-1.43726325064e-07
6.63345057706e-09	-1.94693910771e-07
6.65319089124e-09	-2.06770337741e-07
6.67293120543e-09	-1.7121455187e-07
6.69267151961e-09	-9.29425709728e-08
6.71241183379e-09	1.17033591707e-08
6.73215214798e-09	1.20202656717e-07
6.75189246216e-09	2.09957647712e-07
6.77163277635e-09	2.63408026058e-07
6.79137309053e-09	2.71250058859e-07
6.81111340471e-09	2.33715482523e-07
6.8308537189e-09	1.60194346677e-07
6.85059403308e-09	6.74021549685e-08
6.87033434727e-09	-2.3918682146e-08
6.89007466145e-09	-9.36567872145e-08
6.90981497564e-09	-1.27619230739e-07
6.92955528982e-09	-1.21976626133e-07
6.949295604e-09	-8.50486330251e-08
6.96903591819e-09	-3.51664866116e-08
6.98877623237e-09	5.25601207002e-09
7.00851654656e-09	1.76637122706e-08
7.02825686074e-09	-5.64608892972e-09
7.04799717492e-09	-5.8297327854e-08
7.06773748911e-09	-1.21819468291e-07
7.08747780329e-09	-1.7216210324e-07
7.10721811748e-09	-1.88202747609e-07
7.12695843166e-09	-1.59015229428e-07
7.14669874584e-09	-8.72962360177e-08
7.16643906003e-09	1.19248211305e-08
7.18617937421e-09	1.1631718877e-07
7.2059196884e-09	2.02872328714e-07
7.22566000258e-09	2.53821241358e-07
7.24540031676e-09	2.60336605606e-07
7.26514063095e-09	2.23586084758e-07
7.28488094513e-09	1.53552107918e-07
7.30462125932e-09	6.63625527864e-08
7.3243615735e-09	-1.92591311787e-08
7.34410188768e-09	-8.59649205154e-08
7.36384220187e-09	-1.21696658084e-07
7.38358251605e-09	-1.22764419075e-07
7.40332283024e-09	-9.5122132393e-08
7.42306314442e-09	-5.2981196319e-08
7.4428034586e-09	-1.46564875791e-08
7.46254377279e-09	3.39333849908e-09
7.48228408697e-09	-7.59620899515e-09
7.50202440116e-09	-4.52027890674e-08
7.52176471534e-09	-9.61847490544e-08
7.54150502952e-09	-1.40825150652e-07
7.56124534371e-09	-1.59743350991e-07
7.58098565789e-09	-1.40678693583e-07
7.60072597208e-09	-8.27488904065e-08
7.62046628626e-09	3.23754045795e-09
7.64020660044e-09	9.82727357268e-08
7.65994691463e-09	1.80939608185e-07
7.67968722881e-09	2.33361319601e-07
7.699427543e-09	2.45488507744e-07
7.71916785718e-09	2.16780293272e-07
7.73890817136e-09	1.55373996336e-07
7.75864848555e-09	7.54904476707e-08
7.77838879973e-09	-6.0215850084e-09
7.79812911392e-09	-7.32870333309e-08
7.8178694281e-09	-1.14663016859e-07
7.83760974229e-09	-1.25224204339e-07
7.85735005647e-09	-1.07981165343e-07
7.87709037065e-09	-7.32705984774e-08
7.89683068484e-09	-3.6049929264e-08
7.91657099902e-09	-1.14600196e-08
7.93631131321e-09	-9.823174274e-09
7.95605162739e-09	-3.27660636401e-08
7.97579194157e-09	-7.20701009982e-08
7.99553225576e-09	-1.11995532848e-07
8.01527256994e-09	-1.34514522188e-07
8.03501288413e-09	-1.25663547124e-07
8.05475319831e-09	-8.06821418564e-08
8.07449351249e-09	-6.03730487825e-09
8.09423382668e-09	8.23723382837e-08
8.11397414086e-09	1.64071380482e-07
8.13371445505e-09	2.2008043743e-07
8.15345476923e-09	2.3811578842e-07
8.17319508341e-09	2.15386009472e-07
8.1929353976e-09	1.58510033543e-07
8.21267571178e-09	8.10620761627e-08
8.23241602597e-09	-1.94551819099e-10
8.25215634015e-09	-6.92610626629e-08
8.27189665433e-09	-1.14263272621e-07
8.29163696852e-09	-1.2973661967e-07
8.3113772827e-09	-1.17577698688e-07
8.33111759689e-09	-8.64456737304e-08
8.35085791107e-09	-4.95217555851e-08
8.37059822525e-09	-2.08708783589e-08
8.39033853944e-09	-1.11535563008e-08
8.41007885362e-09	-2.39515394185e-08
8.42981916781e-09	-5.40814255601e-08
8.44955948199e-09	-8.88096849394e-08
8.46929979617e-09	-1.11888404319e-07
8.48904011036e-09	-1.09179339347e-07
8.50878042454e-09	-7.38945331591e-08
8.52852073873e-09	-9.47420719655e-09
8.54826105291e-09	7.10199614673e-08
8.56800136709e-09	1.48784991438e-07
8.58774168128e-09	2.0499645359e-07
8.60748199546e-09	2.26311229312e-07
8.62722230965e-09	2.08364838272e-07
8.64696262383e-09	1.56347340408e-07
8.66670293801e-09	8.28718214052e-08
8.6864432522e-09	4.16274037462e-09
8.70618356638e-09	-6.41161648218e-08
8.72592388057e-09	-1.10315269808e-07
8.74566419475e-09	-1.28938367538e-07
8.76540450893e-09	-1.21290696597e-07
8.78514482312e-09	-9.47107565707e-08
8.8048851373e-09	-6.05457444181e-08
8.82462545149e-09	-3.11548724596e-08
8.84436576567e-09	-1.64593512153e-08
8.86410607986e-09	-2.08586143913e-08
8.88384639404e-09	-4.15253822439e-08
8.90358670822e-09	-6.88740371402e-08
8.92332702241e-09	-8.93917047051e-08
8.94306733659e-09	-9.01279548771e-08
8.96280765078e-09	-6.33941112937e-08
8.98254796496e-09	-9.96321780633e-09
9.00228827914e-09	6.04973493523e-08
9.02202859333e-09	1.32022492494e-07
9.04176890751e-09	1.87101719007e-07
9.0615092217e-09	2.11915846648e-07
9.08124953588e-09	2.00281419893e-07
9.10098985006e-09	1.55085245979e-07
9.12073016425e-09	8.69809255732e-08
9.14047047843e-09	1.1056276783e-08
9.16021079262e-09	-5.72894371942e-08
9.1799511068e-09	-1.06020685564e-07
9.19969142098e-09	-1.28850118131e-07
9.21943173517e-09	-1.26013560475e-07
9.23917204935e-09	-1.03553155384e-07
9.25891236354e-09	-7.14235923738e-08
9.27865267772e-09	-4.08332709867e-08
9.2983929919e-09	-2.12863540128e-08
9.31813330609e-09	-1.79270465139e-08
9.33787362027e-09	-2.98858537917e-08
9.35761393446e-09	-5.02626491539e-08
9.37735424864e-09	-6.80243559259e-08
9.39709456282e-09	-7.14938792612e-08
9.41683487701e-09	-5.24362633314e-08
9.43657519119e-09	-9.35937105595e-09
9.45631550538e-09	5.12324227486e-08
9.47605581956e-09	1.16245153947e-07
9.49579613374e-09	1.69708926023e-07
9.51553644793e-09	1.97571225158e-07
9.53527676211e-09	1.91932144844e-07
9.5550170763e-09	1.53308874928e-07
9.57475739048e-09	9.02744048403e-08
9.59449770466e-09	1.67670144435e-08
9.61423801885e-09	-5.19021590151e-08
9.63397833303e-09	-1.03010691532e-07
9.65371864722e-09	-1.29256974901e-07
9.6734589614e-09	-1.29877818722e-07
9.69319927558e-09	-1.1005278111e-07
9.71293958977e-09	-7.90014738072e-08
9.73267990395e-09	-4.73438213078e-08
9.75242021814e-09	-2.43202560313e-08
9.77216053232e-09	-1.54139492281e-08
9.79190084651e-09	-2.08772714672e-08
9.81164116069e-09	-3.55866873747e-08
9.83138147487e-09	-5.04349166874e-08
9.85112178906e-09	-5.50864740489e-08
9.87086210324e-09	-4.14274339278e-08
9.89060241743e-09	-6.6629946005e-09
9.91034273161e-09	4.50504806793e-08
9.93008304579e-09	1.0317758381e-07
9.94982335998e-09	1.53581140694e-07
9.96956367416e-09	1.82687813322e-07
9.98930398835e-09	1.81653746267e-07
1.00090443025e-08	1.49115706449e-07
1.00287846167e-08	9.16093156889e-08
1.00485249309e-08	2.15860911368e-08
1.00682652451e-08	-4.62091023223e-08
1.00880055593e-08	-9.87495241134e-08
1.01077458734e-08	-1.27877541445e-07
1.01274861876e-08	-1.31805094838e-07
1.01472265018e-08	-1.14769051152e-07
1.0166966816e-08	-8.52219841363e-08
1.01867071302e-08	-5.32205355341e-08
1.02064474444e-08	-2.77248304315e-08
1.02261877586e-08	-1.43894043347e-08
1.02459280727e-08	-1.42495490962e-08
1.02656683869e-08	-2.35700952089e-08
1.02854087011e-08	-3.49378055375e-08
1.03051490153e-08	-3.94567436501e-08
1.03248893295e-08	-2.95858129107e-08
1.03446296437e-08	-1.86041471117e-09
1.03643699578e-08	4.13864498228e-08
1.0384110272e-08	9.20219420664e-08
1.04038505862e-08	1.38040505249e-07
1.04235909004e-08	1.66954237102e-07
1.04433312146e-08	1.69596305e-07
1.04630715288e-08	1.43062379721e-07
1.04828118429e-08	9.17699267688e-08
1.05025521571e-08	2.62677115614e-08
1.05222924713e-08	-3.97728570078e-08
1.05420327855e-08	-9.33463724095e-08
1.05617730997e-08	-1.25455102307e-07
1.05815134139e-08	-1.3303814228e-07
1.06012537281e-08	-1.19080297623e-07
1.06209940422e-08	-9.11044324425e-08
1.06407343564e-08	-5.86790349644e-08
1.06604746706e-08	-3.07217042916e-08
1.06802149848e-08	-1.32657484997e-08
1.0699955299e-08	-8.14025380436e-09
1.07196956132e-08	-1.27636141656e-08
1.07394359273e-08	-2.10553778857e-08
1.07591762415e-08	-2.52826914959e-08
1.07789165557e-08	-1.84605948306e-08
1.07986568699e-08	3.26150417784e-09
1.08183971841e-08	3.89246821442e-08
1.08381374983e-08	8.24117663001e-08
1.08578778124e-08	1.23717597944e-07
1.08776181266e-08	1.51623666511e-07
1.08973584408e-08	1.57033156256e-07
1.0917098755e-08	1.35896442544e-07
1.09368390692e-08	9.07236099579e-08
1.09565793834e-08	3.01140907766e-08
1.09763196975e-08	-3.35647172278e-08
1.09960600117e-08	-8.75939321077e-08
1.10158003259e-08	-1.22295205074e-07
1.10355406401e-08	-1.33344499886e-07
1.10552809543e-08	-1.22394865798e-07
1.10750212685e-08	-9.59783932331e-08
1.10947615827e-08	-6.32144434576e-08
1.11145018968e-08	-3.30891118949e-08
1.1134242211e-08	-1.21025385269e-08
1.11539825252e-08	-2.81915113476e-09
1.11737228394e-08	-3.5689788902e-09
1.11934631536e-08	-9.25749432668e-09
1.12132034678e-08	-1.3030309276e-08
1.12329437819e-08	-8.41553315922e-09
1.12526840961e-08	8.56617443645e-09
1.12724244103e-08	3.78545728097e-08
1.12921647245e-08	7.48588178112e-08
1.13119050387e-08	1.11303322115e-07
1.13316453529e-08	1.37316547466e-07
1.1351385667e-08	1.4426230166e-07
1.13711259812e-08	1.27467970401e-07
1.13908662954e-08	8.79497150663e-08
1.14106066096e-08	3.24952686981e-08
1.14303469238e-08	-2.80087864013e-08
1.1450087238e-08	-8.15032166201e-08
1.14698275521e-08	-1.18009332084e-07
1.14895678663e-08	-1.3216823902e-07
1.15093081805e-08	-1.24315405969e-07
1.15290484947e-08	-9.98547307063e-08
1.15487888089e-08	-6.72716424788e-08
1.15685291231e-08	-3.54972513605e-08
1.15882694373e-08	-1.14543992069e-08
1.16080097514e-08	1.56361212866e-09
1.16277500656e-08	4.35597424797e-09
1.16474903798e-08	1.13773490629e-09
1.1667230694e-08	-1.99406091639e-09
1.16869710082e-08	9.70636904185e-10
1.17067113224e-08	1.40334979193e-08
1.17264516365e-08	3.7770913508e-08
1.17461919507e-08	6.87973482627e-08
1.17659322649e-08	1.00334794695e-07
1.17856725791e-08	1.23848465705e-07
1.18054128933e-08	1.31399332304e-07
1.18251532075e-08	1.18079370282e-07
1.18448935216e-08	8.37751059635e-08
1.18646338358e-08	3.36313021876e-08
1.188437415e-08	-2.30380443611e-08
1.19041144642e-08	-7.51321636017e-08
1.19238547784e-08	-1.12724833912e-07
1.19435950926e-08	-1.29665849613e-07
1.19633354067e-08	-1.25018274844e-07
1.19830757209e-08	-1.02923330303e-07
1.20028160351e-08	-7.10228036382e-08
1.20225563493e-08	-3.80273590395e-08
1.20422966635e-08	-1.12301279387e-08
1.20620369777e-08	5.30535126941e-09
1.20817772919e-08	1.14510818605e-08
1.2101517606e-08	1.05479811552e-08
1.21212579202e-08	8.02354094276e-09
1.21409982344e-08	9.5400025657e-09
1.21607385486e-08	1.91667623994e-08
1.21804788628e-08	3.80194222771e-08
1.2200219177e-08	6.36890788996e-08
1.22199594911e-08	9.06321773186e-08
1.22396998053e-08	1.1148821244e-07
1.22594401195e-08	1.19052096181e-07
1.22791804337e-08	1.08418369393e-07
1.22989207479e-08	7.8679349258e-08
1.23186610621e-08	3.36145653534e-08
1.23384013762e-08	-1.89466202727e-08
1.23581416904e-08	-6.89964920753e-08
1.23778820046e-08	-1.06939694433e-07
1.23976223188e-08	-1.26123268274e-07
1.2417362633e-08	-1.24509512034e-07
1.24371029472e-08	-1.04975846682e-07
1.24568432614e-08	-7.41891170719e-08
1.24765835755e-08	-4.04680200461e-08
1.24963238897e-08	-1.13522897749e-08
1.25160642039e-08	8.36978575336e-09
1.25358045181e-08	1.76383192496e-08
1.25555448323e-08	1.89191489142e-08
1.25752851465e-08	1.70112421927e-08
1.25950254606e-08	1.72940382015e-08
1.26147657748e-08	2.39341471087e-08
1.2634506089e-08	3.85202483244e-08
1.26542464032e-08	5.94426268208e-08
1.26739867174e-08	8.21636874093e-08
1.26937270316e-08	1.00320100671e-07
1.27134673457e-08	1.07417271522e-07
1.27332076599e-08	9.87177770639e-08
1.27529479741e-08	7.2818686192e-08
1.27726882883e-08	3.24351994152e-08
1.27924286025e-08	-1.59193067617e-08
1.28121689167e-08	-6.33709618114e-08
1.28319092308e-08	-1.00887717736e-07
1.2851649545e-08	-1.21626555938e-07
1.28713898592e-08	-1.22703411876e-07
1.28911301734e-08	-1.05826863717e-07
1.29108704876e-08	-7.66073853242e-08
1.29306108018e-08	-4.27767474775e-08
1.2950351116e-08	-1.19145227018e-08
1.29700914301e-08	1.06021067481e-08
1.29898317443e-08	2.28180816464e-08
1.30095720585e-08	2.62922696947e-08
1.30293123727e-08	2.51497773718e-08
1.30490526869e-08	2.44610109945e-08
1.30687930011e-08	2.84797998518e-08
1.30885333152e-08	3.92374914782e-08
1.31082736294e-08	5.58425519159e-08
1.31280139436e-08	7.46333412849e-08
1.31477542578e-08	9.01153143218e-08
1.3167494572e-08	9.64522044455e-08
1.31872348862e-08	8.9148009863e-08
1.32069752003e-08	6.64957511276e-08
1.32267155145e-08	3.03860900885e-08
1.32464558287e-08	-1.38041329478e-08
1.32661961429e-08	-5.83007135901e-08
1.32859364571e-08	-9.47714511312e-08
1.33056767713e-08	-1.16430790342e-07
1.33254170854e-08	-1.19797377351e-07
1.33451573996e-08	-1.05556296148e-07
1.33648977138e-08	-7.82480569228e-08
1.3384638028e-08	-4.48689512211e-08
1.34043783422e-08	-1.28331976157e-08
1.34241186564e-08	1.20618057764e-08
1.34438589706e-08	2.70391140589e-08
1.34635992847e-08	3.27336771022e-08
1.34833395989e-08	3.2527605498e-08
1.35030799131e-08	3.11178212087e-08
1.35228202273e-08	3.28122133908e-08
1.35425605415e-08	4.00704607273e-08
1.35623008557e-08	5.26919521349e-08
1.35820411698e-08	6.78226754758e-08
1.3601781484e-08	8.0742239561e-08
1.36215217982e-08	8.61955129494e-08
1.36412621124e-08	7.99267496632e-08
1.36610024266e-08	6.00283058816e-08
1.36807427408e-08	2.77489231593e-08
1.37004830549e-08	-1.24822348013e-08
1.37202233691e-08	-5.38867759303e-08
1.37399636833e-08	-8.88685178779e-08
1.37597039975e-08	-1.10869116554e-07
1.37794443117e-08	-1.16041924514e-07
1.37991846259e-08	-1.04241628662e-07
1.381892494e-08	-7.90114214055e-08
1.38386652542e-08	-4.65400731287e-08
1.38584055684e-08	-1.39034774804e-08
1.38781458826e-08	1.28711752367e-08
1.38978861968e-08	3.03197786877e-08
1.3917626511e-08	3.81903717539e-08
1.39373668252e-08	3.9079363745e-08
1.39571071393e-08	3.72300021922e-08
1.39768474535e-08	3.69304054004e-08
1.39965877677e-08	4.10231812964e-08
1.40163280819e-08	4.99642993645e-08
1.40360683961e-08	6.16680537746e-08
1.40558087103e-08	7.21296160577e-08
1.40755490244e-08	7.662061563e-08
1.40952893386e-08	7.11115717422e-08
1.41150296528e-08	5.35535811252e-08
1.4134769967e-08	2.46873490539e-08
1.41545102812e-08	-1.18430749652e-08
1.41742505954e-08	-5.01336039349e-08
1.41939909095e-08	-8.33075759488e-08
1.42137312237e-08	-1.05142724749e-07
1.42334715379e-08	-1.11623315036e-07
1.42532118521e-08	-1.01976588951e-07
1.42729521663e-08	-7.886817599e-08
1.42926924805e-08	-4.76694665963e-08
1.43124327947e-08	-1.49839571861e-08
1.43321731088e-08	1.3125036169e-08
1.4351913423e-08	3.26783045068e-08
1.43716537372e-08	4.26252029229e-08
1.43913940514e-08	4.475994686e-08
1.44111343656e-08	4.27861657215e-08
1.44308746798e-08	4.08648368477e-08
1.44506149939e-08	4.21362429393e-08
1.44703553081e-08	4.76661909943e-08
1.44900956223e-08	5.61147643907e-08
1.45098359365e-08	6.41783870492e-08
1.45295762507e-08	6.76367335473e-08
1.45493165649e-08	6.2680925339e-08
1.4569056879e-08	4.71513494915e-08
1.45887971932e-08	2.13611563993e-08
1.46085375074e-08	-1.17146887746e-08
1.46282778216e-08	-4.69407233084e-08
1.46480181358e-08	-7.81148870033e-08
1.466775845e-08	-9.94020084022e-08
1.46874987641e-08	-1.06756402829e-07
1.47072390783e-08	-9.89503234905e-08
1.47269793925e-08	-7.79085880254e-08
1.47467197067e-08	-4.82216115927e-08
1.47664600209e-08	-1.59449822235e-08
1.47862003351e-08	1.2981693942e-08
1.48059406493e-08	3.42368053907e-08
1.48256809634e-08	4.60883065045e-08
1.48454212776e-08	4.95566077063e-08
1.48651615918e-08	4.77433701462e-08
1.4884901906e-08	4.4575525493e-08
1.49046422202e-08	4.3384293491e-08
1.49243825344e-08	4.57755326977e-08
1.49441228485e-08	5.11270279446e-08
1.49638631627e-08	5.68351694596e-08
1.49836034769e-08	5.91953721596e-08
1.50033437911e-08	5.46280816138e-08
1.50230841053e-08	4.08845366451e-08
1.50428244195e-08	1.78964238984e-08
1.50625647336e-08	-1.1954616852e-08
1.50823050478e-08	-4.42157812586e-08
1.5102045362e-08	-7.33021465749e-08
1.51217856762e-08	-9.37735933348e-08
1.51415259904e-08	-1.01638605088e-07
1.51612663046e-08	-9.5352973517e-08
1.51810066187e-08	-7.6237327562e-08
1.52007469329e-08	-4.81772879368e-08
1.52204872471e-08	-1.66589124717e-08
1.52402275613e-08	1.26152439606e-08
1.52599678755e-08	3.51411308941e-08
1.52797081897e-08	4.8647727624e-08
1.52994485039e-08	5.34505524286e-08
1.5319188818e-08	5.20286320693e-08
1.53389291322e-08	4.79821906652e-08
1.53586694464e-08	4.47156409678e-08
1.53784097606e-08	4.42762555508e-08
1.53981500748e-08	4.67086671563e-08
1.5417890389e-08	5.01020416266e-08
1.54376307031e-08	5.12885058868e-08
1.54573710173e-08	4.69474130682e-08
1.54771113315e-08	3.47717481475e-08
1.54968516457e-08	1.43495144656e-08
1.55165919599e-08	-1.24796235568e-08
1.55363322741e-08	-4.18842063254e-08
1.55560725882e-08	-6.88471075705e-08
1.55758129024e-08	-8.8313413471e-08
1.55955532166e-08	-9.63957234035e-08
1.56152935308e-08	-9.13350177711e-08
1.5635033845e-08	-7.39690051432e-08
1.56547741592e-08	-4.75683989976e-08
1.56745144733e-08	-1.70633995822e-08
1.56942547875e-08	1.21531149588e-08
1.57139951017e-08	3.55289024867e-08
1.57337354159e-08	5.03971335775e-08
1.57534757301e-08	5.64641062795e-08
1.57732160443e-08	5.56012835773e-08
1.57929563585e-08	5.10147444288e-08
1.58126966726e-08	4.60685960491e-08
1.58324369868e-08	4.31383604393e-08
1.5852177301e-08	4.28581969913e-08
1.58719176152e-08	4.39881127079e-08
1.58916579294e-08	4.39181597756e-08
1.59113982436e-08	3.9632432447e-08
1.59311385577e-08	2.88128774173e-08
1.59508788719e-08	1.07461035626e-08
1.59706191861e-08	-1.32315189916e-08
1.59903595003e-08	-3.98740702678e-08
1.60100998145e-08	-6.47013322919e-08
1.60298401287e-08	-8.30330648682e-08
1.60495804428e-08	-9.11113389179e-08
1.6069320757e-08	-8.70294982747e-08
1.60890610712e-08	-7.12358598776e-08
1.61088013854e-08	-4.64699674296e-08
1.61285416996e-08	-1.71439289431e-08
1.61482820138e-08	1.16929381733e-08
1.6168022328e-08	3.5539457599e-08
1.61877626421e-08	5.14615479119e-08
1.62075029563e-08	5.86647601608e-08
1.62272432705e-08	5.84556865135e-08
1.62469835847e-08	5.36124176165e-08
1.62667238989e-08	4.73634003129e-08
1.62864642131e-08	4.22961434765e-08
1.63062045272e-08	3.95429395894e-08
1.63259448414e-08	3.84910627815e-08
1.63456851556e-08	3.71000581367e-08
1.63654254698e-08	3.27034825887e-08
1.6385165784e-08	2.30291892223e-08
1.64049060982e-08	7.11395697905e-09
1.64246464123e-08	-1.41725085001e-08
1.64443867265e-08	-3.81417564199e-08
1.64641270407e-08	-6.08332015872e-08
1.64838673549e-08	-7.79365763037e-08
1.65036076691e-08	-8.58404121118e-08
1.65233479833e-08	-8.25370491953e-08
1.65430882974e-08	-6.81516780787e-08
1.65628286116e-08	-4.49648958067e-08
1.65825689258e-08	-1.69142566619e-08
1.660230924e-08	1.13014264613e-08
1.66220495542e-08	3.52960753958e-08
1.66417898684e-08	5.1972538273e-08
1.66615301826e-08	6.01407990075e-08
1.66812704967e-08	6.06082721788e-08
1.67010108109e-08	5.57240582566e-08
1.67207511251e-08	4.85131010919e-08
1.67404914393e-08	4.16688941129e-08
1.67602317535e-08	3.67173740301e-08
1.67799720677e-08	3.36084298169e-08
1.67997123818e-08	3.08609244826e-08
1.6819452696e-08	2.61955861447e-08
1.68391930102e-08	1.7450560108e-08
1.68589333244e-08	3.47436013293e-09
1.68786736386e-08	-1.52832448919e-08
1.68984139528e-08	-3.66664849594e-08
1.69181542669e-08	-5.72257370379e-08
1.69378945811e-08	-7.3024388314e-08
1.69576348953e-08	-8.06153721555e-08
1.69773752095e-08	-7.79235236337e-08
1.69971155237e-08	-6.48023217309e-08
1.70168558379e-08	-4.31278834867e-08
1.7036596152e-08	-1.64057549767e-08
1.70563364662e-08	1.1008313372e-08
1.70760767804e-08	3.48844864106e-08
1.70958170946e-08	5.20422887007e-08
1.71155574088e-08	6.09891728232e-08
1.7135297723e-08	6.21060323169e-08
1.71550380372e-08	5.73329579368e-08
1.71747783513e-08	4.94515681737e-08
1.71945186655e-08	4.11738803052e-08
1.72142589797e-08	3.43171926431e-08
1.72339992939e-08	2.9315646799e-08
1.72537396081e-08	2.52149590096e-08
1.72734799223e-08	2.01459986471e-08
1.72932202364e-08	1.21154313248e-08
1.73129605506e-08	-1.450040088e-10
1.73327008648e-08	-1.6547769377e-08
1.7352441179e-08	-3.54382407863e-08
1.73721814932e-08	-5.38710906994e-08
1.73919218074e-08	-6.82965080046e-08
1.74116621215e-08	-7.54550910642e-08
1.74314024357e-08	-7.32346521204e-08
1.74511427499e-08	-6.12545534295e-08
1.74708830641e-08	-4.1027355735e-08
1.74906233783e-08	-1.56611594804e-08
1.75103636925e-08	1.08203170868e-08
1.75301040066e-08	3.43651755941e-08
1.75498443208e-08	5.1767010234e-08
1.7569584635e-08	6.1308746524e-08
1.75893249492e-08	6.30139922464e-08
1.76090652634e-08	5.84493200506e-08
1.76288055776e-08	5.01345773785e-08
1.76485458918e-08	4.07340543518e-08
1.76682862059e-08	3.22662039309e-08
1.76880265201e-08	2.55649634795e-08
1.77077668343e-08	2.01568965963e-08
1.77275071485e-08	1.45849883282e-08
1.77472474627e-08	7.07123737342e-09
1.77669877769e-08	-3.70065378341e-09
1.7786728091e-08	-1.79398398359e-08
1.78064684052e-08	-3.44485435733e-08
1.78262087194e-08	-5.07737567546e-08
1.78459490336e-08	-6.37650217072e-08
1.78656893478e-08	-7.03797624624e-08
1.7885429662e-08	-6.85041214865e-08
1.79051699761e-08	-5.75567611349e-08
1.79249102903e-08	-3.87179817096e-08
1.79446506045e-08	-1.47211691726e-08
1.79643909187e-08	1.07317621456e-08
1.79841312329e-08	3.37786474347e-08
1.80038715471e-08	5.12259141772e-08
1.80236118613e-08	6.1190782219e-08
1.80433521754e-08	6.3403525985e-08
1.80630924896e-08	5.9098471894e-08
1.80828328038e-08	5.05350001845e-08
1.8102573118e-08	4.02850162118e-08
1.81223134322e-08	3.04895202419e-08
1.81420537464e-08	2.23001030975e-08
1.81617940605e-08	1.56662149919e-08
1.81815343747e-08	9.53001766391e-09
1.82012746889e-08	2.36080555105e-09
1.82210150031e-08	-7.14428249893e-09
1.82407553173e-08	-1.94223748196e-08
1.82604956315e-08	-3.36822374436e-08
1.82802359456e-08	-4.79397961328e-08
1.82999762598e-08	-5.94511639918e-08
1.8319716574e-08	-6.54188738736e-08
1.83394568882e-08	-6.37642685319e-08
1.83591972024e-08	-5.37434239334e-08
1.83789375166e-08	-3.62339385163e-08
1.83986778307e-08	-1.36135032136e-08
1.84184181449e-08	1.07325188736e-08
1.84381584591e-08	3.31443992252e-08
1.84578987733e-08	5.04710406801e-08
1.84776390875e-08	6.07100005823e-08
1.84973794017e-08	6.33472652112e-08
1.85171197159e-08	5.93237068358e-08
1.853686003e-08	5.06497634944e-08
1.85566003442e-08	3.97785981932e-08
1.85763406584e-08	2.89156432132e-08
1.85960809726e-08	1.94557152611e-08
1.86158212868e-08	1.17086820239e-08
1.8635561601e-08	4.98630514656e-09
1.86553019151e-08	-1.98009098007e-09
1.86750422293e-08	-1.04280726276e-08
1.86947825435e-08	-2.09558823627e-08
1.87145228577e-08	-3.31192282488e-08
1.87342631719e-08	-4.53708146608e-08
1.87540034861e-08	-5.53732810715e-08
1.87737438002e-08	-6.06000796211e-08
1.87934841144e-08	-5.90472915007e-08
1.88132244286e-08	-4.98474008737e-08
1.88329647428e-08	-3.36055343553e-08
1.8852705057e-08	-1.23607719615e-08
1.88724453712e-08	1.08157607315e-08
1.88921856853e-08	3.24778177685e-08
1.89119259995e-08	4.95429404168e-08
1.89316663137e-08	5.99252700795e-08
1.89514066279e-08	6.29074392577e-08
1.89711469421e-08	5.91708975151e-08
1.89908872563e-08	5.04908790333e-08
1.90106275705e-08	3.91877428285e-08
1.90303678846e-08	2.74871538863e-08
1.90501081988e-08	1.69664531313e-08
1.9069848513e-08	8.23591417287e-09
1.90895888272e-08	9.40031830154e-10
1.91093291414e-08	-5.92870108562e-09
1.91290694556e-08	-1.3506363139e-08
1.91488097697e-08	-2.2492701035e-08
1.91685500839e-08	-3.27288347535e-08
1.91882903981e-08	-4.30617745906e-08
1.92080307123e-08	-5.15491720421e-08
1.92277710265e-08	-5.5954831879e-08
1.92475113407e-08	-5.43880425141e-08
1.92672516548e-08	-4.59004354525e-08
1.9286991969e-08	-3.08581817876e-08
1.93067322832e-08	-1.09795088576e-08
1.93264725974e-08	1.09770441625e-08
1.93462129116e-08	3.1791852706e-08
1.93659532258e-08	4.84741988771e-08
1.93856935399e-08	5.88852770989e-08
1.94054338541e-08	6.21381346377e-08
1.94251741683e-08	5.86834332239e-08
1.94449144825e-08	5.00768209122e-08
1.94646547967e-08	3.84978484647e-08
1.94843951109e-08	2.61608992247e-08
1.95041354251e-08	1.47753143054e-08
1.95238757392e-08	5.19734610904e-09
1.95436160534e-08	-2.63493671326e-09
1.95633563676e-08	-9.47865697043e-09
1.95830966818e-08	-1.63451474577e-08
1.9602836996e-08	-2.39864554885e-08
1.96225773102e-08	-3.24719415801e-08
1.96423176243e-08	-4.09956584235e-08
1.96620579385e-08	-4.79891717475e-08
1.96817982527e-08	-5.1514280841e-08
1.97015385669e-08	-4.98260313009e-08
1.97212788811e-08	-4.1937752826e-08
1.97410191953e-08	-2.80151901677e-08
1.97607595094e-08	-9.48006118051e-09
1.97804998236e-08	1.12180957856e-08
1.98002401378e-08	3.10992227526e-08
1.9819980452e-08	4.72893546544e-08
1.98397207662e-08	5.76268597285e-08
1.98594610804e-08	6.10835186876e-08
1.98792013945e-08	5.79029020287e-08
1.98989417087e-08	4.94318186384e-08
1.99186820229e-08	3.77055044964e-08
1.99384223371e-08	2.49046649969e-08
1.99581626513e-08	1.28313963899e-08
1.99779029655e-08	2.54253063048e-09
1.99976432797e-08	-5.77069281249e-09
2.00173835938e-08	-1.26327481809e-08
2.0037123908e-08	-1.89195930034e-08
2.00568642222e-08	-2.53976857323e-08
2.00766045364e-08	-3.23107869349e-08
2.00963448506e-08	-3.91508763187e-08
2.01160851648e-08	-4.46940369159e-08
2.01358254789e-08	-4.73000376644e-08
2.01555657931e-08	-4.53956978674e-08
2.01753061073e-08	-3.799586068e-08
2.01950464215e-08	-2.51057699074e-08
2.02147867357e-08	-7.87727127971e-09
2.02345270499e-08	1.15402993828e-08
2.0254267364e-08	3.04163769727e-08
2.02740076782e-08	4.60164741867e-08
2.02937479924e-08	5.61846142944e-08
2.03134883066e-08	5.97801772528e-08
2.03332286208e-08	5.68610758478e-08
2.0352968935e-08	4.85762896574e-08
2.03727092492e-08	3.68133328266e-08
2.03924495633e-08	2.36993944469e-08
2.04121898775e-08	1.10976001721e-08
2.04319301917e-08	2.25907070828e-10
2.04516705059e-08	-8.50522585694e-09
2.04714108201e-08	-1.54076857939e-08
2.04911511343e-08	-2.12192610149e-08
2.05108914484e-08	-2.66933479764e-08
2.05306317626e-08	-3.22046673773e-08
2.05503720768e-08	-3.74965232197e-08
2.0570112391e-08	-4.16555643312e-08
2.05898527052e-08	-4.33292584034e-08
2.06095930194e-08	-4.11311233961e-08
2.06293333335e-08	-3.41125989678e-08
2.06490736477e-08	-2.21596039296e-08
2.06688139619e-08	-6.18566620147e-09
2.06885542761e-08	1.19455245695e-08
2.07082945903e-08	2.97585902587e-08
2.07280349045e-08	4.46801244891e-08
2.07477752186e-08	5.45893321657e-08
2.07675155328e-08	5.82611860978e-08
2.0787255847e-08	5.55880887987e-08
2.08069961612e-08	4.75311026094e-08
2.08267364754e-08	3.58257743471e-08
2.08464767896e-08	2.25302763113e-08
2.08662171038e-08	9.54176115897e-09
2.08859574179e-08	-1.7924164375e-09
2.09056977321e-08	-1.0874155798e-08
2.09254380463e-08	-1.78231562842e-08
2.09451783605e-08	-2.324147097e-08
2.09649186747e-08	-2.78505094542e-08
2.09846589889e-08	-3.21201483189e-08
2.1004399303e-08	-3.60025751434e-08
2.10241396172e-08	-3.88588574651e-08
2.10438799314e-08	-3.96078370102e-08
2.10636202456e-08	-3.70571662245e-08
2.10833605598e-08	-3.03231146859e-08
2.1103100874e-08	-1.92093327911e-08
2.11228411881e-08	-4.4255612508e-09
2.11425815023e-08	1.24309504912e-08
2.11623218165e-08	2.91402741937e-08
2.11820621307e-08	4.33070965755e-08
2.12018024449e-08	5.28731867178e-08
2.12215427591e-08	5.65575888345e-08
2.12412830732e-08	5.4109282388e-08
2.12610233874e-08	4.63119960159e-08
2.12807637016e-08	3.47466269091e-08
2.13005040158e-08	2.13872528576e-08
2.132024433e-08	8.14091993817e-09
2.13399846442e-08	-3.54478713049e-09
2.13597249584e-08	-1.29106734192e-08
2.13794652725e-08	-1.99033323156e-08
2.13992055867e-08	-2.49925147244e-08
2.14189459009e-08	-2.88555970229e-08
2.14386862151e-08	-3.20291775324e-08
2.14584265293e-08	-3.46376012317e-08
2.14781668435e-08	-3.62831045209e-08
2.14979071576e-08	-3.61342742394e-08
2.15176474718e-08	-3.31928688979e-08
2.1537387786e-08	-2.66592099507e-08
2.15571281002e-08	-1.62878492915e-08
2.15768684144e-08	-2.61937560531e-09
2.15966087286e-08	1.29912214319e-08
2.16163490427e-08	2.85730656913e-08
2.16360893569e-08	4.19216945602e-08
2.16558296711e-08	5.10665572051e-08
2.16755699853e-08	5.46995195805e-08
2.16953102995e-08	5.24497849597e-08
2.17150506137e-08	4.49349499831e-08
2.17347909278e-08	3.35801466633e-08
2.1754531242e-08	2.02615719758e-08
2.17742715562e-08	6.87413193035e-09
2.17940118704e-08	-5.05989916633e-09
2.18137521846e-08	-1.46446756943e-08
2.18334924988e-08	-2.16706226297e-08
2.1853232813e-08	-2.64815920303e-08
2.18729731271e-08	-2.97013471595e-08
2.18927134413e-08	-3.19108686142e-08
2.19124537555e-08	-3.33755423298e-08
2.19321940697e-08	-3.39067192101e-08
2.19519343839e-08	-3.29009139932e-08
2.19716746981e-08	-2.95478415069e-08
2.19914150122e-08	-2.31450734134e-08
2.20111553264e-08	-1.34252227113e-08
2.20308956406e-08	-7.92341026123e-10
2.20506359548e-08	1.36149562735e-08
2.2070376269e-08	2.80633116745e-08
2.20901165832e-08	4.05457356578e-08
2.21098568973e-08	4.92001710484e-08
2.21295972115e-08	5.2718466037e-08
2.21493375257e-08	5.06346644613e-08
2.21690778399e-08	4.34147402473e-08
2.21888181541e-08	3.232916157e-08
2.22085584683e-08	1.91445259645e-08
2.22282987825e-08	5.72338043625e-09
2.22480390966e-08	-6.36199981585e-09
2.22677794108e-08	-1.61020654588e-08
2.2287519725e-08	-2.31471837253e-08
2.23072600392e-08	-2.77206524402e-08
2.23270003534e-08	-3.03862321971e-08
2.23467406676e-08	-3.17506589909e-08
2.23664809817e-08	-3.21937356773e-08
2.23862212959e-08	-3.1707823922e-08
2.24059616101e-08	-2.98954994093e-08
2.24257019243e-08	-2.61253170208e-08
2.24454422385e-08	-1.97989216133e-08
2.24651825527e-08	-1.06486401918e-08
2.24849228668e-08	1.03008124253e-09
2.2504663181e-08	1.42876892539e-08
2.25244034952e-08	2.76133160781e-08
2.25441438094e-08	3.91973884462e-08
2.25638841236e-08	4.73022616632e-08
2.25836244378e-08	5.0645066807e-08
2.26033647519e-08	4.86893050322e-08
2.26231050661e-08	4.17668459818e-08
2.26428453803e-08	3.09972207901e-08
2.26625856945e-08	1.80286008344e-08
2.26823260087e-08	4.67188643327e-09
2.27020663229e-08	-7.47393524847e-09
2.27218066371e-08	-1.73069132359e-08
2.27415469512e-08	-2.43534188371e-08
2.27612872654e-08	-2.8722071832e-08
2.27810275796e-08	-3.09114014385e-08
2.28007678938e-08	-3.15384731664e-08
2.2820508208e-08	-3.10741548049e-08
2.28402485222e-08	-2.96670030764e-08
2.28599888363e-08	-2.71044680034e-08
2.28797291505e-08	-2.29232810511e-08
2.28994694647e-08	-1.66322990935e-08
2.29192097789e-08	-7.97916754891e-09
2.29389500931e-08	2.82418932684e-09
2.29586904073e-08	1.49927465998e-08
2.29784307214e-08	2.72199471851e-08
2.29981710356e-08	3.78893929565e-08
2.30179113498e-08	4.53980710802e-08
2.3037651664e-08	4.85091611324e-08
2.30573919782e-08	4.66404017629e-08
2.30771322924e-08	4.00082882379e-08
2.30968726065e-08	2.9589159567e-08
2.31166129207e-08	1.6906779976e-08
2.31363532349e-08	3.70350505818e-09
2.31560935491e-08	-8.4168387815e-09
2.31758338633e-08	-1.82818151728e-08
2.31955741775e-08	-2.53087524271e-08
2.32153144917e-08	-2.94982154259e-08
2.32350548058e-08	-3.12797148183e-08
2.325479512e-08	-3.12669357072e-08
2.32745354342e-08	-3.00021838484e-08
2.32942757484e-08	-2.77670455517e-08
2.33140160626e-08	-2.45142341981e-08
2.33337563768e-08	-1.99369321052e-08
2.33534966909e-08	-1.3651417774e-08
2.33732370051e-08	-5.43269251807e-09
2.33929773193e-08	4.57012916399e-09
2.34127176335e-08	1.57132546974e-08
2.34324579477e-08	2.68765081302e-08
2.34521982619e-08	3.66289505394e-08
2.3471938576e-08	4.35077396332e-08
2.34916788902e-08	4.6338808346e-08
2.35114192044e-08	4.45153673923e-08
2.35311595186e-08	3.8158209037e-08
2.35508998328e-08	2.81114242995e-08
2.3570640147e-08	1.5772700479e-08
2.35903804611e-08	2.8024829124e-09
2.36101207753e-08	-9.21142984112e-09
2.36298610895e-08	-1.90476523443e-08
2.36496014037e-08	-2.60311576739e-08
2.36693417179e-08	-3.00615141668e-08
2.36890820321e-08	-3.14957127046e-08
2.37088223463e-08	-3.09321741554e-08
2.37285626604e-08	-2.89661574726e-08
2.37483029746e-08	-2.59924313184e-08
2.37680432888e-08	-2.21107931964e-08
2.3787783603e-08	-1.71593121934e-08
2.38075239172e-08	-1.08591944326e-08
2.38272642314e-08	-3.02150882092e-09
2.38470045455e-08	6.25078744321e-09
2.38667448597e-08	1.64339137854e-08
2.38864851739e-08	2.65753641315e-08
2.39062254881e-08	3.54201432629e-08
2.39259658023e-08	4.164710532e-08
2.39457061165e-08	4.4157395962e-08
2.39654464306e-08	4.2339280526e-08
2.39851867448e-08	3.62368872686e-08
2.4004927059e-08	2.65740709438e-08
2.40246673732e-08	1.46237901788e-08
2.40444076874e-08	1.9548953567e-09
2.40641480016e-08	-9.87863302271e-09
2.40838883158e-08	-1.96270164565e-08
2.41036286299e-08	-2.65393769183e-08
2.41233689441e-08	-3.04235605597e-08
2.41431092583e-08	-3.15628660985e-08
2.41628495725e-08	-3.05301703918e-08
2.41825898867e-08	-2.79568137529e-08
2.42023302009e-08	-2.43308768688e-08
2.4222070515e-08	-1.98822860398e-08
2.42418108292e-08	-1.4582443697e-08
2.42615511434e-08	-8.25471513366e-09
2.42812914576e-08	-7.52490458833e-10
2.43010317718e-08	7.85303999606e-09
2.4320772086e-08	1.71401364213e-08
2.43405124001e-08	2.63069388495e-08
2.43602527143e-08	3.42631025774e-08
2.43799930285e-08	3.98277002489e-08
2.43997333427e-08	4.19857819622e-08
2.44194736569e-08	4.01364985692e-08
2.44392139711e-08	3.42647581419e-08
2.44589542852e-08	2.49879104075e-08
2.44786945994e-08	1.34588011846e-08
2.44984349136e-08	1.14870546408e-09
2.45181752278e-08	-1.04375219578e-08
2.4537915542e-08	-2.0040598514e-08
2.45576558562e-08	-2.68518043356e-08
2.45773961704e-08	-3.05970146997e-08
2.45971364845e-08	-3.14868664475e-08
2.46168767987e-08	-3.00591658231e-08
2.46366171129e-08	-2.69657594032e-08
2.46563574271e-08	-2.27703917943e-08
2.46760977413e-08	-1.78164469844e-08
2.46958380555e-08	-1.21978178669e-08
2.47155783696e-08	-5.8360578592e-09
2.47353186838e-08	1.36892253089e-09
2.4755058998e-08	9.36621802339e-09
2.47747993122e-08	1.7820118714e-08
2.47945396264e-08	2.60628070237e-08
2.48142799406e-08	3.31566809564e-08
2.48340202547e-08	3.8057553553e-08
2.48537605689e-08	3.98400779034e-08
2.48735008831e-08	3.79273359385e-08
2.48932411973e-08	3.22613153969e-08
2.49129815115e-08	2.33659847027e-08
2.49327218257e-08	1.22805365876e-08
2.49524621398e-08	3.75152880983e-10
2.4972202454e-08	-1.09058797548e-08
2.49919427682e-08	-2.03104466578e-08
2.50116830824e-08	-2.69884417037e-08
2.50314233966e-08	-3.05955438762e-08
2.50511637108e-08	-3.12727053142e-08
2.5070904025e-08	-2.95165119013e-08
2.50906443391e-08	-2.59852654949e-08
2.51103846533e-08	-2.13008028993e-08
2.51301249675e-08	-1.59033533009e-08
2.51498652817e-08	-9.99774041333e-09
2.51696055959e-08	-3.59948604256e-09
2.51893459101e-08	3.34118999135e-09
2.52090862242e-08	1.07835163021e-08
2.52288265384e-08	1.84638579981e-08
2.52485668526e-08	2.58339678538e-08
2.52683071668e-08	3.20975850343e-08
2.5288047481e-08	3.6341880616e-08
2.53077877952e-08	3.77338658097e-08
2.53275281093e-08	3.57305083298e-08
2.53472684235e-08	3.02448341927e-08
2.53670087377e-08	2.17210729403e-08
2.53867490519e-08	1.10923599195e-08
2.54064893661e-08	-3.72395864146e-10
2.54262296803e-08	-1.12986038303e-08
2.54459699944e-08	-2.04560688388e-08
2.54657103086e-08	-2.69685944687e-08
2.54854506228e-08	-3.04339984325e-08
2.5505190937e-08	-3.09278185284e-08
2.55249312512e-08	-2.89016011124e-08
2.55446715654e-08	-2.50083544984e-08
2.55644118796e-08	-1.99115888222e-08
2.55841521937e-08	-1.41323512892e-08
2.56038925079e-08	-7.97393884255e-09
2.56236328221e-08	-1.54097379301e-09
2.56433731363e-08	5.16337106404e-09
2.56631134505e-08	1.20997079023e-08
2.56828537647e-08	1.90633944186e-08
2.57025940788e-08	2.56128558362e-08
2.5722334393e-08	3.10819494587e-08
2.57420747072e-08	3.46835129506e-08
2.57618150214e-08	3.5677448551e-08
2.57815553356e-08	3.35616725522e-08
2.58012956498e-08	2.82322307754e-08
2.58210359639e-08	2.0065941797e-08
2.58407762781e-08	9.89938975238e-09
2.58605165923e-08	-1.09833730999e-09
2.58802569065e-08	-1.1628391583e-08
2.58999972207e-08	-2.0495027897e-08
2.59197375349e-08	-2.68111080004e-08
2.59394778491e-08	-3.01279499126e-08
2.59592181632e-08	-3.0461748679e-08
2.59789584774e-08	-2.82159398068e-08
2.59986987916e-08	-2.40288624553e-08
2.60184391058e-08	-1.85919137863e-08
2.603817942e-08	-1.24916024191e-08
2.60579197342e-08	-6.11769124248e-09
2.60776600483e-08	3.4312114261e-10
2.60974003625e-08	6.83438505789e-09
2.61171406767e-08	1.33104256506e-08
2.61368809909e-08	1.96134539721e-08
2.61566213051e-08	2.53945735551e-08
2.61763616193e-08	3.01070706143e-08
2.61961019334e-08	3.3083402684e-08
2.62158422476e-08	3.36768906095e-08
2.62355825618e-08	3.14323358452e-08
2.6255322876e-08	2.62382009453e-08
2.62750631902e-08	1.84144823834e-08
2.62948035044e-08	8.70901661898e-09
2.63145438185e-08	-1.8047848771e-09
2.63342841327e-08	-1.1906922559e-08
2.63540244469e-08	-2.04452383912e-08
2.63737647611e-08	-2.65344954897e-08
2.63935050753e-08	-2.96923534648e-08
2.64132453895e-08	-2.9882624375e-08
2.64329857037e-08	-2.74610734152e-08
2.64527260178e-08	-2.30429826331e-08
2.6472466332e-08	-1.73338676746e-08
2.64922066462e-08	-1.09713012009e-08
2.65119469604e-08	-4.41920366967e-09
2.65316872746e-08	2.05985517532e-09
2.65514275888e-08	8.35640889818e-09
2.65711679029e-08	1.44126000023e-08
2.65909082171e-08	2.01074055184e-08
2.66106485313e-08	2.51725396083e-08
2.66303888455e-08	2.91696622412e-08
2.66501291597e-08	3.15435748632e-08
2.66698694739e-08	3.17391943838e-08
2.6689609788e-08	2.93528206186e-08
2.67093501022e-08	2.42740458845e-08
2.67290904164e-08	1.67765179526e-08
2.67488307306e-08	7.52768691825e-09
2.67685710448e-08	-2.49119191942e-09
2.6788311359e-08	-1.21409762244e-08
2.68080516731e-08	-2.03204848503e-08
2.68277919873e-08	-2.61566608373e-08
2.68475323015e-08	-2.91441093481e-08
2.68672726157e-08	-2.92021482551e-08
2.68870129299e-08	-2.6640339712e-08
2.69067532441e-08	-2.20460751876e-08
2.69264935583e-08	-1.61280055977e-08
2.69462338724e-08	-9.56079393433e-09
2.69659741866e-08	-2.86985302189e-09
2.69857145008e-08	3.61476204525e-09
2.7005454815e-08	9.73151603745e-09
2.70251951292e-08	1.54051917889e-08
2.70449354434e-08	2.05417158838e-08
2.70646757575e-08	2.49421177045e-08
2.70844160717e-08	2.82658678685e-08
2.71041563859e-08	3.00630951244e-08
2.71238967001e-08	2.98682358846e-08
2.71436370143e-08	2.73317120048e-08
2.71633773285e-08	2.2351130724e-08
2.71831176426e-08	1.51625165756e-08
2.72028579568e-08	6.36165786716e-09
2.7222598271e-08	-3.15766435222e-09
2.72423385852e-08	-1.23373986582e-08
2.72620788994e-08	-2.01328429483e-08
2.72818192136e-08	-2.569266222e-08
2.73015595277e-08	-2.84981762633e-08
2.73212998419e-08	-2.84318311117e-08
2.73410401561e-08	-2.57594034991e-08
2.73607804703e-08	-2.10366639664e-08
2.73805207845e-08	-1.49667336302e-08
2.74002610987e-08	-8.24906720709e-09
2.74200014129e-08	-1.45885792335e-09
2.7439741727e-08	5.01504082706e-09
2.74594820412e-08	1.09623012889e-08
2.74792223554e-08	1.62867745956e-08
2.74989626696e-08	2.09129442652e-08
2.75187029838e-08	2.4699371437e-08
2.7538443298e-08	2.73930318428e-08
2.75581836121e-08	2.86416899087e-08
2.75779239263e-08	2.80668217556e-08
2.75976642405e-08	2.53750709334e-08
2.76174045547e-08	2.04779215807e-08
2.76371448689e-08	1.3581770375e-08
2.76568851831e-08	5.21767873352e-09
2.76766254972e-08	-3.80267017874e-09
2.76963658114e-08	-1.25012027397e-08
2.77161061256e-08	-1.98934593243e-08
2.77358464398e-08	-2.51568401666e-08
2.7755586754e-08	-2.77688769756e-08
2.77753270682e-08	-2.75825318141e-08
2.77950673824e-08	-2.48237608247e-08
2.78148076965e-08	-2.0014498503e-08
2.78345480107e-08	-1.38444429254e-08
2.78542883249e-08	-7.02718283563e-09
2.78740286391e-08	-1.76040862443e-10
2.78937689533e-08	6.26951868199e-09
2.79135092675e-08	1.20538423687e-08
2.79332495816e-08	1.70579461667e-08
2.79529898958e-08	2.12174935399e-08
2.797273021e-08	2.44394442461e-08
2.79924705242e-08	2.65472959171e-08
2.80122108384e-08	2.7278856507e-08
2.80319511526e-08	2.63380677268e-08
2.80516914667e-08	2.34887753692e-08
2.80714317809e-08	1.86617370446e-08
2.80911720951e-08	1.20409469062e-08
2.81109124093e-08	4.10074640911e-09
2.81306527235e-08	-4.42436220993e-09
2.81503930377e-08	-1.26353585372e-08
2.81701333518e-08	-1.96103293604e-08
2.8189873666e-08	-2.45617073347e-08
2.82096139802e-08	-2.69702180589e-08
2.82293542944e-08	-2.66666049242e-08
2.82490946086e-08	-2.38404780362e-08
2.82688349228e-08	-1.89795876793e-08
2.8288575237e-08	-1.27552954865e-08
2.83083155511e-08	-5.88561599457e-09
2.83280558653e-08	9.88540138636e-10
2.83477961795e-08	7.38617167428e-09
2.83675364937e-08	1.30109212293e-08
2.83872768079e-08	1.77199837026e-08
2.84070171221e-08	2.14542819066e-08
2.84267574362e-08	2.4159195533e-08
2.84464977504e-08	2.57254590963e-08
2.84662380646e-08	2.59725005947e-08
2.84859783788e-08	2.46825901939e-08
2.8505718693e-08	2.16769926453e-08
2.85254590072e-08	1.69091620705e-08
2.85451993213e-08	1.05475210788e-08
2.85649396355e-08	3.0163813669e-09
2.85846799497e-08	-5.02150321324e-09
2.86044202639e-08	-1.27432127073e-08
2.86241605781e-08	-1.92913649499e-08
2.86439008923e-08	-2.39179165362e-08
2.86636412064e-08	-2.6114166829e-08
2.86833815206e-08	-2.56945451582e-08
2.87031218348e-08	-2.28167120753e-08
2.8722862149e-08	-1.7934434382e-08
2.87426024632e-08	-1.16958966956e-08
2.87623427774e-08	-4.81636952543e-09
2.87820830916e-08	2.04510386403e-09
2.88018234057e-08	8.37451619162e-09
2.88215637199e-08	1.38399185445e-08
2.88413040341e-08	1.827520002e-08
2.88610443483e-08	2.16217728166e-08
2.88807846625e-08	2.38553887755e-08
2.89005249767e-08	2.49241285388e-08
2.89202652908e-08	2.47207623261e-08
2.8940005605e-08	2.31012258212e-08
2.89597459192e-08	1.9942785201e-08
2.89794862334e-08	1.52253036845e-08
2.89992265476e-08	9.10711506208e-09
2.90189668618e-08	1.968989638e-09
2.90387071759e-08	-5.59209123452e-09
2.90584474901e-08	-1.28268808908e-08
2.90781878043e-08	-1.89427247221e-08
2.90979281185e-08	-2.32352874718e-08
2.91176684327e-08	-2.52118610433e-08
2.91374087469e-08	-2.46767424272e-08
2.9157149061e-08	-2.17599005481e-08
2.91768893752e-08	-1.68814153767e-08
2.91966296894e-08	-1.06637507713e-08
2.92163700036e-08	-3.81259601667e-09
2.92361103178e-08	3.00308289347e-09
2.9255850632e-08	9.24383147805e-09
2.92755909462e-08	1.45479530644e-08
2.92953312603e-08	1.87269275642e-08
2.93150715745e-08	2.17195914587e-08
2.93348118887e-08	2.35251462755e-08
2.93545522029e-08	2.41398279144e-08
2.93742925171e-08	2.35215811273e-08
2.93940328313e-08	2.15938005255e-08
2.94137731454e-08	1.82885706579e-08
2.94335134596e-08	1.36142661589e-08
2.94532537738e-08	7.72431096863e-09
2.9472994088e-08	9.6281072004e-10
2.94927344022e-08	-6.1342437796e-09
2.95124747164e-08	-1.28876811445e-08
2.95322150305e-08	-1.85698141308e-08
2.95519553447e-08	-2.25225100792e-08
2.95716956589e-08	-2.42737030476e-08
2.95914359731e-08	-2.3623101697e-08
2.96111762873e-08	-2.0676850454e-08
2.96309166015e-08	-1.58233284253e-08
2.96506569157e-08	-9.65681934417e-09
2.96703972298e-08	-2.86829515694e-09
2.9690137544e-08	3.87064735818e-09
2.97098778582e-08	1.0003135209e-08
2.97296181724e-08	1.51424632833e-08
2.97493584866e-08	1.90797866395e-08
2.97690988008e-08	2.17490203624e-08
2.97888391149e-08	2.31665477912e-08
2.98085794291e-08	2.3369112867e-08
2.98283197433e-08	2.23716281056e-08
2.98480600575e-08	2.01591117133e-08
2.98678003717e-08	1.67157505615e-08
2.98875406859e-08	1.20796093128e-08
2.9907281e-08	6.40385389161e-09
2.99270213142e-08	1.42297632011e-12
2.99467616284e-08	-6.64639276948e-09
2.99665019426e-08	-1.29272512694e-08
2.99862422568e-08	-1.81772801255e-08
3.0005982571e-08	-2.17867608399e-08
3.00257228851e-08	-2.33085852841e-08
3.00454631993e-08	-2.25425367262e-08
3.00652035135e-08	-1.95747862364e-08
3.00849438277e-08	-1.47636756154e-08
3.01046841419e-08	-8.67422045303e-09
3.01244244561e-08	-1.97825333892e-09
3.01441647703e-08	4.65609506506e-09
3.01639050844e-08	1.06612123574e-08
3.01836453986e-08	1.56309791777e-08
3.02033857128e-08	1.93386373581e-08
3.0223126027e-08	2.17115943002e-08
3.02428663412e-08	2.27785097451e-08
3.02626066554e-08	2.26093419542e-08
3.02823469695e-08	2.12680006939e-08
3.03020872837e-08	1.87953563824e-08
3.03218275979e-08	1.52244972185e-08
3.03415679121e-08	1.06235837904e-08
3.03613082263e-08	5.14915798888e-09
3.03810485405e-08	-9.11587305641e-10
