% time-domain voltage integration by openEMS v0.0.36 @Thu Feb  5 18:55:41 2026
% start-coordinates: (0.037587,0.02,0.0015) m -> [122,75,9]
% stop-coordinates: (0.037587,0.02,0) m -> [122,75,7]
% t/s	voltage
0	0
1.9740314184e-11	0
3.94806283681e-11	0
5.92209425521e-11	0
7.89612567362e-11	0
9.87015709202e-11	0
1.18441885104e-10	0
1.38182199288e-10	0
1.57922513472e-10	0
1.77662827656e-10	0
1.9740314184e-10	-1.56957817366e-30
2.17143456024e-10	-3.79537744796e-23
2.36883770208e-10	-1.42838305046e-17
2.56624084393e-10	-1.53991694342e-13
2.76364398577e-10	-5.80418612478e-11
2.96104712761e-10	-7.03851754658e-10
3.15845026945e-10	-5.00611413434e-10
3.35585341129e-10	-1.35645075033e-10
3.55325655313e-10	1.66245417432e-09
3.75065969497e-10	5.81283177148e-09
3.94806283681e-10	1.49524335136e-08
4.14546597865e-10	2.81929608548e-08
4.34286912049e-10	4.65744882661e-08
4.54027226233e-10	6.32086916141e-08
4.73767540417e-10	6.46448157227e-08
4.93507854601e-10	2.66703237273e-08
5.13248168785e-10	-7.76878223974e-08
5.32988482969e-10	-1.85066973302e-07
5.52728797153e-10	-1.66552274194e-08
5.72469111337e-10	5.90392033928e-07
5.92209425521e-10	1.99756561869e-06
6.11949739705e-10	4.69624478683e-06
6.31690053889e-10	8.71132124303e-06
6.51430368073e-10	1.32796858452e-05
6.71170682257e-10	1.62412143254e-05
6.90910996441e-10	1.34291503855e-05
7.10651310625e-10	-9.81358653007e-07
7.3039162481e-10	-3.31353840011e-05
7.50131938994e-10	-8.66247974045e-05
7.69872253178e-10	-0.00015875313693
7.89612567362e-10	-0.000237146654399
8.09352881546e-10	-0.000298901228234
8.2909319573e-10	-0.000314249671646
8.48833509914e-10	-0.000255331760854
8.68573824098e-10	-0.000108066629764
8.88314138282e-10	0.000117345596664
9.08054452466e-10	0.000382751648431
9.2779476665e-10	0.000628938607406
9.47535080834e-10	0.000792471022578
9.67275395018e-10	0.000826966715977
9.87015709202e-10	0.000720170821296
1.00675602339e-09	0.000499240675708
1.02649633757e-09	0.000221525900997
1.04623665175e-09	-4.53782668046e-05
1.06597696594e-09	-0.000245775379881
1.08571728012e-09	-0.000351233014953
1.10545759431e-09	-0.000364004226867
1.12519790849e-09	-0.000309107388603
1.14493822267e-09	-0.000220450172492
1.16467853686e-09	-0.000127781873744
1.18441885104e-09	-4.9316422519e-05
1.20415916523e-09	8.70964640853e-06
1.22389947941e-09	4.75735760119e-05
1.24363979359e-09	7.0332444011e-05
1.26338010778e-09	7.79231268098e-05
1.28312042196e-09	6.85648956278e-05
1.30286073615e-09	4.00659791921e-05
1.32260105033e-09	-6.64488175062e-06
1.34234136451e-09	-6.49059766147e-05
1.3620816787e-09	-0.000122241108329
1.38182199288e-09	-0.000163329030329
1.40156230707e-09	-0.000175074230356
1.42130262125e-09	-0.000151745240146
1.44104293543e-09	-9.78532516456e-05
1.46078324962e-09	-2.72445258815e-05
1.4805235638e-09	4.1490791773e-05
1.50026387799e-09	9.14847332751e-05
1.52000419217e-09	0.000113168815005
1.53974450636e-09	0.000106537059764
1.55948482054e-09	7.97601060185e-05
1.57922513472e-09	4.47469865321e-05
1.59896544891e-09	1.21956927615e-05
1.61870576309e-09	-1.17794079415e-05
1.63844607728e-09	-2.62061912508e-05
1.65818639146e-09	-3.35403237841e-05
1.67792670564e-09	-3.69448425772e-05
1.69766701983e-09	-3.81290283258e-05
1.71740733401e-09	-3.65677315131e-05
1.7371476482e-09	-3.01324316752e-05
1.75688796238e-09	-1.64759167092e-05
1.77662827656e-09	5.52874666937e-06
1.79636859075e-09	3.4891645555e-05
1.81610890493e-09	6.82417812641e-05
1.83584921912e-09	0.000100224791822
1.8555895333e-09	0.000124403530208
1.87532984748e-09	0.000134644637001
1.89507016167e-09	0.000126766550238
1.91481047585e-09	0.000100061239209
1.93455079004e-09	5.81848689762e-05
1.95429110422e-09	8.87776513991e-06
1.9740314184e-09	-3.76916450477e-05
1.99377173259e-09	-7.16469185136e-05
2.01351204677e-09	-8.62767374201e-05
2.03325236096e-09	-8.00456364232e-05
2.05299267514e-09	-5.6875482187e-05
2.07273298932e-09	-2.45766905209e-05
2.09247330351e-09	7.91668117017e-06
2.11221361769e-09	3.33509833581e-05
2.13195393188e-09	4.7912080845e-05
2.15169424606e-09	5.14018829563e-05
2.17143456024e-09	4.6048020522e-05
2.19117487443e-09	3.47377226717e-05
2.21091518861e-09	1.96276596398e-05
2.2306555028e-09	1.72049152525e-06
2.25039581698e-09	-1.85850303751e-05
2.27013613116e-09	-4.04420279665e-05
2.28987644535e-09	-6.16835604887e-05
2.30961675953e-09	-7.87084718468e-05
2.32935707372e-09	-8.72798373166e-05
2.3490973879e-09	-8.39705317048e-05
2.36883770208e-09	-6.76808631397e-05
2.38857801627e-09	-4.0551803977e-05
2.40831833045e-09	-7.81113431003e-06
2.42805864464e-09	2.35081861319e-05
2.44779895882e-09	4.65897519462e-05
2.46753927301e-09	5.68859850318e-05
2.48727958719e-09	5.34468581463e-05
2.50701990137e-09	3.90516433981e-05
2.52676021556e-09	1.91043745872e-05
2.54650052974e-09	-2.35169352436e-07
2.56624084393e-09	-1.39933590617e-05
2.58598115811e-09	-1.97279487111e-05
2.60572147229e-09	-1.78800000867e-05
2.62546178648e-09	-1.11514232231e-05
2.64520210066e-09	-3.25755252106e-06
2.66494241485e-09	2.44173941155e-06
2.68468272903e-09	4.00389831157e-06
2.70442304321e-09	1.38167621344e-06
2.7241633574e-09	-3.72612271349e-06
2.74390367158e-09	-8.53919300425e-06
2.76364398577e-09	-1.01547179838e-05
2.78338429995e-09	-6.57695863993e-06
2.80312461413e-09	2.4689577458e-06
2.82286492832e-09	1.51889043991e-05
2.8426052425e-09	2.80563417618e-05
2.86234555669e-09	3.68371674995e-05
2.88208587087e-09	3.80567671527e-05
2.90182618505e-09	3.0409435567e-05
2.92156649924e-09	1.55103089128e-05
2.94130681342e-09	-2.4213782126e-06
2.96104712761e-09	-1.79453536475e-05
2.98078744179e-09	-2.63515375991e-05
3.00052775597e-09	-2.5392751013e-05
3.02026807016e-09	-1.60509107445e-05
3.04000838434e-09	-2.02903322588e-06
3.05974869853e-09	1.17722302093e-05
3.07948901271e-09	2.10879788938e-05
3.09922932689e-09	2.3653318749e-05
3.11896964108e-09	1.96042437892e-05
3.13870995526e-09	1.09196475933e-05
3.15845026945e-09	3.46689603248e-07
3.17819058363e-09	-9.61840214586e-06
3.19793089781e-09	-1.72921154444e-05
3.217671212e-09	-2.18482982746e-05
3.23741152618e-09	-2.30694040511e-05
3.25715184037e-09	-2.11103797483e-05
3.27689215455e-09	-1.64520643011e-05
3.29663246873e-09	-9.97626693788e-06
3.31637278292e-09	-2.96246491871e-06
3.3361130971e-09	3.14666669965e-06
3.35585341129e-09	7.19046033737e-06
3.37559372547e-09	8.73063254403e-06
3.39533403966e-09	8.21824369268e-06
3.41507435384e-09	6.75043156662e-06
3.43481466802e-09	5.51503148927e-06
3.45455498221e-09	5.21446645507e-06
3.47429529639e-09	5.77309174332e-06
3.49403561058e-09	6.47287038191e-06
3.51377592476e-09	6.41693281977e-06
3.53351623894e-09	5.03196611135e-06
3.55325655313e-09	2.32149477597e-06
3.57299686731e-09	-1.2359420225e-06
3.5927371815e-09	-5.02879311171e-06
3.61247749568e-09	-8.63752393343e-06
3.63221780986e-09	-1.19112805805e-05
3.65195812405e-09	-1.47568612192e-05
3.67169843823e-09	-1.68193237187e-05
3.69143875242e-09	-1.73265088961e-05
3.7111790666e-09	-1.52861448441e-05
3.73091938078e-09	-1.00039983408e-05
3.75065969497e-09	-1.66862577089e-06
3.77040000915e-09	8.34875936562e-06
3.79014032334e-09	1.77191359398e-05
3.80988063752e-09	2.38816792262e-05
3.8296209517e-09	2.49899576374e-05
3.84936126589e-09	2.0662733732e-05
3.86910158007e-09	1.22039564303e-05
3.88884189426e-09	2.18169486743e-06
3.90858220844e-09	-6.462190413e-06
3.92832252262e-09	-1.14102758744e-05
3.94806283681e-09	-1.1694314253e-05
3.96780315099e-09	-7.90404146755e-06
3.98754346518e-09	-1.85690299759e-06
4.00728377936e-09	4.09880431107e-06
4.02702409354e-09	7.86222881288e-06
4.04676440773e-09	8.1863286141e-06
4.06650472191e-09	4.95642143505e-06
4.0862450361e-09	-8.75455668847e-07
4.10598535028e-09	-7.6263011124e-06
4.12572566446e-09	-1.3355374449e-05
4.14546597865e-09	-1.63657759913e-05
4.16520629283e-09	-1.56349369718e-05
4.18494660702e-09	-1.11016006485e-05
4.2046869212e-09	-3.73483612748e-06
4.22442723538e-09	4.65911534775e-06
4.24416754957e-09	1.1892529983e-05
4.26390786375e-09	1.60274321388e-05
4.28364817794e-09	1.60018653332e-05
4.30338849212e-09	1.20235308714e-05
4.3231288063e-09	5.55645192435e-06
4.34286912049e-09	-1.14296852871e-06
4.36260943467e-09	-5.80566234021e-06
4.38234974886e-09	-6.96519964549e-06
4.40209006304e-09	-4.49094955002e-06
4.42183037723e-09	3.78048142124e-07
4.44157069141e-09	5.51811626792e-06
4.46131100559e-09	8.7327825895e-06
4.48105131978e-09	8.56311226016e-06
4.50079163396e-09	4.78116066915e-06
4.52053194815e-09	-1.60394500881e-06
4.54027226233e-09	-8.78341734278e-06
4.56001257651e-09	-1.48068984345e-05
4.5797528907e-09	-1.81826571861e-05
4.59949320488e-09	-1.82130552275e-05
4.61923351907e-09	-1.50137216224e-05
4.63897383325e-09	-9.31859813136e-06
4.65871414743e-09	-2.21836603487e-06
4.67845446162e-09	5.05227649228e-06
4.6981947758e-09	1.12653547149e-05
4.71793508999e-09	1.53430009959e-05
4.73767540417e-09	1.65516139532e-05
4.75741571835e-09	1.47256973833e-05
4.77715603254e-09	1.04150808511e-05
4.79689634672e-09	4.83212102154e-06
4.81663666091e-09	-4.61094771254e-07
4.83637697509e-09	-4.05122204938e-06
4.85611728927e-09	-5.16950740348e-06
4.87585760346e-09	-3.96398741032e-06
4.89559791764e-09	-1.41466711057e-06
4.91533823183e-09	1.07638516056e-06
4.93507854601e-09	2.24523193992e-06
4.95481886019e-09	1.43198218439e-06
4.97455917438e-09	-1.23068787161e-06
4.99429948856e-09	-4.9514960665e-06
5.01403980275e-09	-8.62761271492e-06
5.03378011693e-09	-1.12242787509e-05
5.05352043111e-09	-1.20341369438e-05
5.0732607453e-09	-1.07641926661e-05
5.09300105948e-09	-7.50234289626e-06
5.11274137367e-09	-2.65868675342e-06
5.13248168785e-09	3.064337875e-06
5.15222200203e-09	8.69750283528e-06
5.17196231622e-09	1.31052474899e-05
5.1917026304e-09	1.52247730512e-05
5.21144294459e-09	1.44099526551e-05
5.23118325877e-09	1.0749410194e-05
5.25092357295e-09	5.17974876857e-06
5.27066388714e-09	-7.21928017811e-07
5.29040420132e-09	-5.23898779647e-06
5.31014451551e-09	-7.12892961019e-06
5.32988482969e-09	-6.09243852523e-06
5.34962514388e-09	-2.89039110157e-06
5.36936545806e-09	9.52151367528e-07
5.38910577224e-09	3.73226350803e-06
5.40884608643e-09	4.20107130594e-06
5.42858640061e-09	1.99388330202e-06
5.4483267148e-09	-2.28982889894e-06
5.46806702898e-09	-7.34845957595e-06
5.48780734316e-09	-1.16426185741e-05
5.50754765735e-09	-1.38732889354e-05
5.52728797153e-09	-1.33180174089e-05
5.54702828572e-09	-9.96105291051e-06
5.5667685999e-09	-4.43694557362e-06
5.58650891408e-09	2.14913984564e-06
5.60624922827e-09	8.46188413561e-06
5.62598954245e-09	1.3203123217e-05
5.64572985664e-09	1.53849796334e-05
5.66547017082e-09	1.45753847391e-05
5.685210485e-09	1.10518358269e-05
5.70495079919e-09	5.78772278459e-06
5.72469111337e-09	2.24879741495e-07
5.74443142756e-09	-4.13927091358e-06
5.76417174174e-09	-6.2285871536e-06
5.78391205592e-09	-5.75607782594e-06
5.80365237011e-09	-3.32761521804e-06
5.82339268429e-09	-2.21394948596e-07
5.84313299848e-09	2.08588494388e-06
5.86287331266e-09	2.46734748544e-06
5.88261362684e-09	5.54356830662e-07
5.90235394103e-09	-3.14551630254e-06
5.92209425521e-09	-7.45387796997e-06
5.9418345694e-09	-1.09517445708e-05
5.96157488358e-09	-1.24584239529e-05
5.98131519776e-09	-1.1384157915e-05
6.00105551195e-09	-7.8545440374e-06
6.02079582613e-09	-2.60738534053e-06
6.04053614032e-09	3.25922837874e-06
6.0602764545e-09	8.57871509652e-06
6.08001676868e-09	1.23624386106e-05
6.09975708287e-09	1.39663675327e-05
6.11949739705e-09	1.31827287078e-05
6.13923771124e-09	1.02694743873e-05
6.15897802542e-09	5.91677780903e-06
6.1787183396e-09	1.12949282993e-06
6.19845865379e-09	-2.98728048165e-06
6.21819896797e-09	-5.51537982574e-06
6.23793928216e-09	-6.00594739808e-06
6.25767959634e-09	-4.64874278805e-06
6.27741991052e-09	-2.23755989737e-06
6.29716022471e-09	8.7273562599e-08
6.31690053889e-09	1.24150011516e-06
6.33664085308e-09	5.96882244963e-07
6.35638116726e-09	-1.78068427203e-06
6.37612148145e-09	-5.15110309607e-06
6.39586179563e-09	-8.36742356114e-06
6.41560210981e-09	-1.027892813e-05
6.435342424e-09	-1.01114537756e-05
6.45508273818e-09	-7.69139501244e-06
6.47482305237e-09	-3.45551779901e-06
6.49456336655e-09	1.71813223915e-06
6.51430368073e-09	6.7706257596e-06
6.53404399492e-09	1.0716187262e-05
6.5537843091e-09	1.2832030734e-05
6.57352462329e-09	1.27708663058e-05
6.59326493747e-09	1.06083925857e-05
6.61300525165e-09	6.83653956912e-06
6.63274556584e-09	2.2905193191e-06
6.65248588002e-09	-2.00823581054e-06
6.67222619421e-09	-5.09410915583e-06
6.69196650839e-09	-6.33494119029e-06
6.71170682257e-09	-5.65419873055e-06
6.73144713676e-09	-3.59307705367e-06
6.75118745094e-09	-1.15590421501e-06
6.77092776513e-09	5.33372229938e-07
6.79066807931e-09	6.44994941013e-07
6.81040839349e-09	-1.0330025475e-06
6.83014870768e-09	-3.99859391109e-06
6.84988902186e-09	-7.2079524216e-06
6.86962933605e-09	-9.44948533288e-06
6.88936965023e-09	-9.76907494987e-06
6.90910996441e-09	-7.78670437285e-06
6.9288502786e-09	-3.79912728476e-06
6.94859059278e-09	1.34240650596e-06
6.96833090697e-09	6.50650554235e-06
6.98807122115e-09	1.05962362795e-05
7.00781153533e-09	1.28069277707e-05
7.02755184952e-09	1.27757080008e-05
7.0472921637e-09	1.06182301352e-05
7.06703247789e-09	6.87544388711e-06
7.08677279207e-09	2.3919724299e-06
7.10651310625e-09	-1.85876029946e-06
7.12625342044e-09	-4.99004045196e-06
7.14599373462e-09	-6.42355803393e-06
7.16573404881e-09	-6.06010894444e-06
7.18547436299e-09	-4.33106197306e-06
7.20521467717e-09	-2.08390747503e-06
7.22495499136e-09	-3.13500521543e-07
7.24469530554e-09	1.8335176577e-07
7.26443561973e-09	-8.95696899761e-07
7.28417593391e-09	-3.2294757375e-06
7.3039162481e-09	-5.97160396865e-06
7.32365656228e-09	-8.04525689091e-06
7.34339687646e-09	-8.52298489917e-06
7.36313719065e-09	-6.94889945407e-06
7.38287750483e-09	-3.48693492924e-06
7.40261781902e-09	1.14399676931e-06
7.4223581332e-09	5.9057974795e-06
7.44209844738e-09	9.7489946711e-06
7.46183876157e-09	1.18861639749e-05
7.48157907575e-09	1.19567971524e-05
7.50131938994e-09	1.00639254015e-05
7.52105970412e-09	6.70412646286e-06
7.5408000183e-09	2.6310406156e-06
7.56054033249e-09	-1.3122203768e-06
7.58028064667e-09	-4.36627738054e-06
7.60002096086e-09	-6.01651572651e-06
7.61976127504e-09	-6.11472205492e-06
7.63950158922e-09	-4.92695630783e-06
7.65924190341e-09	-3.07367724872e-06
7.67898221759e-09	-1.35565124992e-06
7.69872253178e-09	-5.00174991203e-07
7.71846284596e-09	-9.06207191065e-07
7.73820316014e-09	-2.48357662258e-06
7.75794347433e-09	-4.65702260044e-06
7.77768378851e-09	-6.54902260067e-06
7.7974241027e-09	-7.28169788999e-06
7.81716441688e-09	-6.28854513707e-06
7.83690473106e-09	-3.52065876541e-06
7.85664504525e-09	5.25677535279e-07
7.87638535943e-09	4.96264124195e-06
7.89612567362e-09	8.7805901785e-06
7.9158659878e-09	1.11343019853e-05
7.93560630198e-09	1.15544257824e-05
7.95534661617e-09	1.00318989098e-05
7.97508693035e-09	6.9771381277e-06
7.99482724454e-09	3.08757171297e-06
8.01456755872e-09	-8.26565980105e-07
8.0343078729e-09	-4.01846091336e-06
8.05404818709e-09	-5.95582150709e-06
8.07378850127e-09	-6.42906866233e-06
8.09352881546e-09	-5.59693603464e-06
8.11326912964e-09	-3.95003871745e-06
8.13300944382e-09	-2.18329694235e-06
8.15274975801e-09	-9.93606874999e-07
8.17249007219e-09	-8.52778839544e-07
8.19223038638e-09	-1.83200694437e-06
8.21197070056e-09	-3.54923759005e-06
8.23171101475e-09	-5.27645306647e-06
8.25145132893e-09	-6.18180820311e-06
8.27119164311e-09	-5.62574882679e-06
8.2909319573e-09	-3.40259259701e-06
8.31067227148e-09	1.64600919561e-07
8.33041258567e-09	4.31058242611e-06
8.35015289985e-09	8.06182106317e-06
8.36989321403e-09	1.05288363557e-05
8.38963352822e-09	1.1155725133e-05
8.4093738424e-09	9.85046017377e-06
8.42911415659e-09	6.97139557815e-06
8.44885447077e-09	3.19727325859e-06
8.46859478495e-09	-6.64138923412e-07
8.48833509914e-09	-3.86955730391e-06
8.50807541332e-09	-5.89448131905e-06
8.52781572751e-09	-6.5272199663e-06
8.54755604169e-09	-5.89503497395e-06
8.56729635587e-09	-4.42133728029e-06
8.58703667006e-09	-2.71456190148e-06
8.60677698424e-09	-1.40308588925e-06
8.62651729843e-09	-9.48644441223e-07
8.64625761261e-09	-1.49010708128e-06
8.66599792679e-09	-2.77653327885e-06
8.68573824098e-09	-4.22712537329e-06
8.70547855516e-09	-5.1142258144e-06
8.72521886935e-09	-4.81564029542e-06
8.74495918353e-09	-3.04829472952e-06
8.76469949771e-09	5.70517499909e-09
8.7844398119e-09	3.73001864773e-06
8.80418012608e-09	7.25454856365e-06
8.82392044027e-09	9.71888857748e-06
8.84366075445e-09	1.05256008283e-05
8.86340106863e-09	9.49928607952e-06
8.88314138282e-09	6.9093609909e-06
8.902881697e-09	3.36515449817e-06
8.92262201119e-09	-3.66219737202e-07
8.94236232537e-09	-3.55786971795e-06
8.96210263955e-09	-5.68314385418e-06
8.98184295374e-09	-6.50955030324e-06
9.00158326792e-09	-6.11957398178e-06
9.02132358211e-09	-4.86566318614e-06
9.04106389629e-09	-3.27121961163e-06
9.06080421047e-09	-1.8932940975e-06
9.08054452466e-09	-1.17047153481e-06
9.10028483884e-09	-1.29098737034e-06
9.12002515303e-09	-2.12219788409e-06
9.13976546721e-09	-3.23406504776e-06
9.15950578139e-09	-4.02565729019e-06
9.17924609558e-09	-3.92394417759e-06
9.19898640976e-09	-2.59327441654e-06
9.21872672395e-09	-7.91730130345e-08
9.23846703813e-09	3.17010892559e-06
9.25820735232e-09	6.41978226668e-06
9.2779476665e-09	8.86487214302e-06
9.29768798068e-09	9.87256407825e-06
9.31742829487e-09	9.16696808417e-06
9.33716860905e-09	6.89843341206e-06
9.35690892324e-09	3.58296290415e-06
9.37664923742e-09	-5.67187754541e-08
9.3963895516e-09	-3.29004114974e-06
9.41612986579e-09	-5.55534029445e-06
9.43587017997e-09	-6.57218379274e-06
9.45561049416e-09	-6.37301945972e-06
9.47535080834e-09	-5.26067651663e-06
9.49509112252e-09	-3.71118494513e-06
9.51483143671e-09	-2.24529935622e-06
9.53457175089e-09	-1.29305431074e-06
9.55431206508e-09	-1.07748695655e-06
9.57405237926e-09	-1.54707720412e-06
9.59379269344e-09	-2.38122720475e-06
9.61353300763e-09	-3.07930883992e-06
9.63327332181e-09	-3.11899384542e-06
9.653013636e-09	-2.13919201997e-06
9.67275395018e-09	-8.76426398122e-08
9.69249426436e-09	2.72395391221e-06
9.71223457855e-09	5.68520886191e-06
9.73197489273e-09	8.0589402387e-06
9.75171520692e-09	9.20293859963e-06
9.7714555211e-09	8.76654303283e-06
9.79119583528e-09	6.79554409544e-06
9.81093614947e-09	3.71308772174e-06
9.83067646365e-09	1.89411920815e-07
9.85041677784e-09	-3.04981460886e-06
9.87015709202e-09	-5.41296549272e-06
9.8898974062e-09	-6.5746751261e-06
9.90963772039e-09	-6.52318931316e-06
9.92937803457e-09	-5.52404549126e-06
9.94911834876e-09	-4.02168029723e-06
9.96885866294e-09	-2.5111692139e-06
9.98859897712e-09	-1.40966267281e-06
1.00083392913e-08	-9.52541910237e-07
1.00280796055e-08	-1.13515443445e-06
1.00478199197e-08	-1.71450227526e-06
1.00675602339e-08	-2.27749160331e-06
1.0087300548e-08	-2.36609366766e-06
1.01070408622e-08	-1.63011219456e-06
1.01267811764e-08	3.74867354935e-08
1.01465214906e-08	2.43090289587e-06
1.01662618048e-08	5.06033688907e-06
1.0186002119e-08	7.27956853552e-06
1.02057424331e-08	8.47551154948e-06
1.02254827473e-08	8.25807865112e-06
1.02452230615e-08	6.58512817608e-06
1.02649633757e-08	3.77917433525e-06
1.02847036899e-08	4.33226489349e-07
1.03044440041e-08	-2.75995171251e-06
1.03241843183e-08	-5.1957888445e-06
1.03439246324e-08	-6.50471997687e-06
1.03636649466e-08	-6.61938202029e-06
1.03834052608e-08	-5.75390185986e-06
1.0403145575e-08	-4.31398348155e-06
1.04228858892e-08	-2.77131562143e-06
1.04426262034e-08	-1.53720776552e-06
1.04623665175e-08	-8.62875452867e-07
1.04821068317e-08	-7.84974702128e-07
1.05018471459e-08	-1.12529170337e-06
1.05215874601e-08	-1.54548303044e-06
1.05413277743e-08	-1.64851780937e-06
1.05610680885e-08	-1.10587700419e-06
1.05808084026e-08	2.23436188662e-07
1.06005487168e-08	2.21907725972e-06
1.0620289031e-08	4.5024883093e-06
1.06400293452e-08	6.52551352687e-06
1.06597696594e-08	7.72429280005e-06
1.06795099736e-08	7.6916164744e-06
1.06992502878e-08	6.31041575616e-06
1.07189906019e-08	3.80120263799e-06
1.07387309161e-08	6.65995656846e-07
1.07584712303e-08	-2.45199112214e-06
1.07782115445e-08	-4.94577216159e-06
1.07979518587e-08	-6.40121834294e-06
1.08176921729e-08	-6.68650068292e-06
1.0837432487e-08	-5.95511664869e-06
1.08571728012e-08	-4.5715721626e-06
1.08769131154e-08	-2.99084877042e-06
1.08966534296e-08	-1.62973907436e-06
1.09163937438e-08	-7.63081715149e-07
1.0936134058e-08	-4.66007961109e-07
1.09558743721e-08	-6.10423427361e-07
1.09756146863e-08	-9.12636409112e-07
1.09953550005e-08	-1.02191347651e-06
1.10150953147e-08	-6.30262746881e-07
1.10348356289e-08	4.21933222583e-07
1.10545759431e-08	2.07487175885e-06
1.10743162572e-08	4.03816898142e-06
1.10940565714e-08	5.8518367041e-06
1.11137968856e-08	7.00879968463e-06
1.11335371998e-08	7.10573795004e-06
1.1153277514e-08	5.97461212237e-06
1.11730178282e-08	3.74944909254e-06
1.11927581424e-08	8.42780849553e-07
1.12124984565e-08	-2.16311445911e-06
1.12322387707e-08	-4.67531367576e-06
1.12519790849e-08	-6.24837230134e-06
1.12717193991e-08	-6.69141513754e-06
1.12914597133e-08	-6.09542803431e-06
1.13112000275e-08	-4.77898902318e-06
1.13309403416e-08	-3.17740455102e-06
1.13506806558e-08	-1.71266276539e-06
1.137042097e-08	-6.83364532961e-07
1.13901612842e-08	-1.99705048942e-07
1.14099015984e-08	-1.74917687445e-07
1.14296419126e-08	-3.68568947806e-07
1.14493822267e-08	-4.67682610861e-07
1.14691225409e-08	-1.857127927e-07
1.14888628551e-08	6.43663582878e-07
1.15086031693e-08	2.00140470952e-06
1.15283434835e-08	3.66621793546e-06
1.15480837977e-08	5.2568918818e-06
1.15678241118e-08	6.3283525833e-06
1.1587564426e-08	6.49931803309e-06
1.16073047402e-08	5.57380553801e-06
1.16270450544e-08	3.61708055152e-06
1.16467853686e-08	9.56834128374e-07
1.16665256828e-08	-1.89504288528e-06
1.1686265997e-08	-4.37831658928e-06
1.17060063111e-08	-6.03455077908e-06
1.17257466253e-08	-6.62424099573e-06
1.17454869395e-08	-6.174982218e-06
1.17652272537e-08	-4.9503489663e-06
1.17849675679e-08	-3.35449442446e-06
1.18047078821e-08	-1.80749958645e-06
1.18244481962e-08	-6.30447033245e-07
1.18441885104e-08	2.86713115472e-08
1.18639288246e-08	2.13223160017e-07
1.18836691388e-08	1.22519004719e-07
1.1903409453e-08	3.71481316819e-08
1.19231497672e-08	2.26991787144e-07
1.19428900813e-08	8.64070955231e-07
1.19626303955e-08	1.96128439711e-06
1.19823707097e-08	3.35275205998e-06
1.20021110239e-08	4.72409465146e-06
1.20218513381e-08	5.68907853449e-06
1.20415916523e-08	5.89646333538e-06
1.20613319664e-08	5.13866098117e-06
1.20810722806e-08	3.42866007941e-06
1.21008125948e-08	1.01826822174e-06
1.2120552909e-08	-1.65376252426e-06
1.21402932232e-08	-4.07197921959e-06
1.21600335374e-08	-5.78012259211e-06
1.21797738516e-08	-6.50078754916e-06
1.21995141657e-08	-6.20084892944e-06
1.22192544799e-08	-5.08372954755e-06
1.22389947941e-08	-3.51450660219e-06
1.22587351083e-08	-1.90474821693e-06
1.22784754225e-08	-5.95757825295e-07
1.22982157367e-08	2.25909296603e-07
1.23179560508e-08	5.59127983024e-07
1.2337696365e-08	5.6336665466e-07
1.23574366792e-08	4.91087234877e-07
1.23771769934e-08	6.0010140146e-07
1.23969173076e-08	1.06921783072e-06
1.24166576218e-08	1.93843601437e-06
1.24363979359e-08	3.08672645133e-06
1.24561382501e-08	4.25439793617e-06
1.24758785643e-08	5.10613108418e-06
1.24956188785e-08	5.32177705281e-06
1.25153591927e-08	4.69262590741e-06
1.25350995069e-08	3.19568539453e-06
1.2554839821e-08	1.02123260604e-06
1.25745801352e-08	-1.45923957007e-06
1.25943204494e-08	-3.78035838366e-06
1.26140607636e-08	-5.50198001292e-06
1.26338010778e-08	-6.32442265669e-06
1.2653541392e-08	-6.16390343566e-06
1.26732817062e-08	-5.16484919899e-06
1.26930220203e-08	-3.6463646893e-06
1.27127623345e-08	-2.00159308861e-06
1.27325026487e-08	-5.84074967946e-07
1.27522429629e-08	3.84292832223e-07
1.27719832771e-08	8.57678600141e-07
1.27917235913e-08	9.54691046218e-07
1.28114639054e-08	9.0001660169e-07
1.28312042196e-08	9.40950826589e-07
1.28509445338e-08	1.2636890574e-06
1.2870684848e-08	1.93189674746e-06
1.28904251622e-08	2.86198633148e-06
1.29101654764e-08	3.83973667795e-06
1.29299057905e-08	4.57399414699e-06
1.29496461047e-08	4.77557932754e-06
1.29693864189e-08	4.2422302613e-06
1.29891267331e-08	2.92759636977e-06
1.30088670473e-08	9.73038993379e-07
1.30286073615e-08	-1.31021499783e-06
1.30483476757e-08	-3.50888262801e-06
1.30680879898e-08	-5.20900380252e-06
1.3087828304e-08	-6.10246206634e-06
1.31075686182e-08	-6.06653338764e-06
1.31273089324e-08	-5.19130708199e-06
1.31470492466e-08	-3.74616354293e-06
1.31667895608e-08	-2.09647168958e-06
1.31865298749e-08	-5.97572665129e-07
1.32062701891e-08	5.00302121509e-07
1.32260105033e-08	1.10817410359e-06
1.32457508175e-08	1.30136908183e-06
1.32654911317e-08	1.27336619471e-06
1.32852314459e-08	1.25868621126e-06
1.330497176e-08	1.45034533716e-06
1.33247120742e-08	1.93529899661e-06
1.33444523884e-08	2.66489087153e-06
1.33641927026e-08	3.46538365648e-06
1.33839330168e-08	4.08427376897e-06
1.3403673331e-08	4.26037308898e-06
1.34234136451e-08	3.80029177904e-06
1.34431539593e-08	2.6420384529e-06
1.34628942735e-08	8.88561885404e-07
1.34826345877e-08	-1.20092840916e-06
1.35023749019e-08	-3.26298061282e-06
1.35221152161e-08	-4.91497507937e-06
1.35418555303e-08	-5.85093152949e-06
1.35615958444e-08	-5.92053470427e-06
1.35813361586e-08	-5.16677800988e-06
1.36010764728e-08	-3.80975200187e-06
1.3620816787e-08	-2.1808633619e-06
1.36405571012e-08	-6.27859066071e-07
1.36602974154e-08	5.79144341373e-07
1.36800377295e-08	1.31233713319e-06
1.36997780437e-08	1.60332189125e-06
1.37195183579e-08	1.61092498274e-06
1.37392586721e-08	1.5534094473e-06
1.37589989863e-08	1.62834635375e-06
1.37787393005e-08	1.94534447928e-06
1.37984796146e-08	2.48965898209e-06
1.38182199288e-08	3.12523252433e-06
1.3837960243e-08	3.63391984592e-06
1.38577005572e-08	3.77883816327e-06
1.38774408714e-08	3.37515950832e-06
1.38971811856e-08	2.35008849359e-06
1.39169214997e-08	7.76697845595e-07
1.39366618139e-08	-1.12873544822e-06
1.39564021281e-08	-3.04772277104e-06
1.39761424423e-08	-4.63081596536e-06
1.39958827565e-08	-5.58222086511e-06
1.40156230707e-08	-5.73479769628e-06
1.40353633849e-08	-5.09341384713e-06
1.4055103699e-08	-3.83236488233e-06
1.40748440132e-08	-2.24588438869e-06
1.40945843274e-08	-6.66297069074e-07
1.41143246416e-08	6.2546749291e-07
1.41340649558e-08	1.46956051594e-06
1.415380527e-08	1.85643983741e-06
1.41735455841e-08	1.90864528804e-06
1.41932858983e-08	1.82384621894e-06
1.42130262125e-08	1.7997950863e-06
1.42327665267e-08	1.96520920781e-06
1.42525068409e-08	2.33723289966e-06
1.42722471551e-08	2.81632469523e-06
1.42919874692e-08	3.21738946241e-06
1.43117277834e-08	3.32652871293e-06
1.43314680976e-08	2.96710277325e-06
1.43512084118e-08	2.05770152206e-06
1.4370948726e-08	6.46587864139e-07
1.43906890402e-08	-1.0862050317e-06
1.44104293543e-08	-2.86148883788e-06
1.44301696685e-08	-4.36169352724e-06
1.44499099827e-08	-5.3056426168e-06
1.44696502969e-08	-5.51841139895e-06
1.44893906111e-08	-4.97645305586e-06
1.45091309253e-08	-3.81403333449e-06
1.45288712395e-08	-2.28768226407e-06
1.45486115536e-08	-7.0772588856e-07
1.45683518678e-08	6.43557456215e-07
1.4588092182e-08	1.58243568649e-06
1.46078324962e-08	2.06183801765e-06
1.46275728104e-08	2.1667448209e-06
1.46473131246e-08	2.0699886818e-06
1.46670534387e-08	1.96437747491e-06
1.46867937529e-08	1.99400415113e-06
1.47065340671e-08	2.20591095967e-06
1.47262743813e-08	2.53607220202e-06
1.47460146955e-08	2.83163353743e-06
1.47657550097e-08	2.90101115752e-06
1.47854953238e-08	2.57601368503e-06
1.4805235638e-08	1.76821021114e-06
1.48249759522e-08	5.04772771137e-07
1.48447162664e-08	-1.0657047369e-06
1.48644565806e-08	-2.69917234164e-06
1.48841968948e-08	-4.10822417507e-06
1.4903937209e-08	-5.02849206896e-06
1.49236775231e-08	-5.28282771484e-06
1.49434178373e-08	-4.82642349198e-06
1.49631581515e-08	-3.7596284983e-06
1.49828984657e-08	-2.30358216413e-06
1.50026387799e-08	-7.43745260934e-07
1.50223790941e-08	6.43143238221e-07
1.50421194082e-08	1.65749116832e-06
1.50618597224e-08	2.22090534407e-06
1.50816000366e-08	2.38268228259e-06
1.51013403508e-08	2.2880551569e-06
1.5121080665e-08	2.11951203255e-06
1.51408209792e-08	2.0309375941e-06
1.51605612933e-08	2.09556390018e-06
1.51803016075e-08	2.28353394505e-06
1.52000419217e-08	2.47463719916e-06
1.52197822359e-08	2.50047617101e-06
1.52395225501e-08	2.20195045131e-06
1.52592628643e-08	1.48464317817e-06
1.52790031784e-08	3.56622720687e-07
1.52987434926e-08	-1.06170796244e-06
1.53184838068e-08	-2.55772931723e-06
1.5338224121e-08	-3.87171292004e-06
1.53579644352e-08	-4.75632737107e-06
1.53777047494e-08	-5.03598812429e-06
1.53974450636e-08	-4.65076050205e-06
1.54171853777e-08	-3.67327334061e-06
1.54369256919e-08	-2.29280215081e-06
1.54566660061e-08	-7.69144435253e-07
1.54764063203e-08	6.31462796719e-07
1.54961466345e-08	1.70108620523e-06
1.55158869487e-08	2.33681396367e-06
1.55356272628e-08	2.55579402619e-06
1.5555367577e-08	2.47482523719e-06
1.55751078912e-08	2.26153122185e-06
1.55948482054e-08	2.07366542782e-06
1.56145885196e-08	2.00561271413e-06
1.56343288338e-08	2.05921548968e-06
1.56540691479e-08	2.14684882849e-06
1.56738094621e-08	2.12467512029e-06
1.56935497763e-08	1.84444763818e-06
1.57132900905e-08	1.20744425658e-06
1.57330304047e-08	2.04184452457e-07
1.57527707189e-08	-1.07089380208e-06
1.5772511033e-08	-2.43392514676e-06
1.57922513472e-08	-3.65081302789e-06
1.58119916614e-08	-4.4910464112e-06
1.58317319756e-08	-4.78291781292e-06
1.58514722898e-08	-4.45602972832e-06
1.5871212604e-08	-3.5606142319e-06
1.58909529182e-08	-2.25773715101e-06
1.59106932323e-08	-7.82041041703e-07
1.59304335465e-08	6.1404981011e-07
1.59501738607e-08	1.72009151811e-06
1.59699141749e-08	2.41498537434e-06
1.59896544891e-08	2.68811641035e-06
1.60093948033e-08	2.62871333234e-06
1.60291351174e-08	2.38676557274e-06
1.60488754316e-08	2.11857172872e-06
1.60686157458e-08	1.93410050997e-06
1.608835606e-08	1.86293721072e-06
1.61080963742e-08	1.84884112286e-06
1.61278366884e-08	1.77389591727e-06
1.61475770025e-08	1.50330157567e-06
1.61673173167e-08	9.36560979881e-07
1.61870576309e-08	4.87783999858e-08
1.62067979451e-08	-1.09027268991e-06
1.62265382593e-08	-2.32425077229e-06
1.62462785735e-08	-3.44344005043e-06
1.62660188876e-08	-4.23365031565e-06
1.62857592018e-08	-4.52804306406e-06
1.6305499516e-08	-4.24868721893e-06
1.63252398302e-08	-3.42754947269e-06
1.63449801444e-08	-2.20138190343e-06
1.63647204586e-08	-7.81335387501e-07
1.63844607728e-08	5.95582520191e-07
1.64042010869e-08	1.72097435325e-06
1.64239414011e-08	2.46125011927e-06
1.64436817153e-08	2.78290224287e-06
1.64634220295e-08	2.74957494639e-06
1.64831623437e-08	2.49220158821e-06
1.65029026579e-08	2.16138164433e-06
1.6522642972e-08	1.87738714885e-06
1.65423832862e-08	1.69295168462e-06
1.65621236004e-08	1.58096059977e-06
1.65818639146e-08	1.44966082871e-06
1.66016042288e-08	1.18009256767e-06
1.6621344543e-08	6.7317103003e-07
1.66410848571e-08	-1.08778898777e-07
1.66608251713e-08	-1.11879097631e-06
1.66805654855e-08	-2.2271792659e-06
1.67003057997e-08	-3.2483171708e-06
1.67200461139e-08	-3.98430483983e-06
1.67397864281e-08	-4.27381678492e-06
1.67595267423e-08	-4.03316812481e-06
1.67792670564e-08	-3.27905638642e-06
1.67990073706e-08	-2.127170319e-06
1.68187476848e-08	-7.67331300722e-07
1.6838487999e-08	5.79128908385e-07
1.68582283132e-08	1.70895913243e-06
1.68779686274e-08	2.48113087764e-06
1.68977089415e-08	2.84402199213e-06
1.69174492557e-08	2.8385194355e-06
1.69371895699e-08	2.57609417531e-06
1.69569298841e-08	2.19853086492e-06
1.69766701983e-08	1.83153611033e-06
1.69964105125e-08	1.54654475182e-06
1.70161508266e-08	1.3425296288e-06
1.70358911408e-08	1.15326503192e-06
1.7055631455e-08	8.77130275967e-07
1.70753717692e-08	4.19301301235e-07
1.70951120834e-08	-2.67423800437e-07
1.71148523976e-08	-1.15620582619e-06
1.71345927117e-08	-2.14268573018e-06
1.71543330259e-08	-3.06511969939e-06
1.71740733401e-08	-3.742654485e-06
1.71938136543e-08	-4.02086766371e-06
1.72135539685e-08	-3.81195991395e-06
1.72332942827e-08	-3.1191555081e-06
1.72530345969e-08	-2.03918807529e-06
1.7272774911e-08	-7.42096233353e-07
1.72925152252e-08	5.66055774698e-07
1.73122555394e-08	1.6886301637e-06
1.73319958536e-08	2.48046490015e-06
1.73517361678e-08	2.8761479598e-06
1.7371476482e-08	2.89730962777e-06
1.73912167961e-08	2.63713991444e-06
1.74109571103e-08	2.2267396389e-06
1.74306974245e-08	1.79304447556e-06
1.74504377387e-08	1.42121785984e-06
1.74701780529e-08	1.132565842e-06
1.74899183671e-08	8.85038417664e-07
1.75096586812e-08	5.95523232505e-07
1.75293989954e-08	1.76435790422e-07
1.75491393096e-08	-4.25547995064e-07
1.75688796238e-08	-1.20114589208e-06
1.7588619938e-08	-2.06984771012e-06
1.76083602522e-08	-2.89361162231e-06
1.76281005663e-08	-3.50940661065e-06
1.76478408805e-08	-3.77082153591e-06
1.76675811947e-08	-3.58736815542e-06
1.76873215089e-08	-2.95056770483e-06
1.77070618231e-08	-1.93984453745e-06
1.77268021373e-08	-7.0700829724e-07
1.77465424515e-08	5.56700115339e-07
1.77662827656e-08	1.6623118313e-06
1.77860230798e-08	2.46320814767e-06
1.7805763394e-08	2.88370074486e-06
1.78255037082e-08	2.92929792067e-06
1.78452440224e-08	2.67634959528e-06
1.78649843366e-08	2.2442509362e-06
1.78847246507e-08	1.75816211367e-06
1.79044649649e-08	1.31283638893e-06
1.79242052791e-08	9.48283627622e-07
1.79439455933e-08	6.44571940711e-07
1.79636859075e-08	3.37127815442e-07
1.79834262217e-08	-5.24967251891e-08
1.80031665358e-08	-5.80682296913e-07
1.802290685e-08	-1.25249914618e-06
1.80426471642e-08	-2.00890951874e-06
1.80623874784e-08	-2.73476609891e-06
1.80821277926e-08	-3.2854438814e-06
1.81018681068e-08	-3.52434710749e-06
1.81216084209e-08	-3.36038078785e-06
1.81413487351e-08	-2.77507353985e-06
1.81610890493e-08	-1.83170942591e-06
1.81808293635e-08	-6.64354132596e-07
1.82005696777e-08	5.5050978176e-07
1.82203099919e-08	1.63205362469e-06
1.82400503061e-08	2.43352849338e-06
1.82597906202e-08	2.87134025712e-06
1.82795309344e-08	2.93768584925e-06
1.82992712486e-08	2.69426880095e-06
1.83190115628e-08	2.24919881475e-06
1.8338751877e-08	1.7237957195e-06
1.83584921912e-08	1.21850132473e-06
1.83782325053e-08	7.87840747307e-07
1.83979728195e-08	4.31219902453e-07
1.84177131337e-08	1.02280200309e-07
1.84374534479e-08	-2.66371017688e-07
1.84571937621e-08	-7.31078898752e-07
1.84769340763e-08	-1.30827271505e-06
1.84966743904e-08	-1.95837731098e-06
1.85164147046e-08	-2.58825684796e-06
1.85361550188e-08	-3.07194250126e-06
1.8555895333e-08	-3.28365183577e-06
1.85756356472e-08	-3.13330735935e-06
1.85953759614e-08	-2.59432692928e-06
1.86151162756e-08	-1.71556723672e-06
1.86348565897e-08	-6.14376403973e-07
1.86545969039e-08	5.47458796518e-07
1.86743372181e-08	1.59825611945e-06
1.86940775323e-08	2.39293672166e-06
1.87138178465e-08	2.84196221401e-06
1.87335581607e-08	2.92610138786e-06
1.87532984748e-08	2.69375675543e-06
1.8773038789e-08	2.2421166932e-06
1.87927791032e-08	1.68762716157e-06
1.88125194174e-08	1.13413511826e-06
1.88322597316e-08	6.47428947786e-07
1.88520000458e-08	2.43224008045e-07
1.88717403599e-08	-1.08241763996e-07
1.88914806741e-08	-4.62790922029e-07
1.89112209883e-08	-8.74257835903e-07
1.89309613025e-08	-1.36699071618e-06
1.89507016167e-08	-1.91794430293e-06
1.89704419309e-08	-2.45450621605e-06
1.8990182245e-08	-2.8695636729e-06
1.90099225592e-08	-3.0495845067e-06
1.90296628734e-08	-2.90740831588e-06
1.90494031876e-08	-2.41003294832e-06
1.90691435018e-08	-1.59321780302e-06
1.9088883816e-08	-5.58309238841e-07
1.91086241302e-08	5.47481249669e-07
1.91283644443e-08	1.56222273517e-06
1.91481047585e-08	2.34369474583e-06
1.91678450727e-08	2.79821529148e-06
1.91875853869e-08	2.89697356948e-06
1.92073257011e-08	2.67649147645e-06
1.92270660153e-08	2.22345272505e-06
1.92468063294e-08	1.64868623642e-06
1.92665466436e-08	1.05746238432e-06
1.92862869578e-08	5.24163539239e-07
1.9306027272e-08	7.81595907995e-08
1.93257675862e-08	-2.95435512498e-07
1.93455079004e-08	-6.40928135454e-07
1.93652482145e-08	-1.0080286188e-06
1.93849885287e-08	-1.42621598798e-06
1.94047288429e-08	-1.88598932027e-06
1.94244691571e-08	-2.33326341004e-06
1.94442094713e-08	-2.67932250608e-06
1.94639497855e-08	-2.82383825834e-06
1.94836900996e-08	-2.68439691808e-06
1.95034304138e-08	-2.22367089009e-06
1.9523170728e-08	-1.4657198335e-06
1.95429110422e-08	-4.96720332421e-07
1.95626513564e-08	5.50602948124e-07
1.95823916706e-08	1.52468612669e-06
1.96021319848e-08	2.28734950269e-06
1.96218722989e-08	2.74224078112e-06
1.96416126131e-08	2.85264536615e-06
1.96613529273e-08	2.64435959707e-06
1.96810932415e-08	2.19406661017e-06
1.97008335557e-08	1.60641326374e-06
1.97205738699e-08	9.86574320905e-07
1.9740314184e-08	4.15344871385e-07
1.97600544982e-08	-6.64833521569e-08
1.97797948124e-08	-4.60621123466e-07
1.97995351266e-08	-8.00450521865e-07
1.98192754408e-08	-1.1306258898e-06
1.9839015755e-08	-1.48362101982e-06
1.98587560691e-08	-1.86074549902e-06
1.98784963833e-08	-2.22401422434e-06
1.98982366975e-08	-2.50194580076e-06
1.99179770117e-08	-2.60790454831e-06
1.99377173259e-08	-2.46596596298e-06
1.99574576401e-08	-2.03659487852e-06
1.99771979542e-08	-1.33402664915e-06
1.99969382684e-08	-4.30213418667e-07
2.00166785826e-08	5.5670611232e-07
2.00364188968e-08	1.48622234519e-06
2.0056159211e-08	2.22527057758e-06
2.00758995252e-08	2.67610982974e-06
2.00956398394e-08	2.79529513136e-06
2.01153801535e-08	2.59907676536e-06
2.01351204677e-08	2.15466502596e-06
2.01548607819e-08	1.56034144538e-06
2.01746010961e-08	9.20022046103e-07
2.01943414103e-08	3.18984859859e-07
2.02140817245e-08	-1.92703517143e-07
2.02338220386e-08	-6.05258009045e-07
2.02535623528e-08	-9.41805751609e-07
2.0273302667e-08	-1.24134248836e-06
2.02930429812e-08	-1.53754950816e-06
2.03127832954e-08	-1.84022400163e-06
2.03325236096e-08	-2.12534155253e-06
2.03522639237e-08	-2.33725893395e-06
2.03720042379e-08	-2.40293718434e-06
2.03917445521e-08	-2.25407529797e-06
2.04114848663e-08	-1.85079403536e-06
2.04312251805e-08	-1.19948208521e-06
2.04509654947e-08	-3.5916045249e-07
2.04707058089e-08	5.66224201748e-07
2.0490446123e-08	1.44776601019e-06
2.05101864372e-08	2.1586749881e-06
2.05299267514e-08	2.60122374129e-06
2.05496670656e-08	2.7265235758e-06
2.05694073798e-08	2.54214296547e-06
2.0589147694e-08	2.10628115838e-06
2.06088880081e-08	1.51060800135e-06
2.06286283223e-08	8.5683461748e-07
2.06483686365e-08	2.33236619351e-07
2.06681089507e-08	-3.02664346918e-07
2.06878492649e-08	-7.31092228534e-07
2.07075895791e-08	-1.06569780201e-06
2.07273298932e-08	-1.33962197424e-06
2.07470702074e-08	-1.5864808347e-06
2.07668105216e-08	-1.82261868531e-06
2.07865508358e-08	-2.03585602776e-06
2.080629115e-08	-2.18490606585e-06
2.08260314642e-08	-2.20974266085e-06
2.08457717783e-08	-2.05033154543e-06
2.08655120925e-08	-1.66806199786e-06
2.08852524067e-08	-1.06342571371e-06
2.09049927209e-08	-2.84114662463e-07
2.09247330351e-08	5.793799005e-07
2.09444733493e-08	1.41009775234e-06
2.09642136635e-08	2.08871665563e-06
2.09839539776e-08	2.51897506587e-06
2.10036942918e-08	2.64782829618e-06
2.1023434606e-08	2.47498508088e-06
2.10431749202e-08	2.04989294161e-06
2.10629152344e-08	1.45738391666e-06
2.10826555486e-08	7.962023858e-07
2.11023958627e-08	1.56454319722e-07
2.11221361769e-08	-3.98247735234e-07
2.11418764911e-08	-8.39628910398e-07
2.11616168053e-08	-1.17286822388e-06
2.11813571195e-08	-1.42525487945e-06
2.12010974337e-08	-1.62947594617e-06
2.12208377478e-08	-1.80660026672e-06
2.1240578062e-08	-1.95433801764e-06
2.12603183762e-08	-2.04414254767e-06
2.12800586904e-08	-2.0283827098e-06
2.12997990046e-08	-1.8556880832e-06
2.13195393188e-08	-1.49000953797e-06
2.13392796329e-08	-9.27571932152e-07
2.13590199471e-08	-2.06257951163e-07
2.13787602613e-08	5.96004213094e-07
2.13985005755e-08	1.37413343282e-06
2.14182408897e-08	2.01699515401e-06
2.14379812039e-08	2.43106319431e-06
2.14577215181e-08	2.56056773651e-06
2.14774618322e-08	2.39848975525e-06
2.14972021464e-08	1.98598627321e-06
2.15169424606e-08	1.40075877653e-06
2.15366827748e-08	7.37780283089e-07
2.1556423089e-08	8.77670593979e-08
2.15761634032e-08	-4.80914124523e-07
2.15959037173e-08	-9.32569264478e-07
2.16156440315e-08	-1.26459178773e-06
2.16353843457e-08	-1.49861676846e-06
2.16551246599e-08	-1.66577899563e-06
2.16748649741e-08	-1.79069684236e-06
2.16946052883e-08	-1.87928378637e-06
2.17143456024e-08	-1.91413363382e-06
2.17340859166e-08	-1.85898346672e-06
2.17538262308e-08	-1.6711235844e-06
2.1773566545e-08	-1.31801925818e-06
2.17933068592e-08	-7.93240701569e-07
2.18130471734e-08	-1.26461934258e-07
2.18327874875e-08	6.15859875097e-07
2.18525278017e-08	1.34031040488e-06
2.18722681159e-08	1.94454389657e-06
2.18920084301e-08	2.33895707424e-06
2.19117487443e-08	2.46631270784e-06
2.19314890585e-08	2.31392698424e-06
2.19512293727e-08	1.91523628246e-06
2.19709696868e-08	1.3407512256e-06
2.1990710001e-08	6.80977649381e-07
2.20104503152e-08	2.61389114797e-08
2.20301906294e-08	-5.51910915192e-07
2.20499309436e-08	-1.0111518236e-06
2.20696712578e-08	-1.34189122036e-06
2.20894115719e-08	-1.56019888209e-06
2.21091518861e-08	-1.69516988535e-06
2.21288922003e-08	-1.77397936341e-06
2.21486325145e-08	-1.80939576921e-06
2.21683728287e-08	-1.79377042286e-06
2.21881131429e-08	-1.70119170662e-06
2.2207853457e-08	-1.49719249976e-06
2.22275937712e-08	-1.15333835993e-06
2.22473340854e-08	-6.6181934244e-07
2.22670743996e-08	-4.57554119038e-08
2.22868147138e-08	6.38604547021e-07
2.2306555028e-08	1.30898428097e-06
2.23262953422e-08	1.87230330084e-06
2.23460356563e-08	2.2439373879e-06
2.23657759705e-08	2.36650032548e-06
2.23855162847e-08	2.22262031002e-06
2.24052565989e-08	1.83851818747e-06
2.24249969131e-08	1.27749734702e-06
2.24447372273e-08	6.25158321554e-07
2.24644775414e-08	-2.96060083116e-08
2.24842178556e-08	-6.1253064132e-07
2.25039581698e-08	-1.07644103764e-06
2.2523698484e-08	-1.40541686733e-06
2.25434387982e-08	-1.61028884804e-06
2.25631791124e-08	-1.71766339463e-06
2.25829194265e-08	-1.7561364416e-06
2.26026597407e-08	-1.7439781459e-06
2.26224000549e-08	-1.68209083995e-06
2.26421403691e-08	-1.5540995264e-06
2.26618806833e-08	-1.33365097099e-06
2.26816209975e-08	-9.96672440579e-07
2.27013613116e-08	-5.34818013875e-07
2.27211016258e-08	3.42870318804e-08
2.274084194e-08	6.63396122036e-07
2.27605822542e-08	1.28052579385e-06
2.27803225684e-08	1.8015877572e-06
2.28000628826e-08	2.14766203044e-06
2.28198031968e-08	2.262437647e-06
2.28395435109e-08	2.12528595966e-06
2.28592838251e-08	1.75613234887e-06
2.28790241393e-08	1.21115476759e-06
2.28987644535e-08	5.70320850102e-07
2.29185047677e-08	-7.98627297627e-08
2.29382450819e-08	-6.63789137434e-07
2.2957985396e-08	-1.12991915557e-06
2.29777257102e-08	-1.45659788586e-06
2.29974660244e-08	-1.64961579685e-06
2.30172063386e-08	-1.73298519712e-06
2.30369466528e-08	-1.7361730329e-06
2.3056686967e-08	-1.68193543004e-06
2.30764272811e-08	-1.57841026294e-06
2.30961675953e-08	-1.41762257044e-06
2.31159079095e-08	-1.18076627587e-06
2.31356482237e-08	-8.48463372449e-07
2.31553885379e-08	-4.12717540144e-07
2.31751288521e-08	1.13048830741e-07
2.31948691662e-08	6.89523176334e-07
2.32146094804e-08	1.25441368937e-06
2.32343497946e-08	1.73257723191e-06
2.32540901088e-08	2.05117169116e-06
2.3273830423e-08	2.15584805119e-06
2.32935707372e-08	2.02364549295e-06
2.33133110514e-08	1.66907432231e-06
2.33330513655e-08	1.14168005894e-06
2.33527916797e-08	5.15636259024e-07
2.33725319939e-08	-1.25734722189e-07
2.33922723081e-08	-7.06623126234e-07
2.34120126223e-08	-1.17225130225e-06
2.34317529365e-08	-1.49597866539e-06
2.34514932506e-08	-1.67872696011e-06
2.34712335648e-08	-1.74155650257e-06
2.3490973879e-08	-1.71410545136e-06
2.35107141932e-08	-1.62268395343e-06
2.35304545074e-08	-1.48171159253e-06
2.35501948216e-08	-1.29081632849e-06
2.35699351357e-08	-1.03819974129e-06
2.35896754499e-08	-7.09112811137e-07
2.36094157641e-08	-2.96514244269e-07
2.36291560783e-08	1.89446353716e-07
2.36488963925e-08	7.16315383897e-07
2.36686367067e-08	1.23059572843e-06
2.36883770208e-08	1.66580542782e-06
2.3708117335e-08	1.95545192128e-06
2.37278576492e-08	2.04787647817e-06
2.37475979634e-08	1.91878882561e-06
2.37673382776e-08	1.57817186164e-06
2.37870785918e-08	1.06942275124e-06
2.3806818906e-08	4.60887520148e-07
2.38265592201e-08	-1.67930060968e-07
2.38462995343e-08	-7.42057807201e-07
2.38660398485e-08	-1.2045302924e-06
2.38857801627e-08	-1.52446745005e-06
2.39055204769e-08	-1.69820066276e-06
2.39252607911e-08	-1.74354357796e-06
2.39450011052e-08	-1.68964908198e-06
2.39647414194e-08	-1.56559951847e-06
2.39844817336e-08	-1.39126234444e-06
2.40042220478e-08	-1.17307115488e-06
2.4023962362e-08	-9.05701142528e-07
2.40437026762e-08	-5.78878001534e-07
2.40634429903e-08	-1.86797400659e-07
2.40831833045e-08	2.62808768525e-07
2.41029236187e-08	7.43243191437e-07
2.41226639329e-08	1.20889188793e-06
2.41424042471e-08	1.60146441885e-06
2.41621445613e-08	1.86106291267e-06
2.41818848754e-08	1.93942901205e-06
2.42016251896e-08	1.81184725534e-06
2.42213655038e-08	1.484506015e-06
2.4241105818e-08	9.95051607333e-07
2.42608461322e-08	4.06020305377e-07
2.42805864464e-08	-2.07283164855e-07
2.43003267606e-08	-7.71370054053e-07
2.43200670747e-08	-1.22797843005e-06
2.43398073889e-08	-1.54286607312e-06
2.43595477031e-08	-1.70828707269e-06
2.43792880173e-08	-1.73884006927e-06
2.43990283315e-08	-1.66264089785e-06
2.44187686457e-08	-1.51051807507e-06
2.44385089598e-08	-1.30676869503e-06
2.4458249274e-08	-1.06388165477e-06
2.44779895882e-08	-7.82681297551e-07
2.44977299024e-08	-4.57371214679e-07
2.45174702166e-08	-8.37614564375e-08
2.45372105308e-08	3.32349173959e-07
2.45569508449e-08	7.69329062678e-07
2.45766911591e-08	1.18867717447e-06
2.45964314733e-08	1.53971660666e-06
2.46161717875e-08	1.7689244487e-06
2.46359121017e-08	1.83174154245e-06
2.46556524159e-08	1.70386806531e-06
2.46753927301e-08	1.38867682153e-06
2.46951330442e-08	9.18744660794e-07
2.47148733584e-08	3.50928658577e-07
2.47346136726e-08	-2.44098373514e-07
2.47543539868e-08	-7.95165504996e-07
2.4774094301e-08	-1.24353334741e-06
2.47938346152e-08	-1.55228326548e-06
2.48135749293e-08	-1.70990460902e-06
2.48333152435e-08	-1.72782171148e-06
2.48530555577e-08	-1.63275899467e-06
2.48727958719e-08	-1.45668502682e-06
2.48925361861e-08	-1.22748326703e-06
2.49122765003e-08	-9.62855835951e-07
2.49320168144e-08	-6.69090013616e-07
2.49517571286e-08	-3.44760380244e-07
2.49714974428e-08	1.24411725366e-08
2.4991237757e-08	3.97926299911e-07
2.50109780712e-08	7.94319475972e-07
2.50307183854e-08	1.16960967489e-06
2.50504586995e-08	1.48029465663e-06
2.50701990137e-08	1.67911150584e-06
2.50899393279e-08	1.72550136313e-06
2.51096796421e-08	1.59601898986e-06
2.51294199563e-08	1.29184951447e-06
2.51491602705e-08	8.41179058853e-07
2.51689005847e-08	2.95537091688e-07
2.51886408988e-08	-2.79101541878e-07
2.5208381213e-08	-8.14428489093e-07
2.52281215272e-08	-1.25213040292e-06
2.52478618414e-08	-1.55338932473e-06
2.52676021556e-08	-1.70352114992e-06
2.52873424698e-08	-1.71078028188e-06
2.53070827839e-08	-1.60008642069e-06
2.53268230981e-08	-1.40390108072e-06
2.53465634123e-08	-1.15290146141e-06
2.53663037265e-08	-8.69290772698e-07
2.53860440407e-08	-5.64385572943e-07
2.54057843549e-08	-2.40858177847e-07
2.5425524669e-08	1.01559173515e-07
2.54452649832e-08	4.59036755274e-07
2.54650052974e-08	8.17751327986e-07
2.54847456116e-08	1.1514314906e-06
2.55044859258e-08	1.42322801366e-06
2.552422624e-08	1.59196054028e-06
2.55439665541e-08	1.62124342751e-06
2.55637068683e-08	1.48898953967e-06
2.55834471825e-08	1.19479545901e-06
2.56031874967e-08	7.6298894669e-07
2.56229278109e-08	2.40115561212e-07
2.56426681251e-08	-3.12563656735e-07
2.56624084393e-08	-8.29962715443e-07
2.56821487534e-08	-1.25480323732e-06
2.57018890676e-08	-1.54717406531e-06
2.57216293818e-08	-1.68978942838e-06
2.5741369696e-08	-1.68793434341e-06
2.57611100102e-08	-1.56453046429e-06
2.57808503244e-08	-1.35185257477e-06
2.58005906385e-08	-1.08259303033e-06
2.58203309527e-08	-7.82748088568e-07
2.58400712669e-08	-4.68154752298e-07
2.58598115811e-08	-1.45410730568e-07
2.58795518953e-08	1.8359958176e-07
2.58992922095e-08	5.15407293733e-07
2.59190325236e-08	8.39209491232e-07
2.59387728378e-08	1.13379576305e-06
2.5958513152e-08	1.36841208587e-06
2.59782534662e-08	1.50771160179e-06
2.59979937804e-08	1.51949279825e-06
2.60177340946e-08	1.38343625622e-06
2.60374744087e-08	1.09818284955e-06
2.60572147229e-08	6.8469546477e-07
2.60769550371e-08	1.84893636401e-07
2.60966953513e-08	-3.44627693494e-07
2.61164356655e-08	-8.42308821802e-07
2.61361759797e-08	-1.25244446281e-06
2.61559162939e-08	-1.5346116129e-06
2.6175656608e-08	-1.66948166225e-06
2.61953969222e-08	-1.65970016042e-06
2.62151372364e-08	-1.52603723791e-06
2.62348775506e-08	-1.30016201183e-06
2.62546178648e-08	-1.01606792668e-06
2.6274358179e-08	-7.02770989847e-07
2.62940984931e-08	-3.80057954885e-07
2.63138388073e-08	-5.82221382217e-08
2.63335791215e-08	2.58602682379e-07
2.63533194357e-08	5.66938041402e-07
2.63730597499e-08	8.58438994555e-07
2.63928000641e-08	1.11640076739e-06
2.64125403782e-08	1.31568151573e-06
2.64322806924e-08	1.42641363254e-06
2.64520210066e-08	1.42061480801e-06
2.64717613208e-08	1.27999874167e-06
2.6491501635e-08	1.00267573089e-06
2.65112419492e-08	6.06831036976e-07
2.65309822634e-08	1.30113484431e-07
2.65507225775e-08	-3.7544403142e-07
2.65704628917e-08	-8.51983543271e-07
2.65902032059e-08	-1.24581976024e-06
2.66099435201e-08	-1.51657383185e-06
2.66296838343e-08	-1.64335853015e-06
2.66494241485e-08	-1.62650565017e-06
2.66691644626e-08	-1.48467375993e-06
2.66889047768e-08	-1.2485720049e-06
2.6708645091e-08	-9.52866741954e-07
2.67283854052e-08	-6.28867780961e-07
2.67481257194e-08	-2.99691222949e-07
2.67678660336e-08	2.09643875593e-08
2.67876063477e-08	3.26662146222e-07
2.68073466619e-08	6.13545381611e-07
2.68270869761e-08	8.75210957929e-07
2.68468272903e-08	1.09895955802e-06
2.68665676045e-08	1.26482876794e-06
2.68863079187e-08	1.34811494945e-06
2.69060482328e-08	1.32495824801e-06
2.6925788547e-08	1.17921786114e-06
2.69455288612e-08	9.08859618676e-07
2.69652691754e-08	5.29810165517e-07
2.69850094896e-08	7.59421183716e-08
2.70047498038e-08	-4.05106973744e-07
2.7024490118e-08	-8.59325496094e-07
2.70442304321e-08	-1.23546584518e-06
2.70639707463e-08	-1.49377223124e-06
2.70837110605e-08	-1.61222021688e-06
2.71034513747e-08	-1.58901264058e-06
2.71231916889e-08	-1.4407303297e-06
2.71429320031e-08	-1.19687382494e-06
2.71626723172e-08	-8.92397736152e-07
2.71824126314e-08	-5.60349718626e-07
2.72021529456e-08	-2.26601585496e-07
2.72218932598e-08	9.22956715499e-08
2.7241633574e-08	3.87689496506e-07
2.72613738882e-08	6.55087234236e-07
2.72811142023e-08	8.89490024747e-07
2.73008545165e-08	1.08149782818e-06
2.73205948307e-08	1.21579131473e-06
2.73403351449e-08	1.2727172134e-06
2.73600754591e-08	1.23249992612e-06
2.73798157733e-08	1.08133298227e-06
2.73995560874e-08	8.1729649537e-07
2.74192964016e-08	4.54330134403e-07
2.74390367158e-08	2.28024816806e-08
2.745877703e-08	-4.33678806644e-07
2.74785173442e-08	-8.64874891704e-07
2.74982576584e-08	-1.22218995102e-06
2.75179979726e-08	-1.4669355437e-06
2.75377382867e-08	-1.57654983468e-06
2.75574786009e-08	-1.54752893877e-06
2.75772189151e-08	-1.39438708402e-06
2.75969592293e-08	-1.14514216421e-06
2.76166995435e-08	-8.3452445665e-07
2.76364398577e-08	-4.96807075479e-07
2.76561801718e-08	-1.60130106508e-07
2.7675920486e-08	1.56331118717e-07
2.76956608002e-08	4.41920207095e-07
2.77154011144e-08	6.91439169032e-07
2.77351414286e-08	9.00903131651e-07
2.77548817428e-08	1.06367519948e-06
2.77746220569e-08	1.16853965437e-06
2.77943623711e-08	1.20039055673e-06
2.78141026853e-08	1.14350785907e-06
2.78338429995e-08	9.86609904885e-07
2.78535833137e-08	7.28229906599e-07
2.78733236279e-08	3.80635881925e-07
2.7893063942e-08	-2.89897243988e-08
2.79128042562e-08	-4.60993888396e-07
2.79325445704e-08	-8.68791914854e-07
2.79522848846e-08	-1.20652094893e-06
2.79720251988e-08	-1.43684872e-06
2.7991765513e-08	-1.53711738449e-06
2.80115058272e-08	-1.50253458742e-06
2.80312461413e-08	-1.3457940895e-06
2.80509864555e-08	-1.09326362008e-06
2.80707267697e-08	-7.78988493266e-07
2.80904670839e-08	-4.37875016246e-07
2.81102073981e-08	-9.98568552291e-08
2.81299477123e-08	2.13535336968e-07
2.81496880264e-08	4.89700340722e-07
2.81694283406e-08	7.22660558949e-07
2.81891686548e-08	9.09226201884e-07
2.8208908969e-08	1.04517317823e-06
2.82286492832e-08	1.12285590603e-06
2.82483895974e-08	1.13121285494e-06
2.82681299115e-08	1.05827740526e-06
2.82878702257e-08	8.95373062804e-07
2.83076105399e-08	6.41868240336e-07
2.83273508541e-08	3.088730125e-07
2.83470911683e-08	-7.93303129853e-08
2.83668314825e-08	-4.86888211526e-07
2.83865717967e-08	-8.71023132731e-07
2.84063121108e-08	-1.18875391308e-06
2.8426052425e-08	-1.40420155503e-06
2.84457927392e-08	-1.49479632228e-06
2.84655330534e-08	-1.45474979263e-06
2.84852733676e-08	-1.29517718506e-06
2.85050136818e-08	-1.04097841813e-06
2.85247539959e-08	-7.25311707583e-07
2.85444943101e-08	-3.83154940664e-07
2.85642346243e-08	-4.55809647804e-08
2.85839749385e-08	2.64050683541e-07
2.86037152527e-08	5.31280448968e-07
2.86234555669e-08	7.49087689655e-07
2.8643195881e-08	9.14688001785e-07
2.86629361952e-08	1.02589029893e-06
2.86826765094e-08	1.07832954654e-06
2.87024168236e-08	1.06477330064e-06
2.87221571378e-08	9.76759451987e-07
2.8741897452e-08	8.08043381539e-07
2.87616377661e-08	5.58862751632e-07
2.87813780803e-08	2.39497218502e-07
2.88011183945e-08	-1.28163506474e-07
2.88208587087e-08	-5.11686351956e-07
2.88405990229e-08	-8.71965653459e-07
2.88603393371e-08	-1.16912042358e-06
2.88800796513e-08	-1.3691658296e-06
2.88998199654e-08	-1.4499083818e-06
2.89195602796e-08	-1.40471496479e-06
2.89393005938e-08	-1.24318154349e-06
2.8959040908e-08	-9.88652857359e-07
2.89787812222e-08	-6.7329290232e-07
2.89985215364e-08	-3.31969232548e-07
2.90182618505e-08	3.48626905122e-09
2.90380021647e-08	3.08368470314e-07
2.90577424789e-08	5.66712003547e-07
2.90774827931e-08	7.7052803249e-07
2.90972231073e-08	9.17143495371e-07
2.91169634215e-08	1.00585998553e-06
2.91367037356e-08	1.03509393057e-06
2.91564440498e-08	1.0011217455e-06
2.9176184364e-08	8.98844348285e-07
2.91959246782e-08	7.2449645927e-07
2.92156649924e-08	4.79305342083e-07
2.92354053066e-08	1.72855408209e-07
2.92551456207e-08	-1.75071946273e-07
2.92748859349e-08	-5.35174990546e-07
2.92946262491e-08	-8.71798192748e-07
2.93143665633e-08	-1.14814514518e-06
2.93341068775e-08	-1.33233402266e-06
2.93538471917e-08	-1.4029287172e-06
2.93735875059e-08	-1.35275240609e-06
2.939332782e-08	-1.19000100085e-06
2.94130681342e-08	-9.36402983598e-07
2.94328084484e-08	-6.22930429017e-07
2.94525487626e-08	-2.8409000663e-07
2.94722890768e-08	4.78223771694e-08
2.9492029391e-08	3.47034671222e-07
2.95117697051e-08	5.96411297238e-07
2.95315100193e-08	7.87117272694e-07
2.95512503335e-08	9.16487209679e-07
2.95709906477e-08	9.84909320323e-07
2.95907309619e-08	9.93050207398e-07
2.96104712761e-08	9.40230563629e-07
2.96302115902e-08	8.24557758961e-07
2.96499519044e-08	6.44770835834e-07
2.96696922186e-08	4.03262546911e-07
2.96894325328e-08	1.09146753857e-07
2.9709172847e-08	-2.19784631383e-07
2.97289131612e-08	-5.57164526072e-07
2.97486534753e-08	-8.70591520652e-07
2.97683937895e-08	-1.12621137305e-06
2.97881341037e-08	-1.29427360207e-06
2.98078744179e-08	-1.35437664994e-06
2.98276147321e-08	-1.29918618086e-06
2.98473550463e-08	-1.13577237926e-06
2.98670953605e-08	-8.84273333668e-07
2.98868356746e-08	-5.74245774487e-07
2.99065759888e-08	-2.39419748027e-07
2.9926316303e-08	8.7739710608e-08
2.99460566172e-08	3.80604646466e-07
2.99657969314e-08	6.20946138952e-07
2.99855372456e-08	7.99190701173e-07
3.00052775597e-08	9.12655082175e-07
3.00250178739e-08	9.62703836649e-07
3.00447581881e-08	9.51879371769e-07
3.00644985023e-08	8.82057264562e-07
3.00842388165e-08	7.54094173772e-07
3.01039791307e-08	5.6911341062e-07
3.01237194448e-08	3.30848607177e-07
3.0143459759e-08	4.8301037836e-08
3.01632000732e-08	-2.62374129534e-07
3.01829403874e-08	-5.77587741191e-07
3.02026807016e-08	-8.68189033554e-07
3.02224210158e-08	-1.10330466896e-06
3.024216133e-08	-1.25531971662e-06
3.02619016441e-08	-1.30489621597e-06
3.02816419583e-08	-1.24467749174e-06
3.03013822725e-08	-1.08086487671e-06
3.03211225867e-08	-8.32223889802e-07
3.03408629009e-08	-5.26892364405e-07
3.03606032151e-08	-1.97608770236e-07
3.03803435292e-08	1.23459130918e-07
