% time-domain current integration by openEMS v0.0.36 @Thu Feb  5 18:55:41 2026
% start-coordinates: (-0.037587,0.01775,0) m -> [28,72,7]
% stop-coordinates: (-0.037587,0.0215,0.00227273) m -> [28,77,10]
% t/s	current
7.05011220859e-13	0
2.04453254049e-11	-1.94702698408e-09
4.01856395889e-11	-5.60306778752e-09
5.9925953773e-11	-6.57618137723e-09
7.9666267957e-11	-8.67717231401e-10
9.94065821411e-11	2.14943938204e-08
1.19146896325e-10	7.66379955053e-08
1.38887210509e-10	1.83822805866e-07
1.58627524693e-10	3.55476970526e-07
1.78367838877e-10	5.77394189349e-07
1.98108153061e-10	7.80821324042e-07
2.17848467245e-10	8.16080500954e-07
2.37588781429e-10	4.47560410066e-07
2.57329095613e-10	-6.042363907e-07
2.77069409797e-10	-2.55860140896e-06
2.96809723981e-10	-5.41785311725e-06
3.16550038166e-10	-8.80626885191e-06
3.3629035235e-10	-1.18914913401e-05
3.56030666534e-10	-1.34813171826e-05
3.75770980718e-10	-1.23366389744e-05
3.95511294902e-10	-7.64560536481e-06
4.15251609086e-10	5.04263141465e-07
4.3499192327e-10	1.08782578536e-05
4.54732237454e-10	2.12498562178e-05
4.74472551638e-10	2.89876970783e-05
4.94212865822e-10	3.19043865602e-05
5.13953180006e-10	2.90487132588e-05
5.3369349419e-10	2.1110421585e-05
5.53433808374e-10	1.02496478576e-05
5.73174122558e-10	-5.99796237566e-07
5.92914436742e-10	-8.68561983225e-06
6.12654750926e-10	-1.22871388157e-05
6.3239506511e-10	-1.11579893201e-05
6.52135379294e-10	-6.44010924589e-06
6.71875693478e-10	-1.36822635e-07
6.91616007662e-10	5.61904016649e-06
7.11356321846e-10	9.22752224142e-06
7.3109663603e-10	1.0006411685e-05
7.50836950214e-10	8.22075799078e-06
7.70577264398e-10	4.81196593682e-06
7.90317578582e-10	9.72897737483e-07
8.10057892767e-10	-2.26249790103e-06
8.29798206951e-10	-4.28448356615e-06
8.49538521135e-10	-4.9762325034e-06
8.69278835319e-10	-4.61407626062e-06
8.89019149503e-10	-3.67477264263e-06
9.08759463687e-10	-2.63746733253e-06
9.28499777871e-10	-1.84496639122e-06
9.48240092055e-10	-1.44418049786e-06
9.67980406239e-10	-1.3956064322e-06
9.87720720423e-10	-1.52639995576e-06
1.00746103461e-09	-1.59764272212e-06
1.02720134879e-09	-1.37875554174e-06
1.04694166298e-09	-7.1563374604e-07
1.06668197716e-09	4.1766483605e-07
1.08642229134e-09	1.89338118162e-06
1.10616260553e-09	3.44549584952e-06
1.12590291971e-09	4.73269074064e-06
1.1456432339e-09	5.4358260968e-06
1.16538354808e-09	5.36007701157e-06
1.18512386226e-09	4.5038063945e-06
1.20486417645e-09	3.06336414724e-06
1.22460449063e-09	1.3718209857e-06
1.24434480482e-09	-2.08669945323e-07
1.264085119e-09	-1.39491305617e-06
1.28382543318e-09	-2.05282776733e-06
1.30356574737e-09	-2.20689207708e-06
1.32330606155e-09	-1.99379155674e-06
1.34304637574e-09	-1.59037426783e-06
1.36278668992e-09	-1.14464114631e-06
1.3825270041e-09	-7.36539618629e-07
1.40226731829e-09	-3.7625474647e-07
1.42200763247e-09	-3.15715098509e-08
1.44174794666e-09	3.3178903891e-07
1.46148826084e-09	7.13707152045e-07
1.48122857502e-09	1.0603496321e-06
1.50096888921e-09	1.26876796003e-06
1.52070920339e-09	1.21556581689e-06
1.54044951758e-09	8.02094803021e-07
1.56018983176e-09	1.92992777315e-09
1.57993014594e-09	-1.10530493203e-06
1.59967046013e-09	-2.33045761888e-06
1.61941077431e-09	-3.41023564943e-06
1.6391510885e-09	-4.07506922784e-06
1.65889140268e-09	-4.13039288105e-06
1.67863171686e-09	-3.52416327587e-06
1.69837203105e-09	-2.37388894675e-06
1.71811234523e-09	-9.39893880059e-07
1.73785265942e-09	4.49560673133e-07
1.7575929736e-09	1.49603408772e-06
1.77733328778e-09	2.01750708584e-06
1.79707360197e-09	1.9929368591e-06
1.81681391615e-09	1.55112900302e-06
1.83655423034e-09	9.11138556603e-07
1.85629454452e-09	3.0083430147e-07
1.8760348587e-09	-1.15104562326e-07
1.89577517289e-09	-2.74664216704e-07
1.91551548707e-09	-2.16984787471e-07
1.93525580126e-09	-4.82116675471e-08
1.95499611544e-09	1.0678319029e-07
1.97473642962e-09	1.49055395582e-07
1.99447674381e-09	3.53553808452e-08
2.01421705799e-09	-2.11934789718e-07
2.03395737218e-09	-5.1347376484e-07
2.05369768636e-09	-7.56884503517e-07
2.07343800055e-09	-8.31841703075e-07
2.09317831473e-09	-6.68337349907e-07
2.11291862891e-09	-2.67713716084e-07
2.1326589431e-09	2.87038233182e-07
2.15239925728e-09	8.49712421314e-07
2.17213957147e-09	1.25587928324e-06
2.19187988565e-09	1.38064331168e-06
2.21162019983e-09	1.18589127851e-06
2.23136051402e-09	7.36182641958e-07
2.2511008282e-09	1.7475863956e-07
2.27084114239e-09	-3.30809768911e-07
2.29058145657e-09	-6.49404796604e-07
2.31032177075e-09	-7.28300108221e-07
2.33006208494e-09	-5.99531688295e-07
2.34980239912e-09	-3.52307097273e-07
2.36954271331e-09	-8.82425936766e-08
2.38928302749e-09	1.17873639738e-07
2.40902334167e-09	2.36124648723e-07
2.42876365586e-09	2.75510444681e-07
2.44850397004e-09	2.6368655881e-07
2.46824428423e-09	2.26823743787e-07
2.48798459841e-09	1.79688925073e-07
2.50772491259e-09	1.26998472183e-07
2.52746522678e-09	7.00727866842e-08
2.54720554096e-09	1.17544391998e-08
2.56694585515e-09	-4.40187015727e-08
2.58668616933e-09	-9.60263406569e-08
2.60642648351e-09	-1.47374990433e-07
2.6261667977e-09	-2.01940622446e-07
2.64590711188e-09	-2.57405162074e-07
2.66564742607e-09	-3.00028858646e-07
2.68538774025e-09	-3.06648615833e-07
2.70512805443e-09	-2.54895240914e-07
2.72486836862e-09	-1.3709615132e-07
2.7446086828e-09	3.05739860096e-08
2.76434899699e-09	2.09946065866e-07
2.78408931117e-09	3.54224539478e-07
2.80382962535e-09	4.26560347933e-07
2.82356993954e-09	4.14077305777e-07
2.84331025372e-09	3.30096128209e-07
2.86305056791e-09	2.03536188792e-07
2.88279088209e-09	6.23004936529e-08
2.90253119627e-09	-7.94166936657e-08
2.92227151046e-09	-2.22579970455e-07
2.94201182464e-09	-3.73094138695e-07
2.96175213883e-09	-5.26832707237e-07
2.98149245301e-09	-6.59838235606e-07
3.0012327672e-09	-7.31037516744e-07
3.02097308138e-09	-6.97511723047e-07
3.04071339556e-09	-5.35554590897e-07
3.06045370975e-09	-2.57231448586e-07
3.08019402393e-09	8.62633626753e-08
3.09993433812e-09	4.17107571593e-07
3.1196746523e-09	6.54748191664e-07
3.13941496648e-09	7.42057864045e-07
3.15915528067e-09	6.64053345645e-07
3.17889559485e-09	4.52253573258e-07
3.19863590904e-09	1.73534573378e-07
3.21837622322e-09	-9.20411480365e-08
3.2381165374e-09	-2.76261459931e-07
3.25785685159e-09	-3.42175184187e-07
3.27759716577e-09	-2.92074389563e-07
3.29733747996e-09	-1.62470513487e-07
3.31707779414e-09	-9.14274611574e-09
3.33681810832e-09	1.11865197994e-07
3.35655842251e-09	1.61111699981e-07
3.37629873669e-09	1.26071682871e-07
3.39603905088e-09	2.28347349918e-08
3.41577936506e-09	-1.10277532883e-07
3.43551967924e-09	-2.24862944265e-07
3.45525999343e-09	-2.77144579286e-07
3.47500030761e-09	-2.41707368787e-07
3.4947406218e-09	-1.20451161933e-07
3.51448093598e-09	5.61057333925e-08
3.53422125016e-09	2.36599106529e-07
3.55396156435e-09	3.64260387187e-07
3.57370187853e-09	3.95927855834e-07
3.59344219272e-09	3.18257974641e-07
3.6131825069e-09	1.54690198428e-07
3.63292282108e-09	-4.05780333779e-08
3.65266313527e-09	-2.00668964112e-07
3.67240344945e-09	-2.70141413239e-07
3.69214376364e-09	-2.2591166271e-07
3.71188407782e-09	-8.62239062371e-08
3.731624392e-09	9.6259910265e-08
3.75136470619e-09	2.5455648256e-07
3.77110502037e-09	3.32222555244e-07
3.79084533456e-09	3.02692683363e-07
3.81058564874e-09	1.75737767449e-07
3.83032596292e-09	-1.01344239667e-08
3.85006627711e-09	-2.04173133511e-07
3.86980659129e-09	-3.60647788966e-07
3.88954690548e-09	-4.500619184e-07
3.90928721966e-09	-4.61893762349e-07
3.92902753384e-09	-4.01050243681e-07
3.94876784803e-09	-2.82527821582e-07
3.96850816221e-09	-1.27667362904e-07
3.9882484764e-09	3.76040105721e-08
4.00798879058e-09	1.84600224884e-07
4.02772910477e-09	2.86133342797e-07
4.04746941895e-09	3.23505133792e-07
4.06720973313e-09	2.93580569632e-07
4.08695004732e-09	2.11775017078e-07
4.1066903615e-09	1.08076058325e-07
4.12643067569e-09	1.66083182762e-08
4.14617098987e-09	-3.71075259409e-08
4.16591130405e-09	-4.53943336254e-08
4.18565161824e-09	-1.97986036454e-08
4.20539193242e-09	1.57864565864e-08
4.22513224661e-09	3.64887711157e-08
4.24487256079e-09	2.66712181229e-08
4.26461287497e-09	-1.54648365225e-08
4.28435318916e-09	-7.99221524517e-08
4.30409350334e-09	-1.51045142616e-07
4.32383381753e-09	-2.13525026993e-07
4.34357413171e-09	-2.55246675351e-07
4.36331444589e-09	-2.66937291826e-07
4.38305476008e-09	-2.41033234261e-07
4.40279507426e-09	-1.72584790903e-07
4.42253538845e-09	-6.30837391213e-08
4.44227570263e-09	7.48153539121e-08
4.46201601681e-09	2.15617461663e-07
4.481756331e-09	3.25440851157e-07
4.50149664518e-09	3.72497794388e-07
4.52123695937e-09	3.39762124213e-07
4.54097727355e-09	2.33907769598e-07
4.56071758773e-09	8.55858885984e-08
4.58045790192e-09	-6.01264034117e-08
4.6001982161e-09	-1.59632222108e-07
4.61993853029e-09	-1.86551218917e-07
4.63967884447e-09	-1.40786653446e-07
4.65941915865e-09	-4.74211425683e-08
4.67915947284e-09	5.35964126414e-08
4.69889978702e-09	1.22321807794e-07
4.71864010121e-09	1.32258236363e-07
4.73838041539e-09	7.78048629968e-08
4.75812072957e-09	-2.59109018685e-08
4.77786104376e-09	-1.49392803905e-07
4.79760135794e-09	-2.58196394043e-07
4.81734167213e-09	-3.22144501297e-07
4.83708198631e-09	-3.22260746088e-07
4.85682230049e-09	-2.54639900277e-07
4.87656261468e-09	-1.31204629383e-07
4.89630292886e-09	2.25028777834e-08
4.91604324305e-09	1.72487901295e-07
4.93578355723e-09	2.84083029101e-07
4.95552387142e-09	3.31086368988e-07
4.9752641856e-09	3.03830375969e-07
4.99500449978e-09	2.13212175026e-07
5.01474481397e-09	8.84493189801e-08
5.03448512815e-09	-3.16364392461e-08
5.05422544234e-09	-1.11348512633e-07
5.07396575652e-09	-1.30373720708e-07
5.0937060707e-09	-9.07961208441e-08
5.11344638489e-09	-1.59783155596e-08
5.13318669907e-09	5.84661457026e-08
5.15292701326e-09	9.81025820579e-08
5.17266732744e-09	8.22638241971e-08
5.19240764162e-09	1.1023680635e-08
5.21214795581e-09	-9.56900763072e-08
5.23188826999e-09	-2.05898075478e-07
5.25162858418e-09	-2.86731761889e-07
5.27136889836e-09	-3.14582621286e-07
5.29110921254e-09	-2.80914179029e-07
5.31084952673e-09	-1.92681341105e-07
5.33058984091e-09	-6.85545558099e-08
5.3503301551e-09	6.67542039423e-08
5.37007046928e-09	1.87990679024e-07
5.38981078346e-09	2.7365376809e-07
5.40955109765e-09	3.09191506176e-07
5.42929141183e-09	2.89510950324e-07
5.44903172602e-09	2.20667502049e-07
5.4687720402e-09	1.19778775343e-07
5.48851235438e-09	1.2036774244e-08
5.50825266857e-09	-7.54972120376e-08
5.52799298275e-09	-1.21968952271e-07
5.54773329694e-09	-1.19879288718e-07
5.56747361112e-09	-7.81398128424e-08
5.5872139253e-09	-1.92094624651e-08
5.60695423949e-09	2.90431092509e-08
5.62669455367e-09	4.36908678125e-08
5.64643486786e-09	1.51585286545e-08
5.66617518204e-09	-4.96615299994e-08
5.68591549622e-09	-1.3052522263e-07
5.70565581041e-09	-2.01499943842e-07
5.72539612459e-09	-2.39755593157e-07
5.74513643878e-09	-2.32153084312e-07
5.76487675296e-09	-1.77765969056e-07
5.78461706714e-09	-8.65547065132e-08
5.80435738133e-09	2.4219628969e-08
5.82409769551e-09	1.34044896072e-07
5.8438380097e-09	2.22690573537e-07
5.86357832388e-09	2.73291590247e-07
5.88331863807e-09	2.75419012041e-07
5.90305895225e-09	2.28095473176e-07
5.92279926643e-09	1.4169103224e-07
5.94253958062e-09	3.70928994187e-08
5.9622798948e-09	-5.8919447099e-08
5.98202020899e-09	-1.21492661265e-07
6.00176052317e-09	-1.36235101422e-07
6.02150083735e-09	-1.04926911604e-07
6.04124115154e-09	-4.55610837946e-08
6.06098146572e-09	1.39136773214e-08
6.08072177991e-09	4.59715927548e-08
6.10046209409e-09	3.39052270704e-08
6.12020240827e-09	-2.19485798425e-08
6.13994272246e-09	-1.04544866986e-07
6.15968303664e-09	-1.86566381899e-07
6.17942335083e-09	-2.40084773395e-07
6.19916366501e-09	-2.45622970851e-07
6.21890397919e-09	-1.9754831726e-07
6.23864429338e-09	-1.04619282126e-07
6.25838460756e-09	1.35512037147e-08
6.27812492175e-09	1.32184524659e-07
6.29786523593e-09	2.27233641681e-07
6.31760555011e-09	2.8025959864e-07
6.3373458643e-09	2.81835752958e-07
6.35708617848e-09	2.3336312438e-07
6.37682649267e-09	1.47096656633e-07
6.39656680685e-09	4.39406946384e-08
6.41630712103e-09	-5.12099234129e-08
6.43604743522e-09	-1.15996044769e-07
6.4557877494e-09	-1.3731312265e-07
6.47552806359e-09	-1.15810735224e-07
6.49526837777e-09	-6.61170034277e-08
6.51500869195e-09	-1.20811742832e-08
6.53474900614e-09	2.16200426451e-08
6.55448932032e-09	1.84914092927e-08
6.57422963451e-09	-2.36301787027e-08
6.59396994869e-09	-9.1723940443e-08
6.61371026287e-09	-1.62305255458e-07
6.63345057706e-09	-2.09779145166e-07
6.65319089124e-09	-2.15153988847e-07
6.67293120543e-09	-1.71956529016e-07
6.69267151961e-09	-8.75900738606e-08
6.71241183379e-09	1.97090681553e-08
6.73215214798e-09	1.26645630871e-07
6.75189246216e-09	2.11122994642e-07
6.77163277635e-09	2.5718179586e-07
6.79137309053e-09	2.57752134303e-07
6.81111340471e-09	2.15266325654e-07
6.8308537189e-09	1.40580397101e-07
6.85059403308e-09	5.06147692647e-08
6.87033434727e-09	-3.50746880429e-08
6.89007466145e-09	-9.85636532391e-08
6.90981497564e-09	-1.28014079337e-07
6.92955528982e-09	-1.21170870671e-07
6.949295604e-09	-8.6498239682e-08
6.96903591819e-09	-4.10083274005e-08
6.98877623237e-09	-4.94478413771e-09
7.00851654656e-09	5.15800691048e-09
7.02825686074e-09	-1.7430682675e-08
7.04799717492e-09	-6.67957920086e-08
7.06773748911e-09	-1.26068371742e-07
7.08747780329e-09	-1.73160273675e-07
7.10721811748e-09	-1.88408861845e-07
7.12695843166e-09	-1.61267507792e-07
7.14669874584e-09	-9.36738260293e-08
7.16643906003e-09	8.42945713231e-10
7.18617937421e-09	1.01571764333e-07
7.2059196884e-09	1.86679585568e-07
7.22566000258e-09	2.38801106889e-07
7.24540031676e-09	2.4868720061e-07
7.26514063095e-09	2.16440739109e-07
7.28488094513e-09	1.50672917698e-07
7.30462125932e-09	6.62291839149e-08
7.3243615735e-09	-1.89731661493e-08
7.34410188768e-09	-8.76442385334e-08
7.36384220187e-09	-1.26973333181e-07
7.38358251605e-09	-1.31949391857e-07
7.40332283024e-09	-1.07105066149e-07
7.42306314442e-09	-6.56824781231e-08
7.4428034586e-09	-2.58742094417e-08
7.46254377279e-09	-4.92120921791e-09
7.48228408697e-09	-1.29402710769e-08
7.50202440116e-09	-4.8826095167e-08
7.52176471534e-09	-1.00046293028e-07
7.54150502952e-09	-1.46684627111e-07
7.56124534371e-09	-1.68379955312e-07
7.58098565789e-09	-1.51576060148e-07
7.60072597208e-09	-9.43706268686e-08
7.62046628626e-09	-7.25081727992e-09
7.64020660044e-09	9.03169308231e-08
7.65994691463e-09	1.75929272928e-07
7.67968722881e-09	2.30628941722e-07
7.699427543e-09	2.43598663019e-07
7.71916785718e-09	2.14076834482e-07
7.73890817136e-09	1.50534489762e-07
7.75864848555e-09	6.7909468271e-08
7.77838879973e-09	-1.60994453324e-08
7.79812911392e-09	-8.48787706786e-08
7.8178694281e-09	-1.26360063746e-07
7.83760974229e-09	-1.35631438525e-07
7.85735005647e-09	-1.16162183872e-07
7.87709037065e-09	-7.90654866023e-08
7.89683068484e-09	-4.01377597825e-08
7.91657099902e-09	-1.51129881942e-08
7.93631131321e-09	-1.44108005529e-08
7.95605162739e-09	-3.92039112285e-08
7.97579194157e-09	-8.04505901897e-08
7.99553225576e-09	-1.21570764122e-07
8.01527256994e-09	-1.44050105177e-07
8.03501288413e-09	-1.33997573926e-07
8.05475319831e-09	-8.72460148571e-08
8.07449351249e-09	-1.10905533646e-08
8.09423382668e-09	7.78877762286e-08
8.11397414086e-09	1.58966827257e-07
8.13371445505e-09	2.13435427554e-07
8.15345476923e-09	2.29639908866e-07
8.17319508341e-09	2.05497158845e-07
8.1929353976e-09	1.48127043076e-07
8.21267571178e-09	7.12328613872e-08
8.23241602597e-09	-8.66067217942e-09
8.25215634015e-09	-7.60371463571e-08
8.27189665433e-09	-1.19569193657e-07
8.29163696852e-09	-1.34233275162e-07
8.3113772827e-09	-1.22141756265e-07
8.33111759689e-09	-9.18952807183e-08
8.35085791107e-09	-5.636701772e-08
8.37059822525e-09	-2.91502946226e-08
8.39033853944e-09	-2.04174686047e-08
8.41007885362e-09	-3.34167431504e-08
8.42981916781e-09	-6.29202716596e-08
8.44955948199e-09	-9.6469470634e-08
8.46929979617e-09	-1.18311284325e-07
8.48904011036e-09	-1.14823990316e-07
8.50878042454e-09	-7.95361643213e-08
8.52852073873e-09	-1.58630530933e-08
8.54826105291e-09	6.34886845319e-08
8.56800136709e-09	1.40238299196e-07
8.58774168128e-09	1.96015250253e-07
8.60748199546e-09	2.17668826963e-07
8.62722230965e-09	2.00687367169e-07
8.64696262383e-09	1.49854173515e-07
8.66670293801e-09	7.73042074798e-08
8.6864432522e-09	-1.08351005945e-09
8.70618356638e-09	-6.97355844181e-08
8.72592388057e-09	-1.16833255959e-07
8.74566419475e-09	-1.36542013252e-07
8.76540450893e-09	-1.29799985871e-07
8.78514482312e-09	-1.03671155216e-07
8.8048851373e-09	-6.93946589081e-08
8.82462545149e-09	-3.93979711077e-08
8.84436576567e-09	-2.38122446206e-08
8.86410607986e-09	-2.7329667418e-08
8.88384639404e-09	-4.74077417323e-08
8.90358670822e-09	-7.46523909356e-08
8.92332702241e-09	-9.55737178288e-08
8.94306733659e-09	-9.70625748664e-08
8.96280765078e-09	-7.11330088166e-08
8.98254796496e-09	-1.82332691168e-08
9.00228827914e-09	5.21836476253e-08
9.02202859333e-09	1.24159186043e-07
9.04176890751e-09	1.7997484747e-07
9.0615092217e-09	2.05481512694e-07
9.08124953588e-09	1.94188160663e-07
9.10098985006e-09	1.48833890989e-07
9.12073016425e-09	8.01468758027e-08
9.14047047843e-09	3.47103479292e-09
9.16021079262e-09	-6.54815508483e-08
9.1799511068e-09	-1.14440688037e-07
9.19969142098e-09	-1.37050776061e-07
9.21943173517e-09	-1.33657039214e-07
9.23917204935e-09	-1.10524304375e-07
9.25891236354e-09	-7.78452786676e-08
9.27865267772e-09	-4.69958649774e-08
9.2983929919e-09	-2.75373750469e-08
9.31813330609e-09	-2.45600677573e-08
9.33787362027e-09	-3.70594896992e-08
9.35761393446e-09	-5.79582639659e-08
9.37735424864e-09	-7.60595995075e-08
9.39709456282e-09	-7.95808290377e-08
9.41683487701e-09	-6.02755747536e-08
9.43657519119e-09	-1.67462221867e-08
9.45631550538e-09	4.43291519048e-08
9.47605581956e-09	1.09666927983e-07
9.49579613374e-09	1.63169659118e-07
9.51553644793e-09	1.90774301245e-07
9.53527676211e-09	1.84695139183e-07
9.5550170763e-09	1.45642431448e-07
9.57475739048e-09	8.23796568739e-08
9.59449770466e-09	8.94447982347e-09
9.61423801885e-09	-5.93834919016e-08
9.63397833303e-09	-1.10031159295e-07
9.65371864722e-09	-1.35892548769e-07
9.6734589614e-09	-1.36364462833e-07
9.69319927558e-09	-1.16681412976e-07
9.71293958977e-09	-8.5993811183e-08
9.73267990395e-09	-5.47688685515e-08
9.75242021814e-09	-3.20821484934e-08
9.77216053232e-09	-2.33049952669e-08
9.79190084651e-09	-2.86661716586e-08
9.81164116069e-09	-4.31004352208e-08
9.83138147487e-09	-5.76059662194e-08
9.85112178906e-09	-6.19571736138e-08
9.87086210324e-09	-4.81264628149e-08
9.89060241743e-09	-1.33648105916e-08
9.91034273161e-09	3.81752052192e-08
9.93008304579e-09	9.60164072694e-08
9.94982335998e-09	1.46123667832e-07
9.96956367416e-09	1.7503481331e-07
9.98930398835e-09	1.73986549612e-07
1.00090443025e-08	1.41624639127e-07
1.00287846167e-08	8.44120791044e-08
1.00485249309e-08	1.46727545669e-08
1.00682652451e-08	-5.29738244381e-08
1.00880055593e-08	-1.05562747876e-07
1.01077458734e-08	-1.34914913019e-07
1.01274861876e-08	-1.3914436181e-07
1.01472265018e-08	-1.22362578736e-07
1.0166966816e-08	-9.29205725697e-08
1.01867071302e-08	-6.08384311818e-08
1.02064474444e-08	-3.51139775034e-08
1.02261877586e-08	-2.14914717134e-08
1.02459280727e-08	-2.11147419549e-08
1.02656683869e-08	-3.03331368912e-08
1.02854087011e-08	-4.17627461502e-08
1.03051490153e-08	-4.64741631845e-08
1.03248893295e-08	-3.68485935098e-08
1.03446296437e-08	-9.33299659778e-09
1.03643699578e-08	3.38056160842e-08
1.0384110272e-08	8.44596002025e-08
1.04038505862e-08	1.30604803417e-07
1.04235909004e-08	1.59703574809e-07
1.04433312146e-08	1.62528195347e-07
1.04630715288e-08	1.36116568683e-07
1.04828118429e-08	8.48442880397e-08
1.05025521571e-08	1.92504998608e-08
1.05222924713e-08	-4.69616558973e-08
1.05420327855e-08	-1.00720001228e-07
1.05617730997e-08	-1.32950717102e-07
1.05815134139e-08	-1.40537935067e-07
1.06012537281e-08	-1.26461912942e-07
1.06209940422e-08	-9.82967662821e-08
1.06407343564e-08	-6.56952678924e-08
1.06604746706e-08	-3.76516062772e-08
1.06802149848e-08	-2.02312886444e-08
1.0699955299e-08	-1.52421293365e-08
1.07196956132e-08	-2.00407086481e-08
1.07394359273e-08	-2.84754797519e-08
1.07591762415e-08	-3.27628697505e-08
1.07789165557e-08	-2.59052050922e-08
1.07986568699e-08	-4.07471345554e-09
1.08183971841e-08	3.17267492278e-08
1.08381374983e-08	7.5332749816e-08
1.08578778124e-08	1.16700661579e-07
1.08776181266e-08	1.44597336771e-07
1.08973584408e-08	1.4993523223e-07
1.0917098755e-08	1.28692917656e-07
1.09368390692e-08	8.34166513641e-08
1.09565793834e-08	2.2741199146e-08
1.09763196975e-08	-4.09437674875e-08
1.09960600117e-08	-9.4918192417e-08
1.10158003259e-08	-1.2952398265e-07
1.10355406401e-08	-1.4047446939e-07
1.10552809543e-08	-1.29462108589e-07
1.10750212685e-08	-1.03049188738e-07
1.10947615827e-08	-7.03549360992e-08
1.11145018968e-08	-4.03375040037e-08
1.1134242211e-08	-1.94488762872e-08
1.11539825252e-08	-1.02099555477e-08
1.11737228394e-08	-1.09307842777e-08
1.11934631536e-08	-1.65287481479e-08
1.12132034678e-08	-2.01913863407e-08
1.12329437819e-08	-1.54925423601e-08
1.12526840961e-08	1.51505652468e-09
1.12724244103e-08	3.07656549126e-08
1.12921647245e-08	6.76886173778e-08
1.13119050387e-08	1.04041099291e-07
1.13316453529e-08	1.2998485488e-07
1.1351385667e-08	1.36904375836e-07
1.13711259812e-08	1.20131630865e-07
1.13908662954e-08	8.0672741376e-08
1.14106066096e-08	2.52938896494e-08
1.14303469238e-08	-3.5143290944e-08
1.1450087238e-08	-8.86025901536e-08
1.14698275521e-08	-1.2511698344e-07
1.14895678663e-08	-1.39324839665e-07
1.15093081805e-08	-1.31544894089e-07
1.15290484947e-08	-1.07155194939e-07
1.15487888089e-08	-7.46124726447e-08
1.15685291231e-08	-4.28297468602e-08
1.15882694373e-08	-1.87322832801e-08
1.16080097514e-08	-5.63406565846e-09
1.16277500656e-08	-2.76897504925e-09
1.16474903798e-08	-5.9527787144e-09
1.1667230694e-08	-9.10211639393e-09
1.16869710082e-08	-6.19857987161e-09
1.17067113224e-08	6.78686129518e-09
1.17264516365e-08	3.04607503665e-08
1.17461919507e-08	6.14595379034e-08
1.17659322649e-08	9.30128365439e-08
1.17856725791e-08	1.16576707399e-07
1.18054128933e-08	1.24193178408e-07
1.18251532075e-08	1.10930578501e-07
1.18448935216e-08	7.6657926229e-08
1.18646338358e-08	2.65105839503e-08
1.188437415e-08	-3.019586714e-08
1.19041144642e-08	-8.23462826816e-08
1.19238547784e-08	-1.19993060821e-07
1.19435950926e-08	-1.36966221476e-07
1.19633354067e-08	-1.32320167268e-07
1.19830757209e-08	-1.1019776025e-07
1.20028160351e-08	-7.82526541343e-08
1.20225563493e-08	-4.52126052153e-08
1.20422966635e-08	-1.83859256708e-08
1.20620369777e-08	-1.84481629972e-09
1.20817772919e-08	4.28160396027e-09
1.2101517606e-08	3.34092464804e-09
1.21212579202e-08	7.74058206421e-10
1.21409982344e-08	2.26062502051e-09
1.21607385486e-08	1.18836842589e-08
1.21804788628e-08	3.07603933436e-08
1.2200219177e-08	5.64708777517e-08
1.22199594911e-08	8.34535214267e-08
1.22396998053e-08	1.04329757278e-07
1.22594401195e-08	1.11887651144e-07
1.22791804337e-08	1.01227499272e-07
1.22989207479e-08	7.14562418125e-08
1.23186610621e-08	2.63657504718e-08
1.23384013762e-08	-2.62072674673e-08
1.23581416904e-08	-7.62533929333e-08
1.23778820046e-08	-1.14180650712e-07
1.23976223188e-08	-1.33342368258e-07
1.2417362633e-08	-1.31708006279e-07
1.24371029472e-08	-1.12161814059e-07
1.24568432614e-08	-8.13756528828e-08
1.24765835755e-08	-4.76692143536e-08
1.24963238897e-08	-1.85754256421e-08
1.25160642039e-08	1.12837372779e-09
1.25358045181e-08	1.03893080805e-08
1.25555448323e-08	1.16758398505e-08
1.25752851465e-08	9.78365388704e-09
1.25950254606e-08	1.00859853802e-08
1.26147657748e-08	1.67426303932e-08
1.2634506089e-08	3.13360288828e-08
1.26542464032e-08	5.2253980698e-08
1.26739867174e-08	7.49578603632e-08
1.26937270316e-08	9.3088587505e-08
1.27134673457e-08	1.00162047545e-07
1.27332076599e-08	9.14534865615e-08
1.27529479741e-08	6.55660841176e-08
1.27726882883e-08	2.52110474719e-08
1.27924286025e-08	-2.31122072591e-08
1.28121689167e-08	-7.05442957383e-08
1.28319092308e-08	-1.08062160109e-07
1.2851649545e-08	-1.28819877432e-07
1.28713898592e-08	-1.299215171e-07
1.28911301734e-08	-1.13065667051e-07
1.29108704876e-08	-8.38574507611e-08
1.29306108018e-08	-5.0028816645e-08
1.2950351116e-08	-1.91601632338e-08
1.29700914301e-08	3.37068084555e-09
1.29898317443e-08	1.56056199074e-08
1.30095720585e-08	1.91002360594e-08
1.30293123727e-08	1.79704926495e-08
1.30490526869e-08	1.72799072828e-08
1.30687930011e-08	2.12811563927e-08
1.30885333152e-08	3.20130730813e-08
1.31082736294e-08	4.85964086749e-08
1.31280139436e-08	6.73775417681e-08
1.31477542578e-08	8.28644672879e-08
1.3167494572e-08	8.92169040867e-08
1.31872348862e-08	8.19331802404e-08
1.32069752003e-08	5.92995910154e-08
1.32267155145e-08	2.3202099797e-08
1.32464558287e-08	-2.09861266143e-08
1.32661961429e-08	-6.5493516388e-08
1.32859364571e-08	-1.01985584422e-07
1.33056767713e-08	-1.23669025243e-07
1.33254170854e-08	-1.27050810761e-07
1.33451573996e-08	-1.128101772e-07
1.33648977138e-08	-8.54882600265e-08
1.3384638028e-08	-5.20891347833e-08
1.34043783422e-08	-2.00364507208e-08
1.34241186564e-08	4.8661621399e-09
1.34438589706e-08	1.98423375508e-08
1.34635992847e-08	2.55311878306e-08
1.34833395989e-08	2.53177034892e-08
1.35030799131e-08	2.38997017732e-08
1.35228202273e-08	2.55851233533e-08
1.35425605415e-08	3.28367519842e-08
1.35623008557e-08	4.54568578334e-08
1.35820411698e-08	6.0593578155e-08
1.3601781484e-08	7.35239851224e-08
1.36215217982e-08	7.89879734953e-08
1.36412621124e-08	7.27242905896e-08
1.36610024266e-08	5.28230685859e-08
1.36807427408e-08	2.05363974715e-08
1.37004830549e-08	-1.97019094372e-08
1.37202233691e-08	-6.11109669535e-08
1.37399636833e-08	-9.6093863533e-08
1.37597039975e-08	-1.18092948753e-07
1.37794443117e-08	-1.23262736906e-07
1.37991846259e-08	-1.114596202e-07
1.381892494e-08	-8.6226997098e-08
1.38386652542e-08	-5.37549205148e-08
1.38584055684e-08	-2.11195985145e-08
1.38781458826e-08	5.65207791681e-09
1.38978861968e-08	2.30984653626e-08
1.3917626511e-08	3.09697227863e-08
1.39373668252e-08	3.18612478623e-08
1.39571071393e-08	3.00151334898e-08
1.39768474535e-08	2.97178495146e-08
1.39965877677e-08	3.38111583176e-08
1.40163280819e-08	4.27513349166e-08
1.40360683961e-08	5.44523501844e-08
1.40558087103e-08	6.49101394856e-08
1.40755490244e-08	6.93963571052e-08
1.40952893386e-08	6.38832915456e-08
1.41150296528e-08	4.63253329031e-08
1.4134769967e-08	1.74649521512e-08
1.41545102812e-08	-1.90554612089e-08
1.41742505954e-08	-5.73374521196e-08
1.41939909095e-08	-9.05090331571e-08
1.42137312237e-08	-1.12349205494e-07
1.42334715379e-08	-1.18839651009e-07
1.42532118521e-08	-1.09202183296e-07
1.42729521663e-08	-8.60989644025e-08
1.42926924805e-08	-5.49003402739e-08
1.43124327947e-08	-2.22129763472e-08
1.43321731088e-08	5.89960347241e-09
1.4351913423e-08	2.54585490467e-08
1.43716537372e-08	3.54134179759e-08
1.43913940514e-08	3.75563367072e-08
1.44111343656e-08	3.55870817259e-08
1.44308746798e-08	3.36632055564e-08
1.44506149939e-08	3.49243940434e-08
1.44703553081e-08	4.04418045719e-08
1.44900956223e-08	4.88813682864e-08
1.45098359365e-08	5.69436835463e-08
1.45295762507e-08	6.04070038435e-08
1.45493165649e-08	5.54589227875e-08
1.4569056879e-08	3.99370456705e-08
1.45887971932e-08	1.41523486263e-08
1.46085375074e-08	-1.89197919553e-08
1.46282778216e-08	-5.41449587388e-08
1.46480181358e-08	-8.53218651287e-08
1.466775845e-08	-1.06616376172e-07
1.46874987641e-08	-1.13980668459e-07
1.47072390783e-08	-1.06182866944e-07
1.47269793925e-08	-8.51435046911e-08
1.47467197067e-08	-5.54519310469e-08
1.47664600209e-08	-2.31670256312e-08
1.47862003351e-08	5.76840353261e-09
1.48059406493e-08	2.70291060644e-08
1.48256809634e-08	3.88823266917e-08
1.48454212776e-08	4.23490611468e-08
1.48651615918e-08	4.05323277164e-08
1.4884901906e-08	3.73598822989e-08
1.49046422202e-08	3.61633674117e-08
1.49243825344e-08	3.85504357325e-08
1.49441228485e-08	4.39008580599e-08
1.49638631627e-08	4.96106409287e-08
1.49836034769e-08	5.19741298888e-08
1.50033437911e-08	4.7410264159e-08
1.50230841053e-08	3.36698811054e-08
1.50428244195e-08	1.06841309133e-08
1.50625647336e-08	-1.91654425663e-08
1.50823050478e-08	-5.14262872287e-08
1.5102045362e-08	-8.05151998406e-08
1.51217856762e-08	-1.00991904617e-07
1.51415259904e-08	-1.0886240176e-07
1.51612663046e-08	-1.02579321037e-07
1.51810066187e-08	-8.3461806355e-08
1.52007469329e-08	-5.53977486106e-08
1.52204872471e-08	-2.38761028726e-08
1.52402275613e-08	5.39883693307e-09
1.52599678755e-08	2.79232548195e-08
1.52797081897e-08	4.14294483164e-08
1.52994485039e-08	4.62346854135e-08
1.5319188818e-08	4.48169537037e-08
1.53389291322e-08	4.07726084006e-08
1.53586694464e-08	3.75033870625e-08
1.53784097606e-08	3.70585837572e-08
1.53981500748e-08	3.94856840558e-08
1.5417890389e-08	4.2877136508e-08
1.54376307031e-08	4.40652314637e-08
1.54573710173e-08	3.97272046371e-08
1.54771113315e-08	2.75537050953e-08
1.54968516457e-08	7.13240089212e-09
1.55165919599e-08	-1.96953298115e-08
1.55363322741e-08	-4.90973341982e-08
1.55560725882e-08	-7.60581002623e-08
1.55758129024e-08	-9.55249319645e-08
1.55955532166e-08	-1.03611071722e-07
1.56152935308e-08	-9.85558443745e-08
1.5635033845e-08	-8.11940594758e-08
1.56547741592e-08	-5.4794881521e-08
1.56745144733e-08	-2.42882496337e-08
1.56942547875e-08	4.93124518997e-09
1.57139951017e-08	2.83099268472e-08
1.57337354159e-08	4.31814193291e-08
1.57534757301e-08	4.9252637524e-08
1.57732160443e-08	4.83932112161e-08
1.57929563585e-08	4.38073719522e-08
1.58126966726e-08	3.88573404564e-08
1.58324369868e-08	3.5920251662e-08
1.5852177301e-08	3.563353701e-08
1.58719176152e-08	3.67604577889e-08
1.58916579294e-08	3.66920822614e-08
1.59113982436e-08	3.24102806815e-08
1.59311385577e-08	2.1594470212e-08
1.59508788719e-08	3.53056672786e-09
1.59706191861e-08	-2.04446060081e-08
1.59903595003e-08	-4.70847965062e-08
1.60100998145e-08	-7.19109820579e-08
1.60298401287e-08	-9.024480363e-08
1.60495804428e-08	-9.83282859579e-08
1.6069320757e-08	-9.42531102055e-08
1.60890610712e-08	-7.84635361128e-08
1.61088013854e-08	-5.36971818121e-08
1.61285416996e-08	-2.4367286855e-08
1.61482820138e-08	4.47383730062e-09
1.6168022328e-08	2.8323361434e-08
1.61877626421e-08	4.42471304041e-08
1.62075029563e-08	5.14523676998e-08
1.62272432705e-08	5.12453155466e-08
1.62469835847e-08	4.64028495628e-08
1.62667238989e-08	4.01509048231e-08
1.62864642131e-08	3.507734192e-08
1.63062045272e-08	3.23178817041e-08
1.63259448414e-08	3.12636387889e-08
1.63456851556e-08	2.98755153949e-08
1.63654254698e-08	2.54840948344e-08
1.6385165784e-08	1.58138373507e-08
1.64049060982e-08	-1.00299012151e-10
1.64246464123e-08	-2.13875974708e-08
1.64443867265e-08	-4.53569306558e-08
1.64641270407e-08	-6.80473490888e-08
1.64838673549e-08	-8.51500487897e-08
1.65036076691e-08	-9.30558243795e-08
1.65233479833e-08	-8.97573713132e-08
1.65430882974e-08	-7.53765547756e-08
1.65628286116e-08	-5.21909484519e-08
1.65825689258e-08	-2.41376838517e-08
1.660230924e-08	4.08201650259e-09
1.66220495542e-08	2.80796754737e-08
1.66417898684e-08	4.47574173279e-08
1.66615301826e-08	5.29259374105e-08
1.66812704967e-08	5.33948742998e-08
1.67010108109e-08	4.85121951499e-08
1.67207511251e-08	4.1300744158e-08
1.67404914393e-08	3.44529453855e-08
1.67602317535e-08	2.94959470182e-08
1.67799720677e-08	2.63838479952e-08
1.67997123818e-08	2.36366375361e-08
1.6819452696e-08	1.89749496116e-08
1.68391930102e-08	1.0233025094e-08
1.68589333244e-08	-3.74210618048e-09
1.68786736386e-08	-2.2500326935e-08
1.68984139528e-08	-4.38835918715e-08
1.69181542669e-08	-6.44404565264e-08
1.69378945811e-08	-8.02364610308e-08
1.69576348953e-08	-8.78276296135e-08
1.69773752095e-08	-8.51406056768e-08
1.69971155237e-08	-7.20257489206e-08
1.70168558379e-08	-5.03551191855e-08
1.7036596152e-08	-2.36320651936e-08
1.70563364662e-08	3.78733133743e-09
1.70760767804e-08	2.76682268208e-08
1.70958170946e-08	4.48282087007e-08
1.71155574088e-08	5.37742614881e-08
1.7135297723e-08	5.48906697873e-08
1.71550380372e-08	5.01192403135e-08
1.71747783513e-08	4.22395203259e-08
1.71945186655e-08	3.39613634992e-08
1.72142589797e-08	2.71000502039e-08
1.72339992939e-08	2.20923439542e-08
1.72537396081e-08	1.79877108764e-08
1.72734799223e-08	1.29199255738e-08
1.72932202364e-08	4.89468376941e-09
1.73129605506e-08	-7.36030081327e-09
1.73327008648e-08	-2.37603963171e-08
1.7352441179e-08	-4.26514574769e-08
1.73721814932e-08	-6.10860126926e-08
1.73919218074e-08	-7.55125526553e-08
1.74116621215e-08	-8.26715975677e-08
1.74314024357e-08	-8.04522670705e-08
1.74511427499e-08	-6.8474584225e-08
1.74708830641e-08	-4.8250480944e-08
1.74906233783e-08	-2.28858834106e-08
1.75103636925e-08	3.59684015905e-09
1.75301040066e-08	2.71451625622e-08
1.75498443208e-08	4.45508909763e-08
1.7569584635e-08	5.40953095651e-08
1.75893249492e-08	5.58021717723e-08
1.76090652634e-08	5.12373361516e-08
1.76288055776e-08	4.29210800235e-08
1.76485458918e-08	3.3517924436e-08
1.76682862059e-08	2.50465461704e-08
1.76880265201e-08	1.83422752542e-08
1.77077668343e-08	1.29328752152e-08
1.77275071485e-08	7.36224770037e-09
1.77472474627e-08	-1.48864698346e-10
1.77669877769e-08	-1.09181570451e-08
1.7786728091e-08	-2.51555007935e-08
1.78064684052e-08	-4.16634939882e-08
1.78262087194e-08	-5.79882026841e-08
1.78459490336e-08	-7.09795955345e-08
1.78656893478e-08	-7.75955655286e-08
1.7885429662e-08	-7.57222267112e-08
1.79051699761e-08	-6.47780780128e-08
1.79249102903e-08	-4.594125258e-08
1.79446506045e-08	-2.1944336126e-08
1.79643909187e-08	3.51054096903e-09
1.79841312329e-08	2.6559730415e-08
1.80038715471e-08	4.40085798914e-08
1.80236118613e-08	5.39748725714e-08
1.80433521754e-08	5.61890409756e-08
1.80630924896e-08	5.18857419252e-08
1.80828328038e-08	4.33227604901e-08
1.8102573118e-08	3.3070858052e-08
1.81223134322e-08	2.32710934966e-08
1.81420537464e-08	1.50771324314e-08
1.81617940605e-08	8.44157987956e-09
1.81815343747e-08	2.30720353933e-09
1.82012746889e-08	-4.85848739018e-09
1.82210150031e-08	-1.43609133474e-08
1.82407553173e-08	-2.66387196746e-08
1.82604956315e-08	-4.08992342216e-08
1.82802359456e-08	-5.5156704093e-08
1.82999762598e-08	-6.66666366556e-08
1.8319716574e-08	-7.26331563783e-08
1.83394568882e-08	-7.09795955345e-08
1.83591972024e-08	-6.09627548442e-08
1.83789375166e-08	-4.34573301789e-08
1.83986778307e-08	-2.08383443834e-08
1.84184181449e-08	3.50987638953e-09
1.84381584591e-08	2.59253223334e-08
1.84578987733e-08	4.32548752372e-08
1.84776390875e-08	5.3494620289e-08
1.84973794017e-08	5.61315900427e-08
1.85171197159e-08	5.21088026062e-08
1.853686003e-08	4.3436134689e-08
1.85566003442e-08	3.25654028188e-08
1.85763406584e-08	2.16997424474e-08
1.85960809726e-08	1.2234984581e-08
1.86158212868e-08	4.48407888598e-09
1.8635561601e-08	-2.23863727555e-09
1.86553019151e-08	-9.2016145814e-09
1.86750422293e-08	-1.76451866452e-08
1.86947825435e-08	-2.81707173144e-08
1.87145228577e-08	-4.03347897304e-08
1.87342631719e-08	-5.25880849978e-08
1.87540034861e-08	-6.25907645713e-08
1.87737438002e-08	-6.78162095369e-08
1.87934841144e-08	-6.62624444203e-08
1.88132244286e-08	-5.70642981756e-08
1.88329647428e-08	-4.08263005625e-08
1.8852705057e-08	-1.95850109463e-08
1.88724453712e-08	3.59098351055e-09
1.88921856853e-08	2.52561811465e-08
1.89119259995e-08	4.23258477156e-08
1.89316663137e-08	5.27113890314e-08
1.89514066279e-08	5.56941230911e-08
1.89711469421e-08	5.19566505375e-08
1.89908872563e-08	4.32757865099e-08
1.90106275705e-08	3.19716946251e-08
1.90303678846e-08	2.02699297347e-08
1.90501081988e-08	9.74711333868e-09
1.9069848513e-08	1.01426134158e-09
1.90895888272e-08	-6.28278673531e-09
1.91093291414e-08	-1.31505730749e-08
1.91290694556e-08	-2.07258121776e-08
1.91488097697e-08	-2.9710026439e-08
1.91685500839e-08	-3.99451316468e-08
1.91882903981e-08	-5.02777908196e-08
1.92080307123e-08	-5.8765103006e-08
1.92277710265e-08	-6.31703258591e-08
1.92475113407e-08	-6.16042115098e-08
1.92672516548e-08	-5.31184838337e-08
1.9286991969e-08	-3.80794382693e-08
1.93067322832e-08	-1.82028472295e-08
1.93264725974e-08	3.75393316432e-09
1.93462129116e-08	2.45713440705e-08
1.93659532258e-08	4.12569569619e-08
1.93856935399e-08	5.16698257513e-08
1.94054338541e-08	5.49228680313e-08
1.94251741683e-08	5.146799964e-08
1.94449144825e-08	4.28614193027e-08
1.94646547967e-08	3.12826635707e-08
1.94843951109e-08	1.89450979349e-08
1.95041354251e-08	7.55692575183e-09
1.95238757392e-08	-2.02410310735e-09
1.95436160534e-08	-9.85825732158e-09
1.95633563676e-08	-1.67009410745e-08
1.95830966818e-08	-2.35647359403e-08
1.9602836996e-08	-3.12037791161e-08
1.96225773102e-08	-3.96882775533e-08
1.96423176243e-08	-4.82122928247e-08
1.96620579385e-08	-5.52057315417e-08
1.96817982527e-08	-5.87303361499e-08
1.97015385669e-08	-5.7041908974e-08
1.97212788811e-08	-4.91549840831e-08
1.97410191953e-08	-3.52354625477e-08
1.97607595094e-08	-1.67028328946e-08
1.97804998236e-08	3.99493194081e-09
1.98002401378e-08	2.3878474309e-08
1.9819980452e-08	4.00717823368e-08
1.98397207662e-08	5.04110992949e-08
1.98594610804e-08	5.38679181261e-08
1.98792013945e-08	5.068680764e-08
1.98989417087e-08	4.22160439939e-08
1.99186820229e-08	3.04905576343e-08
1.99384223371e-08	1.76895280646e-08
1.99581626513e-08	5.61382629272e-09
1.99779029655e-08	-4.67881910993e-09
1.99976432797e-08	-1.2994372689e-08
2.00173835938e-08	-1.98556033837e-08
2.0037123908e-08	-2.6139256093e-08
2.00568642222e-08	-3.26144302676e-08
2.00766045364e-08	-3.9526838691e-08
2.00963448506e-08	-4.63680933649e-08
2.01160851648e-08	-5.19121492459e-08
2.01358254789e-08	-5.45172156308e-08
2.01555657931e-08	-5.26110710553e-08
2.01753061073e-08	-4.5211045574e-08
2.01950464215e-08	-3.2324148691e-08
2.02147867357e-08	-1.51000030257e-08
2.02345270499e-08	4.3155403695e-09
2.0254267364e-08	2.31936461148e-08
2.02740076782e-08	3.87986069939e-08
2.02937479924e-08	4.8970537847e-08
2.03134883066e-08	5.25663459428e-08
2.03332286208e-08	4.96448748777e-08
2.0352968935e-08	4.13580636405e-08
2.03727092492e-08	2.95957018892e-08
2.03924495633e-08	1.64838986905e-08
2.04121898775e-08	3.88243970306e-09
2.04319301917e-08	-6.99195989995e-09
2.04516705059e-08	-1.57275739099e-08
2.04714108201e-08	-2.26326157815e-08
2.04911511343e-08	-2.84425585306e-08
2.05108914484e-08	-3.39119523574e-08
2.05306317626e-08	-3.94192127828e-08
2.05503720768e-08	-4.47106422996e-08
2.0570112391e-08	-4.88719074099e-08
2.05898527052e-08	-5.05479640367e-08
2.06095930194e-08	-4.83500741666e-08
2.06293333335e-08	-4.13303098412e-08
2.06490736477e-08	-2.93766397874e-08
2.06688139619e-08	-1.34042377198e-08
2.06885542761e-08	4.72406513907e-09
2.07082945903e-08	2.25355929473e-08
2.07280349045e-08	3.74586832663e-08
2.07477752186e-08	4.73716141869e-08
2.07675155328e-08	5.10465874015e-08
2.0787255847e-08	4.83742965685e-08
2.08069961612e-08	4.03159319262e-08
2.08267364754e-08	2.86088841506e-08
2.08464767896e-08	1.53124126712e-08
2.08662171038e-08	2.32378383203e-09
2.08859574179e-08	-9.01099728168e-09
2.09056977321e-08	-1.80943278139e-08
2.09254380463e-08	-2.50449279093e-08
2.09451783605e-08	-3.04632159498e-08
2.09649186747e-08	-3.50705384733e-08
2.09846589889e-08	-3.93377810326e-08
2.1004399303e-08	-4.32186766375e-08
2.10241396172e-08	-4.6074887905e-08
2.10438799314e-08	-4.68245424656e-08
2.10636202456e-08	-4.42744649831e-08
2.10833605598e-08	-3.75406727926e-08
2.1103100874e-08	-2.64274131467e-08
2.11228411881e-08	-1.16450653564e-08
2.11425815023e-08	5.20971887852e-09
2.11623218165e-08	2.19183178274e-08
2.11820621307e-08	3.60865257676e-08
2.12018024449e-08	4.56553586048e-08
2.12215427591e-08	4.93420202474e-08
2.12412830732e-08	4.68945557941e-08
2.12610233874e-08	3.90963172947e-08
2.12807637016e-08	2.75298681629e-08
2.13005040158e-08	1.41698457412e-08
2.132024433e-08	9.23277565512e-10
2.13399846442e-08	-1.07631112911e-08
2.13597249584e-08	-2.01305052627e-08
2.13794652725e-08	-2.7124666957e-08
2.13992055867e-08	-3.22142170717e-08
2.14189459009e-08	-3.60760346041e-08
2.14386862151e-08	-3.92474426292e-08
2.14584265293e-08	-4.185427116e-08
2.14781668435e-08	-4.34991420661e-08
2.14979071576e-08	-4.33507736375e-08
2.15176474718e-08	-4.04099189666e-08
2.1537387786e-08	-3.38767698338e-08
2.15571281002e-08	-2.35060788611e-08
2.15768684144e-08	-9.83876358163e-09
2.15966087286e-08	5.77056180617e-09
2.16163490427e-08	2.13519033565e-08
2.16360893569e-08	3.47014861291e-08
2.16558296711e-08	4.38482814502e-08
2.16755699853e-08	4.74830237351e-08
2.16953102995e-08	4.52341666346e-08
2.17150506137e-08	3.77191895495e-08
2.17347909278e-08	2.63638728626e-08
2.1754531242e-08	1.30447181945e-08
2.17742715562e-08	-3.4335645438e-10
2.17940118704e-08	-1.22785399626e-08
2.18137521846e-08	-2.18648477102e-08
2.18334924988e-08	-2.88917458846e-08
2.1853232813e-08	-3.37024914643e-08
2.18729731271e-08	-3.6921104396e-08
2.18927134413e-08	-3.91293646373e-08
2.19124537555e-08	-4.05932603087e-08
2.19321940697e-08	-4.11240606013e-08
2.19519343839e-08	-4.0117949851e-08
2.19716746981e-08	-3.67641561638e-08
2.19914150122e-08	-3.03611962238e-08
2.20111553264e-08	-2.06425987415e-08
2.20308956406e-08	-8.01202304501e-09
2.20506359548e-08	6.39310560047e-09
2.2070376269e-08	2.08414370206e-08
2.20901165832e-08	3.33259748686e-08
2.21098568973e-08	4.19831529541e-08
2.21295972115e-08	4.55029613988e-08
2.21493375257e-08	4.34184812548e-08
2.21690778399e-08	3.61972283258e-08
2.21888181541e-08	2.5111098978e-08
2.22085584683e-08	1.19275469501e-08
2.22282987825e-08	-1.49253531756e-09
2.22480390966e-08	-1.35786999422e-08
2.22677794108e-08	-2.3321428344e-08
2.2287519725e-08	-3.03693781234e-08
2.23072600392e-08	-3.49434436941e-08
2.23270003534e-08	-3.7606877612e-08
2.23467406676e-08	-3.89682526247e-08
2.23664809817e-08	-3.94096417722e-08
2.23862212959e-08	-3.89244831922e-08
2.24059616101e-08	-3.71136863464e-08
2.24257019243e-08	-3.3343713568e-08
2.24454422385e-08	-2.70162612281e-08
2.24651825527e-08	-1.78649948168e-08
2.24849228668e-08	-6.18728979163e-09
2.2504663181e-08	7.06747016466e-09
2.25244034952e-08	2.03909031882e-08
2.25441438094e-08	3.1975567083e-08
2.25638841236e-08	4.0083666164e-08
2.25836244378e-08	4.34298499385e-08
2.26033647519e-08	4.14748448918e-08
2.26231050661e-08	3.45503714527e-08
2.26428453803e-08	2.37783925883e-08
2.26625856945e-08	1.08096864793e-08
2.26823260087e-08	-2.54528220722e-09
2.27020663229e-08	-1.46895864361e-08
2.27218066371e-08	-2.45238638286e-08
2.27415469512e-08	-3.15739505652e-08
2.27612872654e-08	-3.5945564747e-08
2.27810275796e-08	-3.81343774336e-08
2.28007678938e-08	-3.87577152594e-08
2.2820508208e-08	-3.82895422035e-08
2.28402485222e-08	-3.68814667695e-08
2.28599888363e-08	-3.43211219445e-08
2.28797291505e-08	-3.01425835403e-08
2.28994694647e-08	-2.38521575824e-08
2.29192097789e-08	-1.51971786266e-08
2.29389500931e-08	-4.39213154735e-09
2.29586904073e-08	7.77562991772e-09
2.29784307214e-08	1.9999863099e-08
2.29981710356e-08	3.06669356576e-08
2.30179113498e-08	3.81765055124e-08
2.3037651664e-08	4.12913152559e-08
2.30573919782e-08	3.94260197822e-08
2.30771322924e-08	3.27943610046e-08
2.30968726065e-08	2.23727845139e-08
2.31166129207e-08	9.68764801712e-09
2.31363532349e-08	-3.51629414475e-09
2.31560935491e-08	-1.56350044023e-08
2.31758338633e-08	-2.54986716186e-08
2.31955741775e-08	-3.25265361312e-08
2.32153144917e-08	-3.67188732753e-08
2.32350548058e-08	-3.85023462002e-08
2.325479512e-08	-3.84887037796e-08
2.32745354342e-08	-3.72205590793e-08
2.32942757484e-08	-3.49823174872e-08
2.33140160626e-08	-3.17288595397e-08
2.33337563768e-08	-2.71536535479e-08
2.33534966909e-08	-2.08705035476e-08
2.33732370051e-08	-1.26526025213e-08
2.33929773193e-08	-2.64865573918e-09
2.34127176335e-08	8.49564063543e-09
2.34324579477e-08	1.96584419854e-08
2.34521982619e-08	2.9409383373e-08
2.3471938576e-08	3.62871332982e-08
2.34916788902e-08	3.91190546623e-08
2.35114192044e-08	3.72979371832e-08
2.35311595186e-08	3.09428962453e-08
2.35508998328e-08	2.08963353288e-08
2.3570640147e-08	8.55606518968e-09
2.35903804611e-08	-4.41586678335e-09
2.36101207753e-08	-1.64305244965e-08
2.36298610895e-08	-2.62667043671e-08
2.36496014037e-08	-3.32501883804e-08
2.36693417179e-08	-3.72810973204e-08
2.36890820321e-08	-3.87161094295e-08
2.37088223463e-08	-3.81525921966e-08
2.37285626604e-08	-3.6185376473e-08
2.37483029746e-08	-3.32098437639e-08
2.37680432888e-08	-2.93270741025e-08
2.3787783603e-08	-2.43757316554e-08
2.38075239172e-08	-1.80765837854e-08
2.38272642314e-08	-1.02398685087e-08
2.38470045455e-08	-9.67954827402e-10
2.38667448597e-08	9.21507847806e-09
2.38864851739e-08	1.93562925688e-08
2.39062254881e-08	2.82007501795e-08
2.39259658023e-08	3.44275825626e-08
2.39457061165e-08	3.69385837473e-08
2.39654464306e-08	3.51216655758e-08
2.39851867448e-08	2.90202368802e-08
2.4004927059e-08	1.93577864849e-08
2.40246673732e-08	7.40702299495e-09
2.40444076874e-08	-5.26239496423e-09
2.40641480016e-08	-1.7096736471e-08
2.40838883158e-08	-2.68457753805e-08
2.41036286299e-08	-3.37590613242e-08
2.41233689441e-08	-3.76439146521e-08
2.41431092583e-08	-3.87832770343e-08
2.41628495725e-08	-3.77498423632e-08
2.41825898867e-08	-3.51750735206e-08
2.42023302009e-08	-3.15483639213e-08
2.4222070515e-08	-2.70996611818e-08
2.42418108292e-08	-2.18000550944e-08
2.42615511434e-08	-1.54724446588e-08
2.42812914576e-08	-7.96987098539e-09
2.43010317718e-08	6.35692498641e-10
2.4320772086e-08	9.92201787398e-09
2.43405124001e-08	1.90874125394e-08
2.43602527143e-08	2.70423345938e-08
2.43799930285e-08	3.26075486612e-08
2.43997333427e-08	3.47674458112e-08
2.44194736569e-08	3.29200986471e-08
2.44392139711e-08	2.70488662579e-08
2.44589542852e-08	1.77709029714e-08
2.44786945994e-08	6.24061247123e-09
2.44984349136e-08	-6.06978334261e-09
2.45181752278e-08	-1.76552568121e-08
2.4537915542e-08	-2.72578262184e-08
2.45576558562e-08	-3.40699486401e-08
2.45773961704e-08	-3.78171272075e-08
2.45971364845e-08	-3.8708485306e-08
2.46168767987e-08	-3.72803192761e-08
2.46366171129e-08	-3.41845414198e-08
2.46563574271e-08	-2.99869071796e-08
2.46760977413e-08	-2.50324081463e-08
2.46958380555e-08	-1.94149976096e-08
2.47155783696e-08	-1.30547190835e-08
2.47353186838e-08	-5.84990189623e-09
2.4755058998e-08	2.14836659573e-09
2.47747993122e-08	1.06029052205e-08
2.47945396264e-08	1.88449238436e-08
2.48142799406e-08	2.59370214195e-08
2.48340202547e-08	3.08368193203e-08
2.48537605689e-08	3.26202602707e-08
2.48735008831e-08	3.07098275698e-08
2.48932411973e-08	2.50455531869e-08
2.49129815115e-08	1.61501034768e-08
2.49327218257e-08	5.06303976522e-09
2.49524621398e-08	-6.84370071724e-09
2.4972202454e-08	-1.81246129216e-08
2.49919427682e-08	-2.75282037165e-08
2.50116830824e-08	-3.4205942967e-08
2.50314233966e-08	-3.78144306978e-08
2.50511637108e-08	-3.84935958664e-08
2.5070904025e-08	-3.67381183253e-08
2.50906443391e-08	-3.32051683927e-08
2.51103846533e-08	-2.85180554727e-08
2.51301249675e-08	-2.31189840605e-08
2.51498652817e-08	-1.72140328658e-08
2.51696055959e-08	-1.0817714724e-08
2.51893459101e-08	-3.87821064152e-09
2.52090862242e-08	3.56467433349e-09
2.52288265384e-08	1.12464864088e-08
2.52485668526e-08	1.86169408778e-08
2.52683071668e-08	2.48791387492e-08
2.5288047481e-08	2.91215158654e-08
2.53077877952e-08	3.05131422351e-08
2.53275281093e-08	2.85116286136e-08
2.53472684235e-08	2.30286261171e-08
2.53670087377e-08	1.45060266021e-08
2.53867490519e-08	3.87603371621e-09
2.54064893661e-08	-7.59101848047e-09
2.54262296803e-08	-1.85183566259e-08
2.54459699944e-08	-2.76750462547e-08
2.54657103086e-08	-3.41863142239e-08
2.54854506228e-08	-3.76516240408e-08
2.5505190937e-08	-3.81471920718e-08
2.55249312512e-08	-3.61227350254e-08
2.55446715654e-08	-3.22295541366e-08
2.55644118796e-08	-2.71305715671e-08
2.55841521937e-08	-2.13485513711e-08
2.56038925079e-08	-1.51891512701e-08
2.56236328221e-08	-8.75760441943e-09
2.56433731363e-08	-2.05543626564e-09
2.56631134505e-08	4.87986273612e-09
2.56828537647e-08	1.18444027919e-08
2.57025940788e-08	1.83952781896e-08
2.5722334393e-08	2.38647128725e-08
2.57420747072e-08	2.74650631127e-08
2.57618150214e-08	2.84576522347e-08
2.57815553356e-08	2.63418158397e-08
2.58012956498e-08	2.10139035062e-08
2.58210359639e-08	1.28495258878e-08
2.58407762781e-08	2.68354938271e-09
2.58605165923e-08	-8.31512991795e-09
2.58802569065e-08	-1.88467641493e-08
2.58999972207e-08	-2.77142575555e-08
2.59197375349e-08	-3.40303643043e-08
2.59394778491e-08	-3.73469219994e-08
2.59592181632e-08	-3.76808770852e-08
2.59789584774e-08	-3.54355655929e-08
2.59986987916e-08	-3.12485823883e-08
2.60184391058e-08	-2.58107260009e-08
2.603817942e-08	-1.97091694076e-08
2.60579197342e-08	-1.3334476634e-08
2.60776600483e-08	-6.87403245436e-09
2.60974003625e-08	-3.83625159417e-10
2.61171406767e-08	6.09197892132e-09
2.61368809909e-08	1.23952936804e-08
2.61566213051e-08	1.81767418894e-08
2.61763616193e-08	2.28889653897e-08
2.61961019334e-08	2.58643186868e-08
2.62158422476e-08	2.64571049513e-08
2.62355825618e-08	2.4213003158e-08
2.6255322876e-08	1.90204740846e-08
2.62750631902e-08	1.11980504869e-08
2.62948035044e-08	1.49268575278e-09
2.63145438185e-08	-9.02216612531e-09
2.63342841327e-08	-1.91255900006e-08
2.63540244469e-08	-2.76642531105e-08
2.63737647611e-08	-3.37531247396e-08
2.63935050753e-08	-3.69105883635e-08
2.64132453895e-08	-3.7101543171e-08
2.64329857037e-08	-3.46810864471e-08
2.64527260178e-08	-3.02632514604e-08
2.6472466332e-08	-2.45531577292e-08
2.64922066462e-08	-1.81886861128e-08
2.65119469604e-08	-1.16355591828e-08
2.65316872746e-08	-5.15692377689e-09
2.65514275888e-08	1.13838571902e-09
2.65711679029e-08	7.19357196033e-09
2.65909082171e-08	1.28887780448e-08
2.66106485313e-08	1.79548269585e-08
2.66303888455e-08	2.19522107159e-08
2.66501291597e-08	2.43251143672e-08
2.66698694739e-08	2.45194140547e-08
2.6689609788e-08	2.21329354844e-08
2.67093501022e-08	1.70555072287e-08
2.67290904164e-08	9.55982848438e-09
2.67488307306e-08	3.11758230342e-10
2.67685710448e-08	-9.70812319423e-09
2.6788311359e-08	-1.93595255382e-08
2.68080516731e-08	-2.7539948988e-08
2.68277919873e-08	-3.33757448345e-08
2.68475323015e-08	-3.63623442468e-08
2.68672726157e-08	-3.64204062464e-08
2.68870129299e-08	-3.38596528593e-08
2.69067532441e-08	-2.92662534207e-08
2.69264935583e-08	-2.3347801914e-08
2.69462338724e-08	-1.67789782068e-08
2.69659741866e-08	-1.00863601915e-08
2.69857145008e-08	-3.60154595036e-09
2.7005454815e-08	2.51408804886e-09
2.70251951292e-08	8.18639556144e-09
2.70449354434e-08	1.3322713599e-08
2.70646757575e-08	1.77239414256e-08
2.70844160717e-08	2.10484110141e-08
2.71041563859e-08	2.28452741169e-08
2.71238967001e-08	2.26491092548e-08
2.71436370143e-08	2.01118126597e-08
2.71633773285e-08	1.51318690911e-08
2.71831176426e-08	7.94508370205e-09
2.72028579568e-08	-8.54454174082e-10
2.7222598271e-08	-1.03740749324e-08
2.72423385852e-08	-1.95553546689e-08
2.72620788994e-08	-2.73523461658e-08
2.72818192136e-08	-3.29122222809e-08
2.73015595277e-08	-3.57169120946e-08
2.73212998419e-08	-3.56498830456e-08
2.73410401561e-08	-3.29778089281e-08
2.73607804703e-08	-2.82562702125e-08
2.73805207845e-08	-2.21867839656e-08
2.74002610987e-08	-1.54682382458e-08
2.74200014129e-08	-8.67621441358e-09
2.7439741727e-08	-2.20121809669e-09
2.74594820412e-08	3.74570774397e-09
2.74792223554e-08	9.06888075747e-09
2.74989626696e-08	1.36939117823e-08
2.75187029838e-08	1.74804508646e-08
2.7538443298e-08	2.01747525352e-08
2.75581836121e-08	2.14238955465e-08
2.75779239263e-08	2.08485406716e-08
2.75976642405e-08	1.81560633195e-08
2.76174045547e-08	1.32588411361e-08
2.76371448689e-08	6.36351371597e-09
2.76568851831e-08	-1.99942462586e-09
2.76766254972e-08	-1.10194129377e-08
2.76963658114e-08	-1.97186338369e-08
2.77161061256e-08	-2.71120175199e-08
2.77358464398e-08	-3.23759330456e-08
2.7755586754e-08	-3.4987841957e-08
2.77753270682e-08	-3.48012569873e-08
2.77950673824e-08	-3.20426174483e-08
2.78148076965e-08	-2.72337441487e-08
2.78345480107e-08	-2.10637907117e-08
2.78542883249e-08	-1.42458862484e-08
2.78740286391e-08	-7.39359862223e-09
2.78937689533e-08	-9.47399714235e-10
2.79135092675e-08	4.83662310202e-09
2.79332495816e-08	9.83994041803e-09
2.79529898958e-08	1.39990259385e-08
2.797273021e-08	1.72211862548e-08
2.79924705242e-08	1.93293949735e-08
2.80122108384e-08	2.00608347711e-08
2.80319511526e-08	1.91192928156e-08
2.80516914667e-08	1.62693698513e-08
2.80714317809e-08	1.14426299547e-08
2.80911720951e-08	4.82306150573e-09
2.81109124093e-08	-3.11600922842e-09
2.81306527235e-08	-1.16412373075e-08
2.81503930377e-08	-1.98532159601e-08
2.81701333518e-08	-2.68293458561e-08
2.8189873666e-08	-3.17808250827e-08
2.82096139802e-08	-3.41887798072e-08
2.82293542944e-08	-3.38846319892e-08
2.82490946086e-08	-3.10589385322e-08
2.82688349228e-08	-2.6199161951e-08
2.8288575237e-08	-1.9975257004e-08
2.83083155511e-08	-1.31047137586e-08
2.83280558653e-08	-6.22881124457e-09
2.83477961795e-08	1.69863567656e-10
2.83675364937e-08	5.7941722531e-09
2.83872768079e-08	1.0501779002e-08
2.84070171221e-08	1.42350957688e-08
2.84267574362e-08	1.69404827943e-08
2.84464977504e-08	1.85078814496e-08
2.84662380646e-08	1.87553954589e-08
2.84859783788e-08	1.74646199724e-08
2.8505718693e-08	1.44574050509e-08
2.85254590072e-08	9.68916591404e-09
2.85451993213e-08	3.32867466923e-09
2.85649396355e-08	-4.20053947181e-09
2.85846799497e-08	-1.22374572697e-08
2.86044202639e-08	-1.99601828399e-08
2.86241605781e-08	-2.65101895991e-08
2.86439008923e-08	-3.11379970697e-08
2.86636412064e-08	-3.33336274139e-08
2.86833815206e-08	-3.29125811049e-08
2.87031218348e-08	-3.00342577475e-08
2.8722862149e-08	-2.51527989548e-08
2.87426024632e-08	-1.89157720598e-08
2.87623427774e-08	-1.20364322953e-08
2.87820830916e-08	-5.17355225327e-09
2.88018234057e-08	1.15781517707e-09
2.88215637199e-08	6.62410126751e-09
2.88413040341e-08	1.10581908075e-08
2.88610443483e-08	1.44030245508e-08
2.88807846625e-08	1.66357789766e-08
2.89005249767e-08	1.77053607331e-08
2.89202652908e-08	1.75033889604e-08
2.8940005605e-08	1.58841366726e-08
2.89597459192e-08	1.27246702064e-08
2.89794862334e-08	8.00571164916e-09
2.89992265476e-08	1.88731918982e-09
2.90189668618e-08	-5.24936583091e-09
2.90387071759e-08	-1.28086492523e-08
2.90584474901e-08	-2.00430516628e-08
2.90781878043e-08	-2.61602739471e-08
2.90979281185e-08	-3.04546752261e-08
2.91176684327e-08	-3.2431962893e-08
2.91374087469e-08	-3.18960537982e-08
2.9157149061e-08	-2.89779293894e-08
2.91768893752e-08	-2.409914579e-08
2.91966296894e-08	-1.78822503472e-08
2.92163700036e-08	-1.10320099722e-08
2.92361103178e-08	-4.21625045988e-09
2.9255850632e-08	2.02583727571e-09
2.92755909462e-08	7.33125693486e-09
2.92953312603e-08	1.15103464537e-08
2.93150715745e-08	1.45020182529e-08
2.93348118887e-08	1.63064299841e-08
2.93545522029e-08	1.69208007605e-08
2.93742925171e-08	1.63031401712e-08
2.93940328313e-08	1.43759324445e-08
2.94137731454e-08	1.10705524747e-08
2.94335134596e-08	6.39551656079e-09
2.94532537738e-08	5.05293251685e-10
2.9472994088e-08	-6.2556195779e-09
2.94927344022e-08	-1.33516202538e-08
2.95124747164e-08	-2.01046645998e-08
2.95322150305e-08	-2.57873917775e-08
2.95519553447e-08	-2.9741258345e-08
2.95716956589e-08	-3.14931121181e-08
2.95914359731e-08	-3.08422016815e-08
2.96111762873e-08	-2.78951848287e-08
2.96309166015e-08	-2.30413963465e-08
2.96506569157e-08	-1.68754095142e-08
2.96703972298e-08	-1.00874650855e-08
2.9690137544e-08	-3.34836869342e-09
2.97098778582e-08	2.7850857176e-09
2.97296181724e-08	7.92551002604e-09
2.97493584866e-08	1.18630127943e-08
2.97690988008e-08	1.45314853484e-08
2.97888391149e-08	1.59480340045e-08
2.98085794291e-08	1.61502953233e-08
2.98283197433e-08	1.51531889259e-08
2.98480600575e-08	1.2941172578e-08
2.98678003717e-08	9.4976684295e-09
2.98875406859e-08	4.8609232195e-09
2.9907281e-08	-8.1508960692e-10
2.99270213142e-08	-7.21703408146e-09
2.99467616284e-08	-1.38640059433e-08
2.99665019426e-08	-2.01444354531e-08
2.99862422568e-08	-2.53949039575e-08
3.0005982571e-08	-2.90053794316e-08
3.00257228851e-08	-3.05277794155e-08
3.00454631993e-08	-2.97614732858e-08
3.00652035135e-08	-2.67931117293e-08
3.00849438277e-08	-2.19818492297e-08
3.01046841419e-08	-1.58928621374e-08
3.01244244561e-08	-9.19750853257e-09
3.01441647703e-08	-2.562873469e-09
3.01639050844e-08	3.44321082757e-09
3.01836453986e-08	8.41406411212e-09
3.02033857128e-08	1.21218466376e-08
3.0223126027e-08	1.44938869795e-08
3.02428663412e-08	1.55598733897e-08
3.02626066554e-08	1.53904462508e-08
3.02823469695e-08	1.40498412904e-08
3.03020872837e-08	1.15777654131e-08
3.03218275979e-08	8.00663713107e-09
3.03415679121e-08	3.40480288408e-09
3.03613082263e-08	-2.07028483246e-09
3.03810485405e-08	-8.13043410375e-09
