% time-domain voltage integration by openEMS v0.0.36 @Thu Feb  5 18:55:41 2026
% start-coordinates: (0.0383913,0.02,0.0015) m -> [123,75,9]
% stop-coordinates: (0.0383913,0.02,0) m -> [123,75,7]
% t/s	voltage
0	0
1.9740314184e-11	0
3.94806283681e-11	0
5.92209425521e-11	0
7.89612567362e-11	0
9.87015709202e-11	0
1.18441885104e-10	0
1.38182199288e-10	0
1.57922513472e-10	0
1.77662827656e-10	0
1.9740314184e-10	-1.50724345384e-31
2.17143456024e-10	-5.94327155183e-24
2.36883770208e-10	-3.51413476416e-18
2.56624084393e-10	-6.09669073852e-14
2.76364398577e-10	-4.03532433163e-11
2.96104712761e-10	-8.36793634384e-10
3.15845026945e-10	-4.74398215156e-10
3.35585341129e-10	-8.16093234657e-11
3.55325655313e-10	1.85435727884e-09
3.75065969497e-10	5.7738738235e-09
3.94806283681e-10	1.53770582934e-08
4.14546597865e-10	2.82640097993e-08
4.34286912049e-10	4.63121114791e-08
4.54027226233e-10	6.21106543974e-08
4.73767540417e-10	6.28044709572e-08
4.93507854601e-10	2.60633141735e-08
5.13248168785e-10	-7.69272290313e-08
5.32988482969e-10	-2.17328896213e-07
5.52728797153e-10	-1.61282713407e-07
5.72469111337e-10	3.33143120201e-07
5.92209425521e-10	1.48892246443e-06
6.11949739705e-10	3.91404773836e-06
6.31690053889e-10	7.6395317592e-06
6.51430368073e-10	1.2261466054e-05
6.71170682257e-10	1.59838991749e-05
6.90910996441e-10	1.50747969201e-05
7.10651310625e-10	4.17276692133e-06
7.3039162481e-10	-2.29632405535e-05
7.50131938994e-10	-7.09129417373e-05
7.69872253178e-10	-0.000138950279506
7.89612567362e-10	-0.000217410590267
8.09352881546e-10	-0.000286003531073
8.2909319573e-10	-0.000316167846904
8.48833509914e-10	-0.000278555977275
8.68573824098e-10	-0.000154390589159
8.88314138282e-10	5.31784771738e-05
9.08054452466e-10	0.000313133306918
9.2779476665e-10	0.000570550269913
9.47535080834e-10	0.000761129369494
9.67275395018e-10	0.000832055491628
9.87015709202e-10	0.000761021481594
1.00675602339e-09	0.000565143709537
1.02649633757e-09	0.000295480131172
1.04623665175e-09	1.92161169252e-05
1.06597696594e-09	-0.000202846284083
1.08571728012e-09	-0.000334193304298
1.10545759431e-09	-0.000369373359717
1.12519790849e-09	-0.000328697700752
1.14493822267e-09	-0.000245251561864
1.16467853686e-09	-0.000150984247739
1.18441885104e-09	-6.75337323628e-05
1.20415916523e-09	-4.0126553813e-06
1.22389947941e-09	3.94763810618e-05
1.24363979359e-09	6.60784280626e-05
1.26338010778e-09	7.75548069214e-05
1.28312042196e-09	7.27608712623e-05
1.30286073615e-09	4.93082952744e-05
1.32260105033e-09	6.9767261266e-06
1.34234136451e-09	-4.9224599934e-05
1.3620816787e-09	-0.000108209893369
1.38182199288e-09	-0.000154985144036
1.40156230707e-09	-0.000175343906449
1.42130262125e-09	-0.000161203097377
1.44104293543e-09	-0.000114290520287
1.46078324962e-09	-4.63086998934e-05
1.4805235638e-09	2.4800009669e-05
1.50026387799e-09	8.10632554931e-05
1.52000419217e-09	0.000110587589006
1.53974450636e-09	0.000110840763227
1.55948482054e-09	8.81741434569e-05
1.57922513472e-09	5.4062154959e-05
1.59896544891e-09	1.99641954168e-05
1.61870576309e-09	-6.60062437419e-06
1.63844607728e-09	-2.33788305195e-05
1.65818639146e-09	-3.22099094774e-05
1.67792670564e-09	-3.63441067748e-05
1.69766701983e-09	-3.80245528504e-05
1.71740733401e-09	-3.7307763705e-05
1.7371476482e-09	-3.23695348925e-05
1.75688796238e-09	-2.076410874e-05
1.77662827656e-09	-9.27102405512e-07
1.79636859075e-09	2.67531004283e-05
1.81610890493e-09	5.9508234699e-05
1.83584921912e-09	9.24241903704e-05
1.8555895333e-09	0.000119238447951
1.87532984748e-09	0.000133588277095
1.89507016167e-09	0.00013063679944
1.91481047585e-09	0.000108651955088
1.93455079004e-09	7.01234494045e-05
1.95429110422e-09	2.18324994421e-05
1.9740314184e-09	-2.64672644334e-05
1.99377173259e-09	-6.45366635581e-05
2.01351204677e-09	-8.45833492349e-05
2.03325236096e-09	-8.36145591165e-05
2.05299267514e-09	-6.42037630314e-05
2.07273298932e-09	-3.33831922035e-05
2.09247330351e-09	-9.26162329051e-08
2.11221361769e-09	2.7734100513e-05
2.13195393188e-09	4.52960102848e-05
2.15169424606e-09	5.15228093718e-05
2.17143456024e-09	4.8176954806e-05
2.19117487443e-09	3.81432746508e-05
2.21091518861e-09	2.38582015299e-05
2.2306555028e-09	6.60738487568e-06
2.25039581698e-09	-1.31457745738e-05
2.27013613116e-09	-3.47721961589e-05
2.28987644535e-09	-5.64909441891e-05
2.30961675953e-09	-7.5023228419e-05
2.32935707372e-09	-8.61675325723e-05
2.3490973879e-09	-8.61319858814e-05
2.36883770208e-09	-7.30968786229e-05
2.38857801627e-09	-4.83413514303e-05
2.40831833045e-09	-1.63860249813e-05
2.42805864464e-09	1.60224390129e-05
2.44779895882e-09	4.18017534685e-05
2.46753927301e-09	5.56497689104e-05
2.48727958719e-09	5.56220657018e-05
2.50701990137e-09	4.3596020987e-05
2.52676021556e-09	2.44571583607e-05
2.54650052974e-09	4.37213839177e-06
2.56624084393e-09	-1.12084298962e-05
2.58598115811e-09	-1.91011240531e-05
2.60572147229e-09	-1.90207192645e-05
2.62546178648e-09	-1.31886163217e-05
2.64520210066e-09	-5.20069420418e-06
2.66494241485e-09	1.35628454245e-06
2.68468272903e-09	4.09098356613e-06
2.70442304321e-09	2.44733325871e-06
2.7241633574e-09	-2.27990778967e-06
2.74390367158e-09	-7.49625314711e-06
2.76364398577e-09	-1.0217939689e-05
2.78338429995e-09	-8.11120889921e-06
2.80312461413e-09	-3.92984617292e-07
2.82286492832e-09	1.16757578326e-05
2.8426052425e-09	2.49371551035e-05
2.86234555669e-09	3.52007155016e-05
2.88208587087e-09	3.8638481783e-05
2.90182618505e-09	3.32669569616e-05
2.92156649924e-09	1.99256492124e-05
2.94130681342e-09	2.25559710998e-06
2.96104712761e-09	-1.44404302773e-05
2.98078744179e-09	-2.50653538387e-05
3.00052775597e-09	-2.66007345999e-05
3.02026807016e-09	-1.91804356291e-05
3.04000838434e-09	-5.90907347942e-06
3.05974869853e-09	8.4440844148e-06
3.07948901271e-09	1.92776742551e-05
3.09922932689e-09	2.37122121689e-05
3.11896964108e-09	2.12654422285e-05
3.13870995526e-09	1.35241430144e-05
3.15845026945e-09	3.14924329814e-06
3.17819058363e-09	-7.21019773664e-06
3.19793089781e-09	-1.56225560204e-05
3.217671212e-09	-2.1046738766e-05
3.23741152618e-09	-2.31325502682e-05
3.25715184037e-09	-2.19537841986e-05
3.27689215455e-09	-1.79074359039e-05
3.29663246873e-09	-1.17683243843e-05
3.31637278292e-09	-4.72847068522e-06
3.3361130971e-09	1.77149075853e-06
3.35585341129e-09	6.44508372716e-06
3.37559372547e-09	8.62921206135e-06
3.39533403966e-09	8.54743893797e-06
3.41507435384e-09	7.17644388715e-06
3.43481466802e-09	5.75046601625e-06
3.45455498221e-09	5.15379701937e-06
3.47429529639e-09	5.52654159947e-06
3.49403561058e-09	6.28495490673e-06
3.51377592476e-09	6.52121684652e-06
3.53351623894e-09	5.52945994059e-06
3.55325655313e-09	3.14952774261e-06
3.57299686731e-09	-2.40534049567e-07
3.5927371815e-09	-4.02726186621e-06
3.61247749568e-09	-7.71758755036e-06
3.63221780986e-09	-1.1097225979e-05
3.65195812405e-09	-1.40865327012e-05
3.67169843823e-09	-1.64222537933e-05
3.69143875242e-09	-1.74346168933e-05
3.7111790666e-09	-1.61459620358e-05
3.73091938078e-09	-1.17224190035e-05
3.75065969497e-09	-4.07724382967e-06
3.77040000915e-09	5.7237780311e-06
3.79014032334e-09	1.5539917058e-05
3.80988063752e-09	2.27739992624e-05
3.8296209517e-09	2.53004809565e-05
3.84936126589e-09	2.23098577408e-05
3.86910158007e-09	1.46884149217e-05
3.88884189426e-09	4.75566866953e-06
3.90858220844e-09	-4.53608390671e-06
3.92832252262e-09	-1.06137517832e-05
3.94806283681e-09	-1.21126481645e-05
3.96780315099e-09	-9.23115248952e-06
3.98754346518e-09	-3.52969129835e-06
4.00728377936e-09	2.69783424756e-06
4.02702409354e-09	7.21074411558e-06
4.04676440773e-09	8.49399702929e-06
4.06650472191e-09	6.13091560808e-06
4.0862450361e-09	8.20746606678e-07
4.10598535028e-09	-5.8966782035e-06
4.12572566446e-09	-1.20934641927e-05
4.14546597865e-09	-1.59575838552e-05
4.16520629283e-09	-1.6251928173e-05
4.18494660702e-09	-1.26457557599e-05
4.2046869212e-09	-5.84844860896e-06
4.22442723538e-09	2.51187930189e-06
4.24416754957e-09	1.02825356407e-05
4.26390786375e-09	1.53877026605e-05
4.28364817794e-09	1.64805342138e-05
4.30338849212e-09	1.34208848976e-05
4.3231288063e-09	7.37855975785e-06
4.34286912049e-09	4.7859634833e-07
4.36260943467e-09	-4.92234062222e-06
4.38234974886e-09	-7.07614776729e-06
4.40209006304e-09	-5.47776471649e-06
4.42183037723e-09	-1.04010877067e-06
4.44157069141e-09	4.26999031333e-06
4.46131100559e-09	8.18616172182e-06
4.48105131978e-09	8.98791131476e-06
4.50079163396e-09	6.10197321294e-06
4.52053194815e-09	2.39178234551e-07
4.54027226233e-09	-6.93978495292e-06
4.56001257651e-09	-1.34533429446e-05
4.5797528907e-09	-1.76388211912e-05
4.59949320488e-09	-1.85708604477e-05
4.61923351907e-09	-1.61620837389e-05
4.63897383325e-09	-1.10097312245e-05
4.65871414743e-09	-4.13891393691e-06
4.67845446162e-09	3.23183735418e-06
4.6981947758e-09	9.85346787274e-06
4.71793508999e-09	1.45880421769e-05
4.73767540417e-09	1.65878573171e-05
4.75741571835e-09	1.55184161486e-05
4.77715603254e-09	1.17409244922e-05
4.79689634672e-09	6.31948091723e-06
4.81663666091e-09	7.75196440372e-07
4.83637697509e-09	-3.38139886935e-06
4.85611728927e-09	-5.17113517162e-06
4.87585760346e-09	-4.49561571259e-06
4.89559791764e-09	-2.15116767777e-06
4.91533823183e-09	5.12133198072e-07
4.93507854601e-09	2.1355373292e-06
4.95481886019e-09	1.86612771813e-06
4.97455917438e-09	-3.70790445459e-07
4.99429948856e-09	-3.92688025386e-06
5.01403980275e-09	-7.73852798375e-06
5.03378011693e-09	-1.07168543764e-05
5.05352043111e-09	-1.20487084132e-05
5.0732607453e-09	-1.13285532279e-05
5.09300105948e-09	-8.55024336488e-06
5.11274137367e-09	-4.04586307923e-06
5.13248168785e-09	1.5522869603e-06
5.15222200203e-09	7.33301180844e-06
5.17196231622e-09	1.21823018162e-05
5.1917026304e-09	1.49853863149e-05
5.21144294459e-09	1.49524580593e-05
5.23118325877e-09	1.19604687825e-05
5.25092357295e-09	6.73459953759e-06
5.27066388714e-09	7.28184744503e-07
5.29040420132e-09	-4.31452781413e-06
5.31014451551e-09	-6.96761958352e-06
5.32988482969e-09	-6.65601351102e-06
5.34962514388e-09	-3.87894056075e-06
5.36936545806e-09	-1.55560400117e-08
5.38910577224e-09	3.20702758927e-06
5.40884608643e-09	4.36293885286e-06
5.42858640061e-09	2.83177291749e-06
5.4483267148e-09	-1.02418414372e-06
5.46806702898e-09	-6.04252181802e-06
5.48780734316e-09	-1.0692631804e-05
5.50754765735e-09	-1.35685527312e-05
5.52728797153e-09	-1.37731881296e-05
5.54702828572e-09	-1.11040167212e-05
5.5667685999e-09	-6.04018941885e-06
5.58650891408e-09	4.11555006963e-07
5.60624922827e-09	6.94617438057e-06
5.62598954245e-09	1.22237006508e-05
5.64572985664e-09	1.51454451043e-05
5.66547017082e-09	1.51125750563e-05
5.685210485e-09	1.22125657072e-05
5.70495079919e-09	7.25476775187e-06
5.72469111337e-09	1.59812890388e-06
5.74443142756e-09	-3.2228249438e-06
5.76417174174e-09	-5.97579764872e-06
5.78391205592e-09	-6.14421355749e-06
5.80365237011e-09	-4.11079849982e-06
5.82339268429e-09	-1.02054411855e-06
5.84313299848e-09	1.64307220984e-06
5.86287331266e-09	2.60866761437e-06
5.88261362684e-09	1.28212428763e-06
5.90235394103e-09	-2.05018045563e-06
5.92209425521e-09	-6.34721209281e-06
5.9418345694e-09	-1.02010862975e-05
5.96157488358e-09	-1.23228564917e-05
5.98131519776e-09	-1.19429955703e-05
6.00105551195e-09	-9.00027816897e-06
6.02079582613e-09	-4.09327481066e-06
6.04053614032e-09	1.74302078904e-06
6.0602764545e-09	7.32890202926e-06
6.08001676868e-09	1.16045630421e-05
6.09975708287e-09	1.38204068207e-05
6.11949739705e-09	1.36476955959e-05
6.13923771124e-09	1.12247830657e-05
6.15897802542e-09	7.14089173925e-06
6.1787183396e-09	2.34079880101e-06
6.19845865379e-09	-2.06621768939e-06
6.21819896797e-09	-5.08115067532e-06
6.23793928216e-09	-6.10971369497e-06
6.25767959634e-09	-5.1704348607e-06
6.27741991052e-09	-2.91843389277e-06
6.29716022471e-09	-4.42263669242e-07
6.31690053889e-09	1.11374930611e-06
6.33664085308e-09	9.6733481314e-07
6.35638116726e-09	-1.00742869336e-06
6.37612148145e-09	-4.22860171057e-06
6.39586179563e-09	-7.61599358157e-06
6.41560210981e-09	-9.97477218334e-06
6.435342424e-09	-1.03986158138e-05
6.45508273818e-09	-8.5449864855e-06
6.47482305237e-09	-4.70228451377e-06
6.49456336655e-09	3.4107821989e-07
6.51430368073e-09	5.54286953047e-06
6.53404399492e-09	9.87230532701e-06
6.5537843091e-09	1.25209703583e-05
6.57352462329e-09	1.30348225866e-05
6.59326493747e-09	1.1378072486e-05
6.61300525165e-09	7.94064180809e-06
6.63274556584e-09	3.48384958215e-06
6.65248588002e-09	-9.94680647182e-07
6.67222619421e-09	-4.48462424174e-06
6.69196650839e-09	-6.23944697509e-06
6.71170682257e-09	-6.02442310083e-06
6.73144713676e-09	-4.22768812314e-06
6.75118745094e-09	-1.76340398639e-06
6.77092776513e-09	2.31919251803e-07
6.79066807931e-09	8.1103581806e-07
6.81040839349e-09	-4.21132142492e-07
6.83014870768e-09	-3.14216572406e-06
6.84988902186e-09	-6.41677843305e-06
6.86962933605e-09	-9.03135924091e-06
6.88936965023e-09	-9.92273635347e-06
6.90910996441e-09	-8.539022474e-06
6.9288502786e-09	-5.00333476339e-06
6.94859059278e-09	-4.6567478762e-08
6.96833090697e-09	5.2384943956e-06
6.98807122115e-09	9.71336203293e-06
7.00781153533e-09	1.24744751702e-05
7.02755184952e-09	1.30341422846e-05
7.0472921637e-09	1.13854789561e-05
7.06703247789e-09	7.96965059635e-06
7.08677279207e-09	3.57056637768e-06
7.10651310625e-09	-8.48610966386e-07
7.12625342044e-09	-4.3531438223e-06
7.14599373462e-09	-6.26235964774e-06
7.16573404881e-09	-6.34128787169e-06
7.18547436299e-09	-4.88853288516e-06
7.20521467717e-09	-2.66694587481e-06
7.22495499136e-09	-6.6888406991e-07
7.24469530554e-09	2.21042867565e-07
7.26443561973e-09	-4.51348526553e-07
7.28417593391e-09	-2.52747088325e-06
7.3039162481e-09	-5.27388033333e-06
7.32365656228e-09	-7.63453817854e-06
7.34339687646e-09	-8.60330010255e-06
7.36313719065e-09	-7.57550924391e-06
7.38287750483e-09	-4.55058739135e-06
7.40261781902e-09	-1.21377965456e-07
7.4223581332e-09	4.72530837214e-06
7.44209844738e-09	8.90985575097e-06
7.46183876157e-09	1.15522157103e-05
7.48157907575e-09	1.21700604723e-05
7.50131938994e-09	1.0748157365e-05
7.52105970412e-09	7.69304824644e-06
7.5408000183e-09	3.70958082385e-06
7.56054033249e-09	-3.62016905342e-07
7.58028064667e-09	-3.72022998363e-06
7.60002096086e-09	-5.77013815928e-06
7.61976127504e-09	-6.25931602372e-06
7.63950158922e-09	-5.34864398105e-06
7.65924190341e-09	-3.58201589279e-06
7.67898221759e-09	-1.73922296653e-06
7.69872253178e-09	-5.95724628738e-07
7.71846284596e-09	-6.58386682062e-07
7.73820316014e-09	-1.97133397251e-06
7.75794347433e-09	-4.07360516874e-06
7.77768378851e-09	-6.13806491856e-06
7.7974241027e-09	-7.2524112511e-06
7.81716441688e-09	-6.74023385727e-06
7.83690473106e-09	-4.40548001279e-06
7.85664504525e-09	-6.10504258702e-07
7.87638535943e-09	3.83391829928e-06
7.89612567362e-09	7.91740694694e-06
7.9158659878e-09	1.07235478026e-05
7.93560630198e-09	1.16684432214e-05
7.95534661617e-09	1.06220254565e-05
7.97508693035e-09	7.89667546996e-06
7.99482724454e-09	4.13385077991e-06
8.01456755872e-09	1.35248598099e-07
8.0343078729e-09	-3.31698322498e-06
8.05404818709e-09	-5.62014929528e-06
8.07378850127e-09	-6.47256979391e-06
8.09352881546e-09	-5.93746540289e-06
8.11326912964e-09	-4.42968212155e-06
8.13300944382e-09	-2.61096261056e-06
8.15274975801e-09	-1.20294987482e-06
8.17249007219e-09	-7.59255840421e-07
8.19223038638e-09	-1.46729547623e-06
8.21197070056e-09	-3.05846731408e-06
8.23171101475e-09	-4.87338502353e-06
8.25145132893e-09	-6.07541664976e-06
8.27119164311e-09	-5.94461266701e-06
8.2909319573e-09	-4.14442160945e-06
8.31067227148e-09	-8.61489780846e-07
8.33041258567e-09	3.23424967519e-06
8.35015289985e-09	7.1926012879e-06
8.36989321403e-09	1.00717584246e-05
8.38963352822e-09	1.12086045192e-05
8.4093738424e-09	1.03849524749e-05
8.42911415659e-09	7.85134716352e-06
8.44885447077e-09	4.22204129791e-06
8.46859478495e-09	2.93226065651e-07
8.48833509914e-09	-3.15511908866e-06
8.50807541332e-09	-5.52727101422e-06
8.52781572751e-09	-6.52321455163e-06
8.54755604169e-09	-6.18358672e-06
8.56729635587e-09	-4.86449357595e-06
8.58703667006e-09	-3.14352939768e-06
8.60677698424e-09	-1.66526632484e-06
8.62651729843e-09	-9.54342880277e-07
8.64625761261e-09	-1.24548131453e-06
8.66599792679e-09	-2.38794712004e-06
8.68573824098e-09	-3.87135298752e-06
8.70547855516e-09	-4.9810089422e-06
8.72521886935e-09	-5.04012177771e-06
8.74495918353e-09	-3.65780090306e-06
8.76469949771e-09	-8.90931374897e-07
8.7844398119e-09	2.74441617876e-06
8.80418012608e-09	6.41858127892e-06
8.82392044027e-09	9.23899551708e-06
8.84366075445e-09	1.0516581824e-05
8.86340106863e-09	9.95631489786e-06
8.88314138282e-09	7.71760642237e-06
8.902881697e-09	4.33906916442e-06
8.92262201119e-09	5.6933603787e-07
8.94236232537e-09	-2.83347389995e-06
8.96210263955e-09	-5.27669931216e-06
8.98184295374e-09	-6.44576198283e-06
9.00158326792e-09	-6.34333787275e-06
9.02132358211e-09	-5.26034727955e-06
9.04106389629e-09	-3.68947996776e-06
9.06080421047e-09	-2.19573905724e-06
9.08054452466e-09	-1.26542545331e-06
9.10028483884e-09	-1.16382301485e-06
9.12002515303e-09	-1.8441597831e-06
9.13976546721e-09	-2.9442541063e-06
9.15950578139e-09	-3.88753915104e-06
9.17924609558e-09	-4.06941239817e-06
9.19898640976e-09	-3.07236985009e-06
9.21872672395e-09	-8.3466611045e-07
9.23846703813e-09	2.29295392273e-06
9.25820735232e-09	5.62989771424e-06
9.2779476665e-09	8.36299750517e-06
9.29768798068e-09	9.79125115919e-06
9.31742829487e-09	9.53297603701e-06
9.33716860905e-09	7.62838658375e-06
9.35690892324e-09	4.51163714388e-06
9.37664923742e-09	8.72075986535e-07
9.3963895516e-09	-2.54050871717e-06
9.41612986579e-09	-5.10411859977e-06
9.43587017997e-09	-6.45694854029e-06
9.45561049416e-09	-6.55091048429e-06
9.47535080834e-09	-5.62693367101e-06
9.49509112252e-09	-4.12989811593e-06
9.51483143671e-09	-2.58514285179e-06
9.53457175089e-09	-1.46123090872e-06
9.55431206508e-09	-1.04545148361e-06
9.57405237926e-09	-1.36032065257e-06
9.59379269344e-09	-2.14846784274e-06
9.61353300763e-09	-2.94100527753e-06
9.63327332181e-09	-3.2014432918e-06
9.653013636e-09	-2.50843481808e-06
9.67275395018e-09	-7.18802652955e-07
9.69249426436e-09	1.94869107872e-06
9.71223457855e-09	4.94719733979e-06
9.73197489273e-09	7.55002338337e-06
9.75171520692e-09	9.06673994905e-06
9.7714555211e-09	9.05442766452e-06
9.79119583528e-09	7.45160377846e-06
9.81093614947e-09	4.59247485196e-06
9.83067646365e-09	1.10201744974e-06
9.85041677784e-09	-2.28654084822e-06
9.87015709202e-09	-4.92824642606e-06
9.8898974062e-09	-6.41851556793e-06
9.90963772039e-09	-6.66406208438e-06
9.92937803457e-09	-5.8665305005e-06
9.94911834876e-09	-4.4376306505e-06
9.96885866294e-09	-2.87445948288e-06
9.98859897712e-09	-1.62810101756e-06
1.00083392913e-08	-9.90614580587e-07
1.00280796055e-08	-1.02253329715e-06
1.00478199197e-08	-1.53807627612e-06
1.00675602339e-08	-2.15640204715e-06
1.0087300548e-08	-2.41462896611e-06
1.01070408622e-08	-1.91805969507e-06
1.01267811764e-08	-4.85417103846e-07
1.01465214906e-08	1.76008177277e-06
1.01662618048e-08	4.39267137153e-06
1.0186002119e-08	6.78844935464e-06
1.02057424331e-08	8.30439148558e-06
1.02254827473e-08	8.47525507197e-06
1.02452230615e-08	7.1610240866e-06
1.02649633757e-08	4.59435182165e-06
1.02847036899e-08	1.31347997012e-06
1.03044440041e-08	-1.99390194666e-06
1.03241843183e-08	-4.68099460704e-06
1.03439246324e-08	-6.30496856502e-06
1.03636649466e-08	-6.71767952554e-06
1.03834052608e-08	-6.06732669439e-06
1.0403145575e-08	-4.72297347187e-06
1.04228858892e-08	-3.15422619224e-06
1.04426262034e-08	-1.80110356496e-06
1.04623665175e-08	-9.64946281101e-07
1.04821068317e-08	-7.40998160609e-07
1.05018471459e-08	-1.0033329545e-06
1.05215874601e-08	-1.44597203189e-06
1.05413277743e-08	-1.67371416637e-06
1.05610680885e-08	-1.32575678435e-06
1.05808084026e-08	-2.01511269893e-07
1.06005487168e-08	1.65024101761e-06
1.0620289031e-08	3.91206958739e-06
1.06400293452e-08	6.06523713031e-06
1.06597696594e-08	7.53113408791e-06
1.06795099736e-08	7.84484018368e-06
1.06992502878e-08	6.80446737533e-06
1.07189906019e-08	4.54413543594e-06
1.07387309161e-08	1.50458629378e-06
1.07584712303e-08	-1.68943432755e-06
1.07782115445e-08	-4.40257986156e-06
1.07979518587e-08	-6.15663520875e-06
1.08176921729e-08	-6.7413711804e-06
1.0837432487e-08	-6.24070162303e-06
1.08571728012e-08	-4.97605310557e-06
1.08769131154e-08	-3.39393318427e-06
1.08966534296e-08	-1.93488676814e-06
1.09163937438e-08	-9.1990312967e-07
1.0936134058e-08	-4.79023427147e-07
1.09558743721e-08	-5.33725028617e-07
1.09756146863e-08	-8.32394960071e-07
1.09953550005e-08	-1.03007744201e-06
1.10150953147e-08	-7.95430793232e-07
1.10348356289e-08	7.95773331674e-08
1.10545759431e-08	1.59659953169e-06
1.10743162572e-08	3.52196127551e-06
1.10940565714e-08	5.42892325939e-06
1.11137968856e-08	6.8067608936e-06
1.11335371998e-08	7.20907655705e-06
1.1153277514e-08	6.39579184281e-06
1.11730178282e-08	4.42063969786e-06
1.11927581424e-08	1.6322024976e-06
1.12124984565e-08	-1.41546360055e-06
1.12322387707e-08	-4.11397650169e-06
1.12519790849e-08	-5.96472318648e-06
1.12717193991e-08	-6.70363101563e-06
1.12914597133e-08	-6.35064839116e-06
1.13112000275e-08	-5.17522789778e-06
1.13309403416e-08	-3.59638067948e-06
1.13506806558e-08	-2.05349476801e-06
1.137042097e-08	-8.87246955017e-07
1.13901612842e-08	-2.60920700157e-07
1.14099015984e-08	-1.36754785274e-07
1.14296419126e-08	-3.06796565042e-07
1.14493822267e-08	-4.66164337354e-07
1.14691225409e-08	-3.09960014988e-07
1.14888628551e-08	3.68620959534e-07
1.15086031693e-08	1.6031846144e-06
1.15283434835e-08	3.22296409649e-06
1.15480837977e-08	4.87962256557e-06
1.15678241118e-08	6.13148108641e-06
1.1587564426e-08	6.56660677123e-06
1.16073047402e-08	5.93030972595e-06
1.16270450544e-08	4.21643358095e-06
1.16467853686e-08	1.68959144276e-06
1.16665256828e-08	-1.17379744324e-06
1.1686265997e-08	-3.80996721105e-06
1.17060063111e-08	-5.71895952817e-06
1.17257466253e-08	-6.59519241708e-06
1.17454869395e-08	-6.39597783447e-06
1.17652272537e-08	-5.33117349732e-06
1.17849675679e-08	-3.78160837045e-06
1.18047078821e-08	-2.177649435e-06
1.18244481962e-08	-8.77387662968e-07
1.18441885104e-08	-7.88357006343e-08
1.18639288246e-08	2.13428840823e-07
1.18836691388e-08	1.65221422321e-07
1.1903409453e-08	4.60930476009e-08
1.19231497672e-08	1.38868841759e-07
1.19428900813e-08	6.48997314556e-07
1.19626303955e-08	1.63503864314e-06
1.19823707097e-08	2.97690110074e-06
1.20021110239e-08	4.39264704255e-06
1.20218513381e-08	5.50420850232e-06
1.20415916523e-08	5.93885806666e-06
1.20613319664e-08	5.4408262713e-06
1.20810722806e-08	3.96061864194e-06
1.21008125948e-08	1.69066578337e-06
1.2120552909e-08	-9.68821098013e-07
1.21402932232e-08	-3.50766879365e-06
1.21600335374e-08	-5.43978239875e-06
1.21797738516e-08	-6.4314131123e-06
1.21995141657e-08	-6.38349456494e-06
1.22192544799e-08	-5.44332442587e-06
1.22389947941e-08	-3.94498351852e-06
1.22587351083e-08	-2.30127693612e-06
1.22784754225e-08	-8.83296621623e-07
1.22982157367e-08	7.55311937439e-08
1.23179560508e-08	5.2546189977e-07
1.2337696365e-08	5.89930749584e-07
1.23574366792e-08	5.06694675551e-07
1.23771769934e-08	5.42511486401e-07
1.23969173076e-08	9.05171049226e-07
1.24166576218e-08	1.67505396576e-06
1.24363979359e-08	2.77240269497e-06
1.24561382501e-08	3.96827886107e-06
1.24758785643e-08	4.93816833114e-06
1.24956188785e-08	5.34759396942e-06
1.25153591927e-08	4.94944697493e-06
1.25350995069e-08	3.66678125374e-06
1.2554839821e-08	1.63488300586e-06
1.25745801352e-08	-8.14732572962e-07
1.25943204494e-08	-3.22888308801e-06
1.26140607636e-08	-5.14708017363e-06
1.26338010778e-08	-6.2221506596e-06
1.2653541392e-08	-6.30982844996e-06
1.26732817062e-08	-5.49856395082e-06
1.26930220203e-08	-4.07169818573e-06
1.27127623345e-08	-2.41581312821e-06
1.27325026487e-08	-9.06345576368e-07
1.27522429629e-08	1.93299726448e-07
1.27719832771e-08	7.90113801941e-07
1.27917235913e-08	9.6411594086e-07
1.28114639054e-08	9.20684982475e-07
1.28312042196e-08	9.1086417342e-07
1.28509445338e-08	1.14510947924e-06
1.2870684848e-08	1.72401678356e-06
1.28904251622e-08	2.60265653651e-06
1.29101654764e-08	3.59641137493e-06
1.29299057905e-08	4.42626242148e-06
1.29496461047e-08	4.7930443543e-06
1.29693864189e-08	4.46325998382e-06
1.29891267331e-08	3.34454023232e-06
1.30088670473e-08	1.52911496798e-06
1.30286073615e-08	-7.10737680265e-07
1.30483476757e-08	-2.97842825603e-06
1.30680879898e-08	-4.84794122713e-06
1.3087828304e-08	-5.97313328399e-06
1.31075686182e-08	-6.17730256636e-06
1.31273089324e-08	-5.49617743673e-06
1.31470492466e-08	-4.16009925175e-06
1.31667895608e-08	-2.52084896601e-06
1.31865298749e-08	-9.47983380684e-07
1.32062701891e-08	2.72704355098e-07
1.32260105033e-08	1.00753970855e-06
1.32457508175e-08	1.29193102794e-06
1.32654911317e-08	1.2957844433e-06
1.32852314459e-08	1.25205832546e-06
1.330497176e-08	1.37289572422e-06
1.33247120742e-08	1.77839939397e-06
1.33444523884e-08	2.45643707331e-06
1.33641927026e-08	3.26251119986e-06
1.33839330168e-08	3.95757683691e-06
1.3403673331e-08	4.27393774771e-06
1.34234136451e-08	3.99238956561e-06
1.34431539593e-08	3.01151953863e-06
1.34628942735e-08	1.39053287285e-06
1.34826345877e-08	-6.47878835025e-07
1.35023749019e-08	-2.75917591352e-06
1.35221152161e-08	-4.55546819467e-06
1.35418555303e-08	-5.70119800614e-06
1.35615958444e-08	-5.99922009314e-06
1.35813361586e-08	-5.44152612747e-06
1.36010764728e-08	-4.20721653427e-06
1.3620816787e-08	-2.60835668087e-06
1.36405571012e-08	-9.99607209451e-07
1.36602974154e-08	3.19628227885e-07
1.36800377295e-08	1.18012764005e-06
1.36997780437e-08	1.57346755714e-06
1.37195183579e-08	1.63157659472e-06
1.37392586721e-08	1.5660216377e-06
1.37589989863e-08	1.58814134466e-06
1.37787393005e-08	1.83608341331e-06
1.37984796146e-08	2.32918011989e-06
1.38182199288e-08	2.96052701287e-06
1.3837960243e-08	3.52743847998e-06
1.38577005572e-08	3.79028801945e-06
1.38774408714e-08	3.54313885964e-06
1.38971811856e-08	2.67857421932e-06
1.39169214997e-08	1.23009698427e-06
1.39366618139e-08	-6.20429744913e-07
1.39564021281e-08	-2.57410817994e-06
1.39761424423e-08	-4.28024600296e-06
1.39958827565e-08	-5.41993040315e-06
1.40156230707e-08	-5.78626259085e-06
1.40353633849e-08	-5.33788761459e-06
1.4055103699e-08	-4.20868173023e-06
1.40748440132e-08	-2.66960637418e-06
1.40945843274e-08	-1.05283373841e-06
1.41143246416e-08	3.38544722922e-07
1.41340649558e-08	1.30782211727e-06
1.415380527e-08	1.80591302978e-06
1.41735455841e-08	1.92531689436e-06
1.41932858983e-08	1.85185092505e-06
1.42130262125e-08	1.79177646942e-06
1.42327665267e-08	1.89845047771e-06
1.42525068409e-08	2.22093501634e-06
1.42722471551e-08	2.68835071893e-06
1.42919874692e-08	3.13235989324e-06
1.43117277834e-08	3.33909429173e-06
1.43314680976e-08	3.11507847073e-06
1.43512084118e-08	2.34913784425e-06
1.4370948726e-08	1.05434236275e-06
1.43906890402e-08	-6.2136493284e-07
1.44104293543e-08	-2.4190962904e-06
1.44301696685e-08	-4.02364139518e-06
1.44499099827e-08	-5.13636086907e-06
1.44696502969e-08	-5.54830035071e-06
1.44893906111e-08	-5.19373566021e-06
1.45091309253e-08	-4.16781927015e-06
1.45288712395e-08	-2.70169209671e-06
1.45486115536e-08	-1.10079389515e-06
1.45683518678e-08	3.36379642363e-07
1.4588092182e-08	1.39439856639e-06
1.46078324962e-08	1.98923885364e-06
1.46275728104e-08	2.17495176003e-06
1.46473131246e-08	2.10824623537e-06
1.46670534387e-08	1.98460497813e-06
1.46867937529e-08	1.96732344193e-06
1.47065340671e-08	2.13209057165e-06
1.47262743813e-08	2.44328759891e-06
1.47460146955e-08	2.76700507129e-06
1.47657550097e-08	2.91528147045e-06
1.47854953238e-08	2.7069125963e-06
1.4805235638e-08	2.02739613542e-06
1.48249759522e-08	8.71627776178e-07
1.48447162664e-08	-6.41928750156e-07
1.48644565806e-08	-2.28915189382e-06
1.48841968948e-08	-3.78701554382e-06
1.4903937209e-08	-4.85773898617e-06
1.49236775231e-08	-5.29553835804e-06
1.49434178373e-08	-5.01823546983e-06
1.49631581515e-08	-4.08947607866e-06
1.49828984657e-08	-2.7039309316e-06
1.50026387799e-08	-1.13798455459e-06
1.50223790941e-08	3.20991333069e-07
1.50421194082e-08	1.44700624105e-06
1.50618597224e-08	2.12761563034e-06
1.50816000366e-08	2.38081372572e-06
1.51013403508e-08	2.3324820404e-06
1.5121080665e-08	2.16272428588e-06
1.51408209792e-08	2.03950366995e-06
1.51605612933e-08	2.06109200462e-06
1.51803016075e-08	2.22493054025e-06
1.52000419217e-08	2.43119779952e-06
1.52197822359e-08	2.51837411724e-06
1.52395225501e-08	2.3183738449e-06
1.52592628643e-08	1.71448431274e-06
1.52790031784e-08	6.85388499733e-07
1.52987434926e-08	-6.76995455251e-07
1.53184838068e-08	-2.17982153572e-06
1.5338224121e-08	-3.56919906608e-06
1.53579644352e-08	-4.58780982626e-06
1.53777047494e-08	-5.03574892718e-06
1.53974450636e-08	-4.82014343106e-06
1.54171853777e-08	-3.9796289002e-06
1.54369256919e-08	-2.6768719863e-06
1.54566660061e-08	-1.15971801051e-06
1.54764063203e-08	2.99989295627e-07
1.54961466345e-08	1.47276068674e-06
1.55158869487e-08	2.22485812174e-06
1.55356272628e-08	2.54273277278e-06
1.5555367577e-08	2.52154859481e-06
1.55751078912e-08	2.32242894072e-06
1.55948482054e-08	2.1124765226e-06
1.56145885196e-08	2.00721547117e-06
1.56343288338e-08	2.03379352115e-06
1.56540691479e-08	2.12546888179e-06
1.56738094621e-08	2.1481063186e-06
1.56935497763e-08	1.94864435343e-06
1.57132900905e-08	1.41021018862e-06
1.57330304047e-08	4.97148050727e-07
1.57527707189e-08	-7.23182495221e-07
1.5772511033e-08	-2.08702954296e-06
1.57922513472e-08	-3.36778964538e-06
1.58119916614e-08	-4.32762544733e-06
1.58317319756e-08	-4.77388493891e-06
1.58514722898e-08	-4.60662340629e-06
1.5871212604e-08	-3.84469694836e-06
1.58909529182e-08	-2.62354160441e-06
1.59106932323e-08	-1.1642907225e-06
1.59304335465e-08	2.78712434465e-07
1.59501738607e-08	1.47827751107e-06
1.59699141749e-08	2.28632109156e-06
1.59896544891e-08	2.66304812158e-06
1.60093948033e-08	2.67471443749e-06
1.60291351174e-08	2.46102297297e-06
1.60488754316e-08	2.18305217459e-06
1.60686157458e-08	1.96802147912e-06
1.608835606e-08	1.86860415852e-06
1.61080963742e-08	1.8496082248e-06
1.61278366884e-08	1.80483658596e-06
1.61475770025e-08	1.59825754054e-06
1.61673173167e-08	1.11526753699e-06
1.61870576309e-08	3.08086342216e-07
1.62067979451e-08	-7.78517659228e-07
1.62265382593e-08	-2.00825741103e-06
1.62462785735e-08	-3.1806506513e-06
1.62660188876e-08	-4.07692368753e-06
1.62857592018e-08	-4.51256278211e-06
1.6305499516e-08	-4.38302026851e-06
1.63252398302e-08	-3.6910637391e-06
1.63449801444e-08	-2.54865813076e-06
1.63647204586e-08	-1.15256290201e-06
1.63844607728e-08	2.60889848391e-07
1.64042010869e-08	1.4702764588e-06
1.64239414011e-08	2.31884234836e-06
1.64436817153e-08	2.74610283668e-06
1.64634220295e-08	2.79241612589e-06
1.64831623437e-08	2.57566648543e-06
1.65029026579e-08	2.24702034757e-06
1.6522642972e-08	1.93981600205e-06
1.65423832862e-08	1.72745200189e-06
1.65621236004e-08	1.60344870892e-06
1.65818639146e-08	1.48948424794e-06
1.66016042288e-08	1.26851625737e-06
1.6621344543e-08	8.30915752204e-07
1.66410848571e-08	1.19472183258e-07
1.66608251713e-08	-8.4157255742e-07
1.66805654855e-08	-1.94202630155e-06
1.67003057997e-08	-3.00667227293e-06
1.67200461139e-08	-3.83575877549e-06
1.67397864281e-08	-4.25365897172e-06
1.67595267423e-08	-4.15311001234e-06
1.67792670564e-08	-3.52351764832e-06
1.67990073706e-08	-2.45630917561e-06
1.68187476848e-08	-1.1260606243e-06
1.6838487999e-08	2.48514339773e-07
1.68582283132e-08	1.45385018868e-06
1.68779686274e-08	2.32864692862e-06
1.68977089415e-08	2.79666676306e-06
1.69174492557e-08	2.87629711693e-06
1.69371895699e-08	2.66457698217e-06
1.69569298841e-08	2.30050852679e-06
1.69766701983e-08	1.91875528799e-06
1.69964105125e-08	1.60798418847e-06
1.70161508266e-08	1.38654269222e-06
1.70358911408e-08	1.20302382811e-06
1.7055631455e-08	9.60792277738e-07
1.70753717692e-08	5.5838421531e-07
1.70951120834e-08	-6.7637468959e-08
1.71148523976e-08	-9.11307836304e-07
1.71345927117e-08	-1.8872453893e-06
1.71543330259e-08	-2.84510429083e-06
1.71740733401e-08	-3.60422916401e-06
1.71938136543e-08	-3.99857094635e-06
1.72135539685e-08	-3.91956768908e-06
1.72332942827e-08	-3.34540618496e-06
1.72530345969e-08	-2.34961885326e-06
1.7272774911e-08	-1.08664494292e-06
1.72925152252e-08	2.41902995413e-07
1.73122555394e-08	1.43175356015e-06
1.73319958536e-08	2.320341423e-06
1.73517361678e-08	2.81974951122e-06
1.7371476482e-08	2.92986828754e-06
1.73912167961e-08	2.72845625204e-06
1.74109571103e-08	2.34117965192e-06
1.74306974245e-08	1.90060751493e-06
1.74504377387e-08	1.50607451133e-06
1.74701780529e-08	1.19669914511e-06
1.74899183671e-08	9.45657689044e-07
1.75096586812e-08	6.77114513792e-07
1.75293989954e-08	3.00136179021e-07
1.75491393096e-08	-2.51546595109e-07
1.75688796238e-08	-9.87059877389e-07
1.7588619938e-08	-1.84386169622e-06
1.76083602522e-08	-2.69592908353e-06
1.76281005663e-08	-3.38226800523e-06
1.76478408805e-08	-3.74770149847e-06
1.76675811947e-08	-3.68393159533e-06
1.76873215089e-08	-3.15961949582e-06
1.77070618231e-08	-2.2320490416e-06
1.77268021373e-08	-1.03687051478e-06
1.77465424515e-08	2.40778945226e-07
1.77662827656e-08	1.40650092817e-06
1.77860230798e-08	2.29848672006e-06
1.7805763394e-08	2.82028395304e-06
1.78255037082e-08	2.95657946481e-06
1.78452440224e-08	2.76806611055e-06
1.78649843366e-08	2.3671919962e-06
1.78847246507e-08	1.88198322348e-06
1.79044649649e-08	1.41828184042e-06
1.79242052791e-08	1.03159641185e-06
1.79439455933e-08	7.16773257636e-07
1.79636859075e-08	4.18337847918e-07
1.79834262217e-08	5.78914498561e-08
1.80031665358e-08	-4.30293994214e-07
1.802290685e-08	-1.06714367121e-06
1.80426471642e-08	-1.81086011253e-06
1.80623874784e-08	-2.55894781276e-06
1.80821277926e-08	-3.17060494126e-06
1.81018681068e-08	-3.50260131654e-06
1.81216084209e-08	-3.44821398812e-06
1.81413487351e-08	-2.96828329738e-06
1.81610890493e-08	-2.10540918033e-06
1.81808293635e-08	-9.77911724931e-07
1.82005696777e-08	2.44879288402e-07
1.82203099919e-08	1.37907261433e-06
1.82400503061e-08	2.2654719487e-06
1.82597906202e-08	2.80180154277e-06
1.82795309344e-08	2.96018447443e-06
1.82992712486e-08	2.78599452486e-06
1.83190115628e-08	2.37871290665e-06
1.8338751877e-08	1.86035140359e-06
1.83584921912e-08	1.34044807965e-06
1.83782325053e-08	8.87369935754e-07
1.83979728195e-08	5.14567005894e-07
1.84177131337e-08	1.85337690084e-07
1.84374534479e-08	-1.65663522012e-07
1.84571937621e-08	-6.01036276748e-07
1.84769340763e-08	-1.14998857725e-06
1.84966743904e-08	-1.78811575324e-06
1.85164147046e-08	-2.43495833274e-06
1.85361550188e-08	-2.97010421946e-06
1.8555895333e-08	-3.26382576077e-06
1.85756356472e-08	-3.21321192587e-06
1.85953759614e-08	-2.77287438166e-06
1.86151162756e-08	-1.97189490336e-06
1.86348565897e-08	-9.11837929607e-07
1.86545969039e-08	2.53423507957e-07
1.86743372181e-08	1.35066437679e-06
1.86940775323e-08	2.22422227125e-06
1.87138178465e-08	2.76785033293e-06
1.87335581607e-08	2.9436477007e-06
1.87532984748e-08	2.78380741747e-06
1.8773038789e-08	2.3756764449e-06
1.87927791032e-08	1.83432501899e-06
1.88125194174e-08	1.27026817154e-06
1.88322597316e-08	7.61389287618e-07
1.88520000458e-08	3.36819113045e-07
1.88717403599e-08	-2.2959176782e-08
1.88914806741e-08	-3.69917842136e-07
1.89112209883e-08	-7.61707127594e-07
1.89309613025e-08	-1.23287526321e-06
1.89507016167e-08	-1.77368082177e-06
1.89704419309e-08	-2.32355034768e-06
1.8990182245e-08	-2.78185780189e-06
1.90099225592e-08	-3.0334033454e-06
1.90296628734e-08	-2.98083637063e-06
1.90494031876e-08	-2.57471992882e-06
1.90691435018e-08	-1.83232396012e-06
1.9088883816e-08	-8.39315219991e-07
1.91086241302e-08	2.65919510412e-07
1.91283644443e-08	1.32136409547e-06
1.91481047585e-08	2.17598085328e-06
1.91678450727e-08	2.7210431881e-06
1.91875853869e-08	2.91022229248e-06
1.92073257011e-08	2.76418541034e-06
1.92270660153e-08	2.35912261815e-06
1.92468063294e-08	1.80278766493e-06
1.92665466436e-08	1.20501977108e-06
1.92862869578e-08	6.50519154988e-07
1.9306027272e-08	1.81142610245e-07
1.93257675862e-08	-2.07407147457e-07
1.93455079004e-08	-5.54149977461e-07
1.93652482145e-08	-9.10462915726e-07
1.93849885287e-08	-1.31372661372e-06
1.94047288429e-08	-1.76589736611e-06
1.94244691571e-08	-2.22406129069e-06
1.94442094713e-08	-2.60643776073e-06
1.94639497855e-08	-2.8127292353e-06
1.94836900996e-08	-2.75286402029e-06
1.95034304138e-08	-2.37551205373e-06
1.9523170728e-08	-1.6879059217e-06
1.95429110422e-08	-7.60982345582e-07
1.95626513564e-08	2.82269638774e-07
1.95823916706e-08	1.2916959804e-06
1.96021319848e-08	2.12201598515e-06
1.96218722989e-08	2.66333074705e-06
1.96416126131e-08	2.86231454538e-06
1.96613529273e-08	2.72934164514e-06
1.96810932415e-08	2.33023104101e-06
1.97008335557e-08	1.76542698682e-06
1.97205738699e-08	1.14298416065e-06
1.9740314184e-08	5.52184133085e-07
1.97600544982e-08	4.50812400743e-08
1.97797948124e-08	-3.69492795471e-07
1.97995351266e-08	-7.18483107676e-07
1.98192754408e-08	-1.04614554175e-06
1.9839015755e-08	-1.39056817261e-06
1.98587560691e-08	-1.76282441089e-06
1.98784963833e-08	-2.13530938709e-06
1.98982366975e-08	-2.4437903221e-06
1.99179770117e-08	-2.60298497778e-06
1.99377173259e-08	-2.53126029293e-06
1.99574576401e-08	-2.17721549234e-06
1.99771979542e-08	-1.54008773734e-06
1.99969382684e-08	-6.77362294255e-07
2.00166785826e-08	3.02759133319e-07
2.00364188968e-08	1.26246925447e-06
2.0056159211e-08	2.06346635423e-06
2.00758995252e-08	2.59613773324e-06
2.00956398394e-08	2.80164465494e-06
2.01153801535e-08	2.68111932655e-06
2.01351204677e-08	2.2904347361e-06
2.01548607819e-08	1.72264668663e-06
2.01746010961e-08	1.08308660174e-06
2.01943414103e-08	4.64097212216e-07
2.02140817245e-08	-7.39902787927e-08
2.02338220386e-08	-5.11171094786e-07
2.02535623528e-08	-8.6340986627e-07
2.0273302667e-08	-1.16774083381e-06
2.02930429812e-08	-1.46155235825e-06
2.03127832954e-08	-1.76259817408e-06
2.03325236096e-08	-2.05614355764e-06
2.03522639237e-08	-2.2938585289e-06
2.03720042379e-08	-2.40504084559e-06
2.03917445521e-08	-2.31744900248e-06
2.04114848663e-08	-1.98147210995e-06
2.04312251805e-08	-1.39022557732e-06
2.04509654947e-08	-5.89333666312e-07
2.04707058089e-08	3.27220973872e-07
2.0490446123e-08	1.23430606891e-06
2.05101864372e-08	2.00157285235e-06
2.05299267514e-08	2.52114591603e-06
2.05496670656e-08	2.73000773632e-06
2.05694073798e-08	2.62105061211e-06
2.0589147694e-08	2.24075097321e-06
2.06088880081e-08	1.67463775824e-06
2.06286283223e-08	1.02459057416e-06
2.06483686365e-08	3.84719513136e-07
2.06681089507e-08	-1.78083823243e-07
2.06878492649e-08	-6.34252131704e-07
2.07075895791e-08	-9.89949171526e-07
2.07273298932e-08	-1.27512635117e-06
2.07470702074e-08	-1.52547789867e-06
2.07668105216e-08	-1.76347384695e-06
2.07865508358e-08	-1.98501766135e-06
2.080629115e-08	-2.15588727315e-06
2.08260314642e-08	-2.2192450615e-06
2.08457717783e-08	-2.11276187656e-06
2.08655120925e-08	-1.79005979817e-06
2.08852524067e-08	-1.24001155655e-06
2.09049927209e-08	-4.979310404e-07
2.09247330351e-08	3.55561056153e-07
2.09444733493e-08	1.207967955e-06
2.09642136635e-08	1.93770677015e-06
2.09839539776e-08	2.43997305915e-06
2.10036942918e-08	2.6489008178e-06
2.1023434606e-08	2.55032171026e-06
2.10431749202e-08	2.18197828872e-06
2.10629152344e-08	1.62168481666e-06
2.10826555486e-08	9.67133445329e-07
2.11023958627e-08	3.12971778271e-07
2.11221361769e-08	-2.68875794518e-07
2.11418764911e-08	-7.40595368143e-07
2.11616168053e-08	-1.09944426185e-06
2.11813571195e-08	-1.36864122169e-06
2.12010974337e-08	-1.58146133344e-06
2.12208377478e-08	-1.76377574235e-06
2.1240578062e-08	-1.92026260493e-06
2.12603183762e-08	-2.02895887469e-06
2.12800586904e-08	-2.04582022434e-06
2.12997990046e-08	-1.91838580577e-06
2.13195393188e-08	-1.60459836707e-06
2.13392796329e-08	-1.09088364297e-06
2.13590199471e-08	-4.04004040888e-07
2.13787602613e-08	3.87579248695e-07
2.13985005755e-08	1.18389118597e-06
2.14182408897e-08	1.87285291986e-06
2.14379812039e-08	2.35395123127e-06
2.14577215181e-08	2.55987481523e-06
2.14774618322e-08	2.47043283252e-06
2.14972021464e-08	2.11511644466e-06
2.15169424606e-08	1.56404740892e-06
2.15366827748e-08	9.10173099555e-07
2.1556423089e-08	2.47642034878e-07
2.15761634032e-08	-3.47842785686e-07
2.15959037173e-08	-8.31593638395e-07
2.16156440315e-08	-1.19295634704e-06
2.16353843457e-08	-1.44867777863e-06
2.16551246599e-08	-1.62921827496e-06
2.16748649741e-08	-1.76257225348e-06
2.16946052883e-08	-1.86056593066e-06
2.17143456024e-08	-1.91191048771e-06
2.17340859166e-08	-1.88425082115e-06
2.17538262308e-08	-1.73478002807e-06
2.1773566545e-08	-1.42643710888e-06
2.17933068592e-08	-9.44546741266e-07
2.18130471734e-08	-3.08945530492e-07
2.18327874875e-08	4.2277363832e-07
2.18525278017e-08	1.16258422622e-06
2.18722681159e-08	1.80823576557e-06
2.18920084301e-08	2.26462327646e-06
2.19117487443e-08	2.46437070928e-06
2.19314890585e-08	2.38247412199e-06
2.19512293727e-08	2.04086222766e-06
2.19709696868e-08	1.50198826532e-06
2.1990710001e-08	8.53457208905e-07
2.20104503152e-08	1.87927412298e-07
2.20301906294e-08	-4.16264356318e-07
2.20499309436e-08	-9.08684256729e-07
2.20696712578e-08	-1.27164611285e-06
2.20894115719e-08	-1.51582821672e-06
2.21091518861e-08	-1.66858825423e-06
2.21288922003e-08	-1.75906188815e-06
2.21486325145e-08	-1.80479884193e-06
2.21683728287e-08	-1.80368721203e-06
2.21881131429e-08	-1.73396387027e-06
2.2207853457e-08	-1.56211910962e-06
2.22275937712e-08	-1.256477276e-06
2.22473340854e-08	-8.0237029465e-07
2.22670743996e-08	-2.14111913976e-07
2.22868147138e-08	4.60368895006e-07
2.2306555028e-08	1.14417554187e-06
2.23262953422e-08	1.74489622395e-06
2.23460356563e-08	2.1735095288e-06
2.23657759705e-08	2.36390349073e-06
2.23855162847e-08	2.28757642162e-06
2.24052565989e-08	1.95984694074e-06
2.24249969131e-08	1.43568377098e-06
2.24447372273e-08	7.96782614998e-07
2.24644775414e-08	1.33244874689e-07
2.24842178556e-08	-4.75152816648e-07
2.25039581698e-08	-9.73215605882e-07
2.2523698484e-08	-1.3368536429e-06
2.25434387982e-08	-1.57092705422e-06
2.25631791124e-08	-1.69953096929e-06
2.25829194265e-08	-1.75241740408e-06
2.26026597407e-08	-1.75174994865e-06
2.26224000549e-08	-1.70328792137e-06
2.26421403691e-08	-1.59457681548e-06
2.26618806833e-08	-1.40064508969e-06
2.26816209975e-08	-1.09543265125e-06
2.27013613116e-08	-6.65260046162e-07
2.27211016258e-08	-1.20332295239e-07
2.274084194e-08	4.99690912648e-07
2.27605822542e-08	1.12836227117e-06
2.27803225684e-08	1.68311191828e-06
2.28000628826e-08	2.08166773064e-06
2.28198031968e-08	2.26009046855e-06
2.28395435109e-08	2.18744276026e-06
2.28592838251e-08	1.87320489431e-06
2.28790241393e-08	1.36532111128e-06
2.28987644535e-08	7.39459920851e-07
2.29185047677e-08	8.24624279971e-08
2.29382450819e-08	-5.25584624711e-07
2.2957985396e-08	-1.02597061868e-06
2.29777257102e-08	-1.38915805792e-06
2.29974660244e-08	-1.61449679581e-06
2.30172063386e-08	-1.72251162667e-06
2.30369466528e-08	-1.7427175294e-06
2.3056686967e-08	-1.70089845142e-06
2.30764272811e-08	-1.60963202234e-06
2.30961675953e-08	-1.46493374586e-06
2.31159079095e-08	-1.24984615013e-06
2.31356482237e-08	-9.43758664107e-07
2.31553885379e-08	-5.34449497991e-07
2.31751288521e-08	-2.9037424909e-08
2.31948691662e-08	5.39886713113e-07
2.32146094804e-08	1.11519170787e-06
2.32343497946e-08	1.62368894507e-06
2.32540901088e-08	1.99023986625e-06
2.3273830423e-08	2.15407010273e-06
2.32935707372e-08	2.08301753446e-06
2.33133110514e-08	1.7817154685e-06
2.33330513655e-08	1.29142398464e-06
2.33527916797e-08	6.81578370632e-07
2.33725319939e-08	3.50740823052e-08
2.33922723081e-08	-5.68674693113e-07
2.34120126223e-08	-1.06834141889e-06
2.34317529365e-08	-1.42973556194e-06
2.34514932506e-08	-1.64715766005e-06
2.34712335648e-08	-1.73749242549e-06
2.3490973879e-08	-1.72949427224e-06
2.35107141932e-08	-1.65159895005e-06
2.35304545074e-08	-1.52213669935e-06
2.35501948216e-08	-1.34459907031e-06
2.35699351357e-08	-1.10945859433e-06
2.35896754499e-08	-8.01488454272e-07
2.36094157641e-08	-4.10363753645e-07
2.36291560783e-08	5.90215289975e-08
2.36488963925e-08	5.80077511358e-07
2.36686367067e-08	1.10408751652e-06
2.36883770208e-08	1.56671518425e-06
2.3708117335e-08	1.90005249578e-06
2.37278576492e-08	2.04718321584e-06
2.37475979634e-08	1.97572308025e-06
2.37673382776e-08	1.68640156062e-06
2.37870785918e-08	1.21439137502e-06
2.3806818906e-08	6.22894646085e-07
2.38265592201e-08	-9.68434044069e-09
2.38462995343e-08	-6.05398639664e-07
2.38660398485e-08	-1.10133316866e-06
2.38857801627e-08	-1.45945591612e-06
2.39055204769e-08	-1.66948223068e-06
2.39252607911e-08	-1.74471631453e-06
2.39450011052e-08	-1.71263661741e-06
2.39647414194e-08	-1.60346604616e-06
2.39844817336e-08	-1.44019662685e-06
2.40042220478e-08	-1.23293409615e-06
2.4023962362e-08	-9.78985497113e-07
2.40437026762e-08	-6.6847340463e-07
2.40634429903e-08	-2.93354602832e-07
2.40831833045e-08	1.430706007e-07
2.41029236187e-08	6.19366574028e-07
2.41226639329e-08	1.09444590635e-06
2.41424042471e-08	1.51225168565e-06
2.41621445613e-08	1.81189085424e-06
2.41818848754e-08	1.94067797565e-06
2.42016251896e-08	1.86680506431e-06
2.42213655038e-08	1.58813429607e-06
2.4241105818e-08	1.13455922701e-06
2.42608461322e-08	5.63255696306e-07
2.42805864464e-08	-5.22692964466e-08
2.43003267606e-08	-6.36463738601e-07
2.43200670747e-08	-1.12584700673e-06
2.43398073889e-08	-1.47931052652e-06
2.43595477031e-08	-1.68235959563e-06
2.43792880173e-08	-1.74464815927e-06
2.43990283315e-08	-1.69202013467e-06
2.44187686457e-08	-1.55584524464e-06
2.44385089598e-08	-1.3630074136e-06
2.4458249274e-08	-1.12930706564e-06
2.44779895882e-08	-8.58226684386e-07
2.44977299024e-08	-5.4490865864e-07
2.45174702166e-08	-1.83769756745e-07
2.45372105308e-08	2.2274632272e-07
2.45569508449e-08	6.57428500972e-07
2.45766911591e-08	1.08596901782e-06
2.45964314733e-08	1.46009938362e-06
2.46161717875e-08	1.72587738234e-06
2.46359121017e-08	1.83518625363e-06
2.46556524159e-08	1.75740052555e-06
2.46753927301e-08	1.48819060541e-06
2.46951330442e-08	1.05281083052e-06
2.47148733584e-08	5.02765971078e-07
2.47346136726e-08	-9.33718737883e-08
2.47543539868e-08	-6.63021495484e-07
2.4774094301e-08	-1.14299683673e-06
2.47938346152e-08	-1.49005893491e-06
2.48135749293e-08	-1.68618612406e-06
2.48333152435e-08	-1.73748469479e-06
2.48530555577e-08	-1.66772252896e-06
2.48727958719e-08	-1.50866878812e-06
2.48925361861e-08	-1.29018428652e-06
2.49122765003e-08	-1.03307962718e-06
2.49320168144e-08	-7.46514956518e-07
2.49517571286e-08	-4.30412427477e-07
2.49714974428e-08	-8.17729031155e-08
2.4991237757e-08	2.97413023986e-07
2.50109780712e-08	6.93524498274e-07
2.50307183854e-08	1.07820955009e-06
2.50504586995e-08	1.41029869383e-06
2.50701990137e-08	1.64251906654e-06
2.50899393279e-08	1.73145951976e-06
2.51096796421e-08	1.64830498761e-06
2.51294199563e-08	1.38730626986e-06
2.51491602705e-08	9.69709219589e-07
2.51689005847e-08	4.4172642788e-07
2.51886408988e-08	-1.3314029701e-07
2.5208381213e-08	-6.85717452598e-07
2.52281215272e-08	-1.15382829335e-06
2.52478618414e-08	-1.49286091755e-06
2.52676021556e-08	-1.68181048821e-06
2.52873424698e-08	-1.72353674088e-06
2.53070827839e-08	-1.63957520272e-06
2.53268230981e-08	-1.46144896007e-06
2.53465634123e-08	-1.22123111623e-06
2.53663037265e-08	-9.43866268699e-07
2.53860440407e-08	-6.43560554181e-07
2.54057843549e-08	-3.24804688034e-07
2.5425524669e-08	1.26796733113e-08
2.54452649832e-08	3.66941108609e-07
2.54650052974e-08	7.27292871261e-07
2.54847456116e-08	1.07070735567e-06
2.55044859258e-08	1.36254885774e-06
2.552422624e-08	1.56189531708e-06
2.55439665541e-08	1.63006779985e-06
2.55637068683e-08	1.54039867084e-06
2.55834471825e-08	1.28638191654e-06
2.56031874967e-08	8.85908889359e-07
2.56229278109e-08	3.80340793527e-07
2.56426681251e-08	-1.71827068129e-07
2.56624084393e-08	-7.05188824668e-07
2.56821487534e-08	-1.15920425969e-06
2.57018890676e-08	-1.48860453919e-06
2.57216293818e-08	-1.67002502849e-06
2.5741369696e-08	-1.70330099536e-06
2.57611100102e-08	-1.60763710255e-06
2.57808503244e-08	-1.41390768249e-06
2.58005906385e-08	-1.1556253412e-06
2.58203309527e-08	-8.61105149852e-07
2.58400712669e-08	-5.48963555502e-07
2.58598115811e-08	-2.27910234685e-07
2.58795518953e-08	9.95743789645e-08
2.58992922095e-08	4.31144627555e-07
2.59190325236e-08	7.58458043038e-07
2.59387728378e-08	1.06316105075e-06
2.5958513152e-08	1.31665717618e-06
2.59782534662e-08	1.48403637468e-06
2.59979937804e-08	1.53135238179e-06
2.60177340946e-08	1.43436449207e-06
2.60374744087e-08	1.18623290746e-06
2.60572147229e-08	8.02098696795e-07
2.60769550371e-08	3.18921749454e-07
2.60966953513e-08	-2.095995697e-07
2.61164356655e-08	-7.22018370425e-07
2.61361759797e-08	-1.15995868555e-06
2.61559162939e-08	-1.47818269625e-06
2.6175656608e-08	-1.65154898468e-06
2.61953969222e-08	-1.67724471112e-06
2.62151372364e-08	-1.57207176699e-06
2.62348775506e-08	-1.36585862265e-06
2.62546178648e-08	-1.09292392381e-06
2.6274358179e-08	-7.84235993478e-07
2.62940984931e-08	-4.6222530159e-07
2.63138388073e-08	-1.39428919965e-07
2.63335791215e-08	1.78937064277e-07
2.63533194357e-08	4.89833723805e-07
2.63730597499e-08	7.86733721725e-07
2.63928000641e-08	1.05532200223e-06
2.64125403782e-08	1.27247415094e-06
2.64322806924e-08	1.40899800272e-06
2.64520210066e-08	1.43560635024e-06
2.64717613208e-08	1.33067379693e-06
2.6491501635e-08	1.08747883587e-06
2.65112419492e-08	7.18864242799e-07
2.65309822634e-08	2.57847148077e-07
2.65507225775e-08	-2.46450539976e-07
2.65704628917e-08	-7.36620876296e-07
2.65902032059e-08	-1.15682786372e-06
2.66099435201e-08	-1.46246139821e-06
2.66296838343e-08	-1.62719544505e-06
2.66494241485e-08	-1.64590250051e-06
2.66691644626e-08	-1.53306802986e-06
2.66889047768e-08	-1.31713602514e-06
2.6708645091e-08	-1.0326955362e-06
2.67283854052e-08	-7.12730127361e-07
2.67481257194e-08	-3.82851979452e-07
2.67678660336e-08	-5.90580739868e-08
2.67876063477e-08	2.50834773396e-07
2.68073466619e-08	5.42902796496e-07
2.68270869761e-08	8.11906488707e-07
2.68468272903e-08	1.04698267478e-06
2.68665676045e-08	1.22988882367e-06
2.68863079187e-08	1.33677366421e-06
2.69060482328e-08	1.34298659304e-06
2.6925788547e-08	1.22969669292e-06
2.69455288612e-08	9.90645673937e-07
2.69652691754e-08	6.3680306539e-07
2.69850094896e-08	1.97554008707e-07
2.70047498038e-08	-2.82312655031e-07
2.7024490118e-08	-7.49374294173e-07
2.70442304321e-08	-1.15055911465e-06
2.70639707463e-08	-1.4423036987e-06
2.70837110605e-08	-1.59766369734e-06
2.71034513747e-08	-1.60972012964e-06
2.71231916889e-08	-1.49078130107e-06
2.71429320031e-08	-1.26767912434e-06
2.71626723172e-08	-9.74719341684e-07
2.71824126314e-08	-6.46200589927e-07
2.72021529456e-08	-3.10353200916e-07
2.72218932598e-08	1.37011637591e-08
2.7241633574e-08	3.15574368415e-07
2.72613738882e-08	5.90321775462e-07
2.72811142023e-08	8.33688375224e-07
2.73008545165e-08	1.03775198568e-06
2.73205948307e-08	1.18866887533e-06
2.73403351449e-08	1.26746471096e-06
2.73600754591e-08	1.2538312717e-06
2.73798157733e-08	1.13186109729e-06
2.73995560874e-08	8.96111998827e-07
2.74192964016e-08	5.56177582212e-07
2.74390367158e-08	1.38245141557e-07
2.745877703e-08	-3.170525531e-07
2.74785173442e-08	-7.60334927463e-07
2.74982576584e-08	-1.14151856678e-06
2.75179979726e-08	-1.41844338941e-06
2.75377382867e-08	-1.56388034611e-06
2.75574786009e-08	-1.56946146035e-06
2.75772189151e-08	-1.44552973325e-06
2.75969592293e-08	-1.21730772662e-06
2.76166995435e-08	-9.1849835826e-07
2.76364398577e-08	-5.84106885526e-07
2.76561801718e-08	-2.44342672318e-07
2.7675920486e-08	7.90527217021e-08
2.76956608002e-08	3.73289793743e-07
2.77154011144e-08	6.32197725281e-07
2.77351414286e-08	8.52091346815e-07
2.77548817428e-08	1.02752613884e-06
2.77746220569e-08	1.14859443556e-06
2.77943623711e-08	1.20086349398e-06
2.78141026853e-08	1.16817767548e-06
2.78338429995e-08	1.03748180891e-06
2.78535833137e-08	8.04377833674e-07
2.78733236279e-08	4.77478664607e-07
2.7893063942e-08	8.01879593837e-08
2.79128042562e-08	-3.50683848183e-07
2.79325445704e-08	-7.69738022655e-07
2.79522848846e-08	-1.13013902592e-06
2.79720251988e-08	-1.39141667432e-06
2.7991765513e-08	-1.52646845208e-06
2.80115058272e-08	-1.52573267087e-06
2.80312461413e-08	-1.39774300578e-06
2.80509864555e-08	-1.16611818157e-06
2.80707267697e-08	-8.63735465373e-07
2.80904670839e-08	-5.25917585037e-07
2.81102073981e-08	-1.84279819848e-07
2.81299477123e-08	1.37372445863e-07
2.81496880264e-08	4.24145298439e-07
2.81694283406e-08	6.68552360139e-07
2.81891686548e-08	8.67091102918e-07
2.8208908969e-08	1.01623055571e-06
2.82286492832e-08	1.1095348782e-06
2.82483895974e-08	1.13683034897e-06
2.82681299115e-08	1.08594821313e-06
2.82878702257e-08	9.46727396922e-07
2.83076105399e-08	7.15876467439e-07
2.83273508541e-08	4.01194810706e-07
2.83470911683e-08	2.37288420024e-08
2.83668314825e-08	-3.83193565767e-07
2.83865717967e-08	-7.77932314122e-07
2.84063121108e-08	-1.11688103743e-06
2.8426052425e-08	-1.36169518328e-06
2.84457927392e-08	-1.48585786519e-06
2.84655330534e-08	-1.47896122371e-06
2.84852733676e-08	-1.34786409944e-06
2.85050136818e-08	-1.11441846684e-06
2.85247539959e-08	-8.10419521713e-07
2.85444943101e-08	-4.71199939511e-07
2.85642346243e-08	-1.2943884542e-07
2.85839749385e-08	1.89319273147e-07
2.86037152527e-08	4.68435032985e-07
2.86234555669e-08	6.99282452388e-07
2.8643195881e-08	8.78383389136e-07
2.86629361952e-08	1.00366725064e-06
2.86826765094e-08	1.07154136231e-06
2.87024168236e-08	1.07553012185e-06
2.87221571378e-08	1.00727129393e-06
2.8741897452e-08	8.59595729708e-07
2.87616377661e-08	6.30570895055e-07
2.87813780803e-08	3.27507677866e-07
2.88011183945e-08	-3.07520089393e-08
2.88208587087e-08	-4.14200300725e-07
2.88405990229e-08	-7.84820230137e-07
2.88603393371e-08	-1.10215910354e-06
2.88800796513e-08	-1.33005846692e-06
2.88998199654e-08	-1.44282211068e-06
2.89195602796e-08	-1.42962653626e-06
2.89393005938e-08	-1.29600584842e-06
2.8959040908e-08	-1.0621051274e-06
2.89787812222e-08	-7.58421094815e-07
2.89985215364e-08	-4.19840489485e-07
2.90182618505e-08	-7.96091690347e-08
2.90380021647e-08	2.35314203678e-07
2.90577424789e-08	5.06696011371e-07
2.90774827931e-08	7.24807193819e-07
2.90972231073e-08	8.86040737669e-07
2.91169634215e-08	9.89556326658e-07
2.91367037356e-08	1.03419631614e-06
2.91564440498e-08	1.01673640529e-06
2.9176184364e-08	9.32262622655e-07
2.91959246782e-08	7.76411496872e-07
2.92156649924e-08	5.48810760392e-07
2.92354053066e-08	2.56604579363e-07
2.92551456207e-08	-8.32280413476e-08
2.92748859349e-08	-4.43737476985e-07
2.92946262491e-08	-7.90433773545e-07
2.93143665633e-08	-1.08609879135e-06
2.93341068775e-08	-1.29680853433e-06
2.93538471917e-08	-1.39789563036e-06
2.93735875059e-08	-1.3783658801e-06
2.939332782e-08	-1.24262930967e-06
2.94130681342e-08	-1.00932948044e-06
2.94328084484e-08	-7.07559706825e-07
2.94525487626e-08	-3.71445253222e-07
2.94722890768e-08	-3.43758657095e-08
2.9492029391e-08	2.75722470633e-07
2.95117697051e-08	5.3924287613e-07
2.95315100193e-08	7.45344777897e-07
2.95512503335e-08	8.90174533197e-07
2.95709906477e-08	9.73840656115e-07
2.95907309619e-08	9.97310678486e-07
2.96104712761e-08	9.60253061066e-07
2.96302115902e-08	8.60837786831e-07
2.96499519044e-08	6.97314021636e-07
2.96696922186e-08	4.70855496815e-07
2.96894325328e-08	1.88715581828e-07
2.9709172847e-08	-1.33579312944e-07
2.97289131612e-08	-4.71801911317e-07
2.97486534753e-08	-7.94873614041e-07
2.97683937895e-08	-1.06882839646e-06
2.97881341037e-08	-1.26219651975e-06
2.98078744179e-08	-1.35152401981e-06
2.98276147321e-08	-1.32572046141e-06
2.98473550463e-08	-1.18824380024e-06
2.98670953605e-08	-9.56323930268e-07
2.98868356746e-08	-6.57690861772e-07
2.99065759888e-08	-3.25606606566e-07
2.9926316303e-08	6.7311258789e-09
2.99460566172e-08	3.10891692834e-07
2.99657969314e-08	5.66278458791e-07
2.99855372456e-08	7.61056384135e-07
3.00052775597e-08	8.90946978416e-07
3.00250178739e-08	9.56651234674e-07
3.00447581881e-08	9.60859239285e-07
3.00644985023e-08	9.05863174694e-07
3.00842388165e-08	7.92724989651e-07
3.01039791307e-08	6.2217446839e-07
3.01237194448e-08	3.96872522401e-07
3.0143459759e-08	1.24228975551e-07
3.01632000732e-08	-1.8145568248e-07
3.01829403874e-08	-4.98319707276e-07
3.02026807016e-08	-7.98353369191e-07
3.02224210158e-08	-1.05075019974e-06
3.024216133e-08	-1.22659275803e-06
3.02619016441e-08	-1.30392885467e-06
3.02816419583e-08	-1.27191526644e-06
3.03013822725e-08	-1.13314075634e-06
3.03211225867e-08	-9.03412967546e-07
3.03408629009e-08	-6.09024567666e-07
3.03606032151e-08	-2.82195387058e-07
3.03803435292e-08	4.42020695601e-08
