% time-domain current integration by openEMS v0.0.36 @Thu Feb  5 18:55:41 2026
% start-coordinates: (0.0367826,0.01775,0) m -> [121,72,7]
% stop-coordinates: (0.0367826,0.0215,0.00227273) m -> [121,77,10]
% t/s	current
7.05011220859e-13	-0
2.04453254049e-11	-0
4.01856395889e-11	-0
5.9925953773e-11	-0
7.9666267957e-11	-0
9.94065821411e-11	-0
1.19146896325e-10	-0
1.38887210509e-10	-0
1.58627524693e-10	-0
1.78367838877e-10	6.17037934719e-35
1.98108153061e-10	1.92541995814e-26
2.17848467245e-10	3.98270210474e-20
2.37588781429e-10	1.44200328897e-15
2.57329095613e-10	1.28893564658e-12
2.77069409797e-10	2.1816515608e-11
2.96809723981e-10	1.66693343157e-11
3.16550038166e-10	-6.13454903195e-12
3.3629035235e-10	-6.00849647814e-11
3.56030666534e-10	-1.66742952779e-10
3.75770980718e-10	-4.13122869247e-10
3.95511294902e-10	-7.54173667961e-10
4.15251609086e-10	-1.14032727705e-09
4.3499192327e-10	-1.45443290744e-09
4.54732237454e-10	-1.28573263147e-09
4.74472551638e-10	-1.62049665353e-10
4.94212865822e-10	2.49823006726e-09
5.13953180006e-10	6.75678890616e-09
5.3369349419e-10	9.80054615241e-09
5.53433808374e-10	4.70768002359e-09
5.73174122558e-10	-1.25609975754e-08
5.92914436742e-10	-5.19480920502e-08
6.12654750926e-10	-1.19773062579e-07
6.3239506511e-10	-2.13773830637e-07
6.52135379294e-10	-3.07634081764e-07
6.71875693478e-10	-3.45703114135e-07
6.91616007662e-10	-2.3246047931e-07
7.11356321846e-10	1.54972980226e-07
7.3109663603e-10	9.30555017931e-07
7.50836950214e-10	2.13632188206e-06
7.70577264398e-10	3.66601057067e-06
7.90317578582e-10	5.20735920873e-06
8.10057892767e-10	6.2471772253e-06
8.29798206951e-10	6.17441764916e-06
8.49538521135e-10	4.48030095868e-06
8.69278835319e-10	1.00137674508e-06
8.89019149503e-10	-3.89473370888e-06
9.08759463687e-10	-9.28920599108e-06
9.28499777871e-10	-1.39131780088e-05
9.48240092055e-10	-1.6531223082e-05
9.67980406239e-10	-1.6370207959e-05
9.87720720423e-10	-1.34139590955e-05
1.00746103461e-09	-8.42796544021e-06
1.02720134879e-09	-2.69483189186e-06
1.04694166298e-09	2.42826467911e-06
1.06668197716e-09	5.94246239416e-06
1.08642229134e-09	7.45866827856e-06
1.10616260553e-09	7.19296212992e-06
1.12590291971e-09	5.75239846512e-06
1.1456432339e-09	3.83782298741e-06
1.16538354808e-09	2.00061617761e-06
1.18512386226e-09	5.33060529051e-07
1.20486417645e-09	-5.02926980062e-07
1.22460449063e-09	-1.16566616271e-06
1.24434480482e-09	-1.51854374053e-06
1.264085119e-09	-1.56682528996e-06
1.28382543318e-09	-1.26454187921e-06
1.30356574737e-09	-5.74420539579e-07
1.32330606155e-09	4.58961721961e-07
1.34304637574e-09	1.66637835264e-06
1.36278668992e-09	2.76913488051e-06
1.3825270041e-09	3.45511807609e-06
1.40226731829e-09	3.48894059243e-06
1.42200763247e-09	2.80953531728e-06
1.44174794666e-09	1.57008526003e-06
1.46148826084e-09	9.61348831652e-08
1.48122857502e-09	-1.22542064673e-06
1.50096888921e-09	-2.08107326216e-06
1.52070920339e-09	-2.33109221881e-06
1.54044951758e-09	-2.0334096007e-06
1.56018983176e-09	-1.39405813115e-06
1.57993014594e-09	-6.64384685933e-07
1.59967046013e-09	-4.41814478336e-08
1.61941077431e-09	3.74106065237e-07
1.6391510885e-09	6.00275427587e-07
1.65889140268e-09	7.00241230334e-07
1.67863171686e-09	7.38961375646e-07
1.69837203105e-09	7.41824294437e-07
1.71811234523e-09	6.8729667646e-07
1.73785265942e-09	5.26363464814e-07
1.7575929736e-09	2.13334857335e-07
1.77733328778e-09	-2.66531969828e-07
1.79707360197e-09	-8.81947755715e-07
1.81681391615e-09	-1.55385362177e-06
1.83655423034e-09	-2.16638431993e-06
1.85629454452e-09	-2.58751674664e-06
1.8760348587e-09	-2.69947781817e-06
1.89577517289e-09	-2.43260365096e-06
1.91551548707e-09	-1.79490882601e-06
1.93525580126e-09	-8.85154861407e-07
1.95499611544e-09	1.20392485314e-07
1.97473642962e-09	1.00919498891e-06
1.99447674381e-09	1.59190221893e-06
2.01421705799e-09	1.75893080723e-06
2.03395737218e-09	1.5131336113e-06
2.05369768636e-09	9.63929323916e-07
2.07343800055e-09	2.85256192001e-07
2.09317831473e-09	-3.44618428016e-07
2.11291862891e-09	-7.96786082446e-07
2.1326589431e-09	-1.01815305698e-06
2.15239925728e-09	-1.02485637399e-06
2.17213957147e-09	-8.71400914093e-07
2.19187988565e-09	-6.14599173332e-07
2.21162019983e-09	-2.90452732088e-07
2.23136051402e-09	8.71690417625e-08
2.2511008282e-09	5.10212998961e-07
2.27084114239e-09	9.54433289735e-07
2.29058145657e-09	1.36570861287e-06
2.31032177075e-09	1.6642711671e-06
2.33006208494e-09	1.76627577275e-06
2.34980239912e-09	1.61489458606e-06
2.36954271331e-09	1.20814854654e-06
2.38928302749e-09	6.10724896433e-07
2.40902334167e-09	-5.67612552516e-08
2.42876365586e-09	-6.49333685487e-07
2.44850397004e-09	-1.03996103462e-06
2.46824428423e-09	-1.15759792152e-06
2.48798459841e-09	-1.00733154795e-06
2.50772491259e-09	-6.65259221933e-07
2.52746522678e-09	-2.5038525564e-07
2.54720554096e-09	1.15301908465e-07
2.56694585515e-09	3.44070173242e-07
2.58668616933e-09	4.04632203299e-07
2.60642648351e-09	3.23223247278e-07
2.6261667977e-09	1.65890668313e-07
2.64590711188e-09	1.06461204297e-08
2.66564742607e-09	-8.01558002195e-08
2.68538774025e-09	-7.87144003311e-08
2.70512805443e-09	2.45298581447e-09
2.72486836862e-09	1.17820320611e-07
2.7446086828e-09	2.05713448054e-07
2.76434899699e-09	2.09626733749e-07
2.78408931117e-09	9.86661561342e-08
2.80382962535e-09	-1.18626054757e-07
2.82356993954e-09	-3.91773596675e-07
2.84331025372e-09	-6.40467249013e-07
2.86305056791e-09	-7.79310482812e-07
2.88279088209e-09	-7.48517834381e-07
2.90253119627e-09	-5.39508846487e-07
2.92227151046e-09	-2.03833621981e-07
2.94201182464e-09	1.60520883696e-07
2.96175213883e-09	4.42317087845e-07
2.98149245301e-09	5.57297255455e-07
3.0012327672e-09	4.78986578401e-07
3.02097308138e-09	2.46739688237e-07
3.04071339556e-09	-5.18913481073e-08
3.06045370975e-09	-3.16007771062e-07
3.08019402393e-09	-4.6780314733e-07
3.09993433812e-09	-4.75517424547e-07
3.1196746523e-09	-3.55509371275e-07
3.13941496648e-09	-1.56424846409e-07
3.15915528067e-09	6.3923700111e-08
3.17889559485e-09	2.57662378544e-07
3.19863590904e-09	3.95368886075e-07
3.21837622322e-09	4.647114622e-07
3.2381165374e-09	4.64726241489e-07
3.25785685159e-09	4.01711020004e-07
3.27759716577e-09	2.88997085818e-07
3.29733747996e-09	1.48211000806e-07
3.31707779414e-09	7.7704322976e-09
3.33681810832e-09	-1.03550028996e-07
3.35655842251e-09	-1.6625821786e-07
3.37629873669e-09	-1.77914643018e-07
3.39603905088e-09	-1.53891051013e-07
3.41577936506e-09	-1.19709000046e-07
3.43551967924e-09	-9.85201538128e-08
3.45525999343e-09	-1.00225925337e-07
3.47500030761e-09	-1.1802156763e-07
3.4947406218e-09	-1.33831079552e-07
3.51448093598e-09	-1.29108755687e-07
3.53422125016e-09	-9.44941263015e-08
3.55396156435e-09	-3.30967395712e-08
3.57370187853e-09	4.34736797672e-08
3.59344219272e-09	1.22747096043e-07
3.6131825069e-09	1.9713149868e-07
3.63292282108e-09	2.63802263589e-07
3.65266313527e-09	3.19328194109e-07
3.67240344945e-09	3.53631634198e-07
3.69214376364e-09	3.48841524556e-07
3.71188407782e-09	2.85632495434e-07
3.731624392e-09	1.54899240101e-07
3.75136470619e-09	-3.14794945666e-08
3.77110502037e-09	-2.377498447e-07
3.79084533456e-09	-4.12640957848e-07
3.81058564874e-09	-5.06610092543e-07
3.83032596292e-09	-4.90798015562e-07
3.85006627711e-09	-3.69301972114e-07
3.86980659129e-09	-1.79125336786e-07
3.88954690548e-09	2.23483986872e-08
3.90928721966e-09	1.77222887032e-07
3.92902753384e-09	2.46320041697e-07
3.94876784803e-09	2.20700243858e-07
3.96850816221e-09	1.22042848716e-07
3.9882484764e-09	-7.11874115211e-09
4.00798879058e-09	-1.18735158594e-07
4.02772910477e-09	-1.74418104848e-07
4.04746941895e-09	-1.55850898409e-07
4.06720973313e-09	-6.82301006805e-08
4.08695004732e-09	6.30021546044e-08
4.1066903615e-09	2.00171427878e-07
4.12643067569e-09	3.03585665051e-07
4.14617098987e-09	3.41736068776e-07
4.16591130405e-09	2.99542705307e-07
4.18565161824e-09	1.83007870191e-07
4.20539193242e-09	1.88719830874e-08
4.22513224661e-09	-1.5141880283e-07
4.24487256079e-09	-2.82777193661e-07
4.26461287497e-09	-3.40013599498e-07
4.28435318916e-09	-3.09604843096e-07
4.30409350334e-09	-2.05198531944e-07
4.32383381753e-09	-6.40319512968e-08
4.34357413171e-09	6.53007603546e-08
4.36331444589e-09	1.39814886779e-07
4.38305476008e-09	1.37593119121e-07
4.40279507426e-09	6.56373089214e-08
4.42253538845e-09	-4.30935855888e-08
4.44227570263e-09	-1.42348042687e-07
4.46201601681e-09	-1.89960175589e-07
4.481756331e-09	-1.63016508736e-07
4.50149664518e-09	-6.50903615451e-08
4.52123695937e-09	7.66466925484e-08
4.54097727355e-09	2.22307818376e-07
4.56071758773e-09	3.33071113801e-07
4.58045790192e-09	3.82338242844e-07
4.6001982161e-09	3.60847167258e-07
4.61993853029e-09	2.75617423995e-07
4.63967884447e-09	1.45172563748e-07
4.65941915865e-09	-5.9006000086e-09
4.67915947284e-09	-1.51257381731e-07
4.69889978702e-09	-2.66002757598e-07
4.71864010121e-09	-3.30008361971e-07
4.73838041539e-09	-3.3209181538e-07
4.75812072957e-09	-2.74123777899e-07
4.77786104376e-09	-1.72731489556e-07
4.79760135794e-09	-5.63382300811e-08
4.81734167213e-09	4.2784694898e-08
4.83708198631e-09	9.91647013393e-08
4.85682230049e-09	1.03179033317e-07
4.87656261468e-09	6.43670645673e-08
4.89630292886e-09	7.24844007038e-09
4.91604324305e-09	-3.86726100032e-08
4.93578355723e-09	-5.03847275013e-08
4.95552387142e-09	-1.94858937874e-08
4.9752641856e-09	4.61073774716e-08
4.99500449978e-09	1.26708201265e-07
5.01474481397e-09	1.98761483716e-07
5.03448512815e-09	2.42295385533e-07
5.05422544234e-09	2.45283303002e-07
5.07396575652e-09	2.04527040637e-07
5.0937060707e-09	1.24541600144e-07
5.11344638489e-09	1.63058899716e-08
5.13318669907e-09	-1.03410165764e-07
5.15292701326e-09	-2.13053525044e-07
5.17266732744e-09	-2.89264676212e-07
5.19240764162e-09	-3.12559819804e-07
5.21214795581e-09	-2.74450371762e-07
5.23188826999e-09	-1.82820159011e-07
5.25162858418e-09	-6.21685600777e-08
5.27136889836e-09	5.28522399179e-08
5.29110921254e-09	1.28949167788e-07
5.31084952673e-09	1.46355830566e-07
5.33058984091e-09	1.06427528124e-07
5.3503301551e-09	3.11798196151e-08
5.37007046928e-09	-4.51836790205e-08
5.38981078346e-09	-8.92671252473e-08
5.40955109765e-09	-8.06420032973e-08
5.42929141183e-09	-1.85383068896e-08
5.44903172602e-09	7.89793972444e-08
5.4687720402e-09	1.82200537324e-07
5.48851235438e-09	2.5988043717e-07
5.50825266857e-09	2.88440872964e-07
5.52799298275e-09	2.57617273292e-07
5.54773329694e-09	1.71792805759e-07
5.56747361112e-09	4.78498769496e-08
5.5872139253e-09	-8.91005456083e-08
5.60695423949e-09	-2.10986172533e-07
5.62669455367e-09	-2.92461152185e-07
5.64643486786e-09	-3.16520015531e-07
5.66617518204e-09	-2.79088169464e-07
5.68591549622e-09	-1.91147165651e-07
5.70565581041e-09	-7.69318191374e-08
5.72539612459e-09	3.22809263764e-08
5.74513643878e-09	1.07498415503e-07
5.76487675296e-09	1.31482607912e-07
5.78461706714e-09	1.04736415096e-07
5.80435738133e-09	4.53718662641e-08
5.82409769551e-09	-1.74983156853e-08
5.8438380097e-09	-5.45191198853e-08
5.86357832388e-09	-4.6885983096e-08
5.88331863807e-09	6.9783512302e-09
5.90305895225e-09	9.12541224807e-08
5.92279926643e-09	1.78790287464e-07
5.94253958062e-09	2.40727274559e-07
5.9622798948e-09	2.55889375467e-07
5.98202020899e-09	2.16718689217e-07
6.00176052317e-09	1.30290231937e-07
6.02150083735e-09	1.50027581469e-08
6.04124115154e-09	-1.05134127182e-07
6.06098146572e-09	-2.06462061669e-07
6.08072177991e-09	-2.70402921387e-07
6.10046209409e-09	-2.86481224521e-07
6.12020240827e-09	-2.53800351402e-07
6.13994272246e-09	-1.81166598168e-07
6.15968303664e-09	-8.56988222608e-08
6.17942335083e-09	1.04179722626e-08
6.19916366501e-09	8.50465013968e-08
6.21890397919e-09	1.22161608829e-07
6.23864429338e-09	1.17025614088e-07
6.25838460756e-09	7.82927003229e-08
6.27812492175e-09	2.56380641162e-08
6.29786523593e-09	-1.6802117031e-08
6.31760555011e-09	-2.90361068522e-08
6.3373458643e-09	-2.61790211731e-09
6.35708617848e-09	5.61074458005e-08
6.37682649267e-09	1.28214892925e-07
6.39656680685e-09	1.88937079315e-07
6.41630712103e-09	2.16190414903e-07
6.43604743522e-09	1.97644183686e-07
6.4557877494e-09	1.3399315435e-07
6.47552806359e-09	3.78440674353e-08
6.49526837777e-09	-7.06397287331e-08
6.51500869195e-09	-1.69339983813e-07
6.53474900614e-09	-2.39200318219e-07
6.55448932032e-09	-2.67694559852e-07
6.57422963451e-09	-2.50686923664e-07
6.59396994869e-09	-1.92966311374e-07
6.61371026287e-09	-1.07561589857e-07
6.63345057706e-09	-1.35727056261e-08
6.65319089124e-09	6.77541294181e-08
6.67293120543e-09	1.18389301917e-07
6.69267151961e-09	1.29010786054e-07
6.71241183379e-09	1.0258775518e-07
6.73215214798e-09	5.41658522479e-08
6.75189246216e-09	6.21623419406e-09
6.77163277635e-09	-1.92191507153e-08
6.79137309053e-09	-8.7612974653e-09
6.81111340471e-09	3.69802819478e-08
6.8308537189e-09	1.03256120099e-07
6.85059403308e-09	1.66344165109e-07
6.87033434727e-09	2.01976035896e-07
6.89007466145e-09	1.9372390625e-07
6.90981497564e-09	1.38273207995e-07
6.92955528982e-09	4.59864324398e-08
6.949295604e-09	-6.28661425139e-08
6.96903591819e-09	-1.64339738262e-07
6.98877623237e-09	-2.37170155515e-07
7.00851654656e-09	-2.6749168569e-07
7.02825686074e-09	-2.51166085263e-07
7.04799717492e-09	-1.93851491304e-07
7.06773748911e-09	-1.09325497988e-07
7.08747780329e-09	-1.65016160736e-08
7.10721811748e-09	6.45746851546e-08
7.12695843166e-09	1.17334202798e-07
7.14669874584e-09	1.33033822181e-07
7.16643906003e-09	1.13537957702e-07
7.18617937421e-09	7.12285981308e-08
7.2059196884e-09	2.54451180126e-08
7.22566000258e-09	-3.83264264769e-09
7.24540031676e-09	-3.05092306974e-09
7.26514063095e-09	2.97468680799e-08
7.28488094513e-09	8.37923010977e-08
7.30462125932e-09	1.39129468835e-07
7.3243615735e-09	1.73587068275e-07
7.34410188768e-09	1.70553136059e-07
7.36384220187e-09	1.24649886857e-07
7.38358251605e-09	4.3380136816e-08
7.40332283024e-09	-5.55376011846e-08
7.42306314442e-09	-1.49788448311e-07
7.4428034586e-09	-2.18843069888e-07
7.46254377279e-09	-2.49030421173e-07
7.48228408697e-09	-2.36116164842e-07
7.50202440116e-09	-1.85264795505e-07
7.52176471534e-09	-1.09011828897e-07
7.54150502952e-09	-2.40984903144e-08
7.56124534371e-09	5.21460350456e-08
7.58098565789e-09	1.05408197726e-07
7.60072597208e-09	1.27519342641e-07
7.62046628626e-09	1.18500608437e-07
7.64020660044e-09	8.67852989472e-08
7.65994691463e-09	4.70940335617e-08
7.67968722881e-09	1.61154556366e-08
7.699427543e-09	7.05789826583e-09
7.71916785718e-09	2.48779965517e-08
7.73890817136e-09	6.40381330186e-08
7.75864848555e-09	1.09906288515e-07
7.77838879973e-09	1.43551375231e-07
7.79812911392e-09	1.48298113345e-07
7.8178694281e-09	1.15663006284e-07
7.83760974229e-09	4.84779825172e-08
7.85735005647e-09	-3.9828108811e-08
7.87709037065e-09	-1.2937667293e-07
7.89683068484e-09	-1.99764215836e-07
7.91657099902e-09	-2.35669716631e-07
7.93631131321e-09	-2.30465317941e-07
7.95605162739e-09	-1.87093448289e-07
7.97579194157e-09	-1.164808765e-07
7.99553225576e-09	-3.4366703261e-08
8.01527256994e-09	4.24673416433e-08
8.03501288413e-09	9.97708227146e-08
8.05475319831e-09	1.28709316982e-07
8.07449351249e-09	1.27672777239e-07
8.09423382668e-09	1.02622962572e-07
8.11397414086e-09	6.56389715914e-08
8.13371445505e-09	3.16479749074e-08
8.15345476923e-09	1.3932049292e-08
8.17319508341e-09	1.9656374306e-08
8.1929353976e-09	4.70020715682e-08
8.21267571178e-09	8.51935908486e-08
8.23241602597e-09	1.17769161534e-07
8.25215634015e-09	1.28171535607e-07
8.27189665433e-09	1.05714590859e-07
8.29163696852e-09	4.97184409198e-08
8.3113772827e-09	-2.97547799732e-08
8.33111759689e-09	-1.1482647011e-07
8.35085791107e-09	-1.85260603303e-07
8.37059822525e-09	-2.24446523589e-07
8.39033853944e-09	-2.23888235951e-07
8.41007885362e-09	-1.84945179171e-07
8.42981916781e-09	-1.17664839649e-07
8.44955948199e-09	-3.75107802597e-08
8.46929979617e-09	3.87751271091e-08
8.48904011036e-09	9.70234736997e-08
8.50878042454e-09	1.28469721972e-07
8.52852073873e-09	1.31233804268e-07
8.54826105291e-09	1.10342355697e-07
8.56800136709e-09	7.62985905567e-08
8.58774168128e-09	4.2318223592e-08
8.60748199546e-09	2.06468993014e-08
8.62722230965e-09	1.87952569064e-08
8.64696262383e-09	3.68453072497e-08
8.66670293801e-09	6.69363231509e-08
8.6864432522e-09	9.54467012093e-08
8.70618356638e-09	1.07425577767e-07
8.72592388057e-09	9.18770055591e-08
8.74566419475e-09	4.60047253625e-08
8.76540450893e-09	-2.32106849296e-08
8.78514482312e-09	-1.00760217947e-07
8.8048851373e-09	-1.68085520613e-07
8.82462545149e-09	-2.08665994705e-07
8.84436576567e-09	-2.12780562947e-07
8.86410607986e-09	-1.79931987532e-07
8.88384639404e-09	-1.18390694581e-07
8.90358670822e-09	-4.23587103171e-08
8.92332702241e-09	3.2084088275e-08
8.94306733659e-09	9.09505644131e-08
8.96280765078e-09	1.25282227259e-07
8.98254796496e-09	1.32588283464e-07
9.00228827914e-09	1.16765221492e-07
9.02202859333e-09	8.67096190404e-08
9.04176890751e-09	5.391062885e-08
9.0615092217e-09	2.94209687723e-08
9.08124953588e-09	2.07645616257e-08
9.10098985006e-09	2.95709803311e-08
9.12073016425e-09	5.07514812398e-08
9.14047047843e-09	7.37467686918e-08
9.16021079262e-09	8.57627426853e-08
9.1799511068e-09	7.61214309364e-08
9.19969142098e-09	4.02927327059e-08
9.21943173517e-09	-1.78958288188e-08
9.23917204935e-09	-8.67957439254e-08
9.25891236354e-09	-1.50165107016e-07
9.27865267772e-09	-1.92011896161e-07
9.2983929919e-09	-2.0138136847e-07
9.31813330609e-09	-1.75477964603e-07
9.33787362027e-09	-1.20190193797e-07
9.35761393446e-09	-4.8055127877e-08
9.37735424864e-09	2.54530370114e-08
9.39709456282e-09	8.60278888126e-08
9.41683487701e-09	1.23839342336e-07
9.43657519119e-09	1.35326345685e-07
9.45631550538e-09	1.23302726251e-07
9.47605581956e-09	9.56241734684e-08
9.49579613374e-09	6.28655811852e-08
9.51553644793e-09	3.55146596576e-08
9.53527676211e-09	2.12217088347e-08
9.5550170763e-09	2.26802150394e-08
9.57475739048e-09	3.67244581412e-08
9.59449770466e-09	5.50670122834e-08
9.61423801885e-09	6.67172059821e-08
9.63397833303e-09	6.15539619275e-08
9.65371864722e-09	3.39954375761e-08
9.6734589614e-09	-1.45068046464e-08
9.69319927558e-09	-7.51580842007e-08
9.71293958977e-09	-1.33991392204e-07
9.73267990395e-09	-1.75911665679e-07
9.75242021814e-09	-1.89272768125e-07
9.77216053232e-09	-1.69428659547e-07
9.79190084651e-09	-1.20080031252e-07
9.81164116069e-09	-5.20536573845e-08
9.83138147487e-09	1.99445295834e-08
9.85112178906e-09	8.14323968257e-08
9.87086210324e-09	1.217961767e-07
9.89060241743e-09	1.36496865366e-07
9.91034273161e-09	1.27448416265e-07
9.93008304579e-09	1.01758061533e-07
9.94982335998e-09	6.93780037864e-08
9.96956367416e-09	4.0343827834e-08
9.98930398835e-09	2.22101999015e-08
1.00090443025e-08	1.81793744503e-08
1.00287846167e-08	2.63072195139e-08
1.00485249309e-08	4.00398185718e-08
1.00682652451e-08	5.00943748705e-08
1.00880055593e-08	4.73447414606e-08
1.01077458734e-08	2.596731008e-08
1.01274861876e-08	-1.41284202115e-08
1.01472265018e-08	-6.65225385887e-08
1.0166966816e-08	-1.19611669902e-07
1.01867071302e-08	-1.59796471166e-07
1.02064474444e-08	-1.75551676307e-07
1.02261877586e-08	-1.61022441603e-07
1.02459280727e-08	-1.17921032938e-07
1.02656683869e-08	-5.5079674155e-08
1.02854087011e-08	1.41300420253e-08
1.03051490153e-08	7.55871099045e-08
1.03248893295e-08	1.18154282802e-07
1.03446296437e-08	1.36239975745e-07
1.03643699578e-08	1.30584638214e-07
1.0384110272e-08	1.07286766138e-07
1.04038505862e-08	7.5589895232e-08
1.04235909004e-08	4.51665229662e-08
1.04433312146e-08	2.36057537961e-08
1.04630715288e-08	1.4627858036e-08
1.04828118429e-08	1.73331091702e-08
1.05025521571e-08	2.66200785859e-08
1.05222924713e-08	3.47114053056e-08
1.05420327855e-08	3.35092771309e-08
1.05617730997e-08	1.72593903613e-08
1.05815134139e-08	-1.52265844378e-08
1.06012537281e-08	-5.95435842854e-08
1.06209940422e-08	-1.06376042197e-07
1.06407343564e-08	-1.4386824887e-07
1.06604746706e-08	-1.61058864023e-07
1.06802149848e-08	-1.5130109432e-07
1.0699955299e-08	-1.14499101755e-07
1.07196956132e-08	-5.73766101297e-08
1.07394359273e-08	8.34586000309e-09
1.07591762415e-08	6.92325414775e-08
1.07789165557e-08	1.1378099174e-07
1.07986568699e-08	1.35285887382e-07
1.08183971841e-08	1.33115605649e-07
1.08381374983e-08	1.12194456392e-07
1.08578778124e-08	8.10548144159e-08
1.08776181266e-08	4.91802012448e-08
1.08973584408e-08	2.44248603565e-08
1.0917098755e-08	1.11314406581e-08
1.09368390692e-08	9.30854060499e-09
1.09565793834e-08	1.49516310444e-08
1.09763196975e-08	2.13824371542e-08
1.09960600117e-08	2.13057269605e-08
1.10158003259e-08	9.13257913737e-09
1.10355406401e-08	-1.70152691936e-08
1.10552809543e-08	-5.42201021858e-08
1.10750212685e-08	-9.505474452e-08
1.10947615827e-08	-1.29327716536e-07
1.11145018968e-08	-1.46913279764e-07
1.1134242211e-08	-1.40844505836e-07
1.11539825252e-08	-1.09665904802e-07
1.11737228394e-08	-5.8213821319e-08
1.11934631536e-08	3.50639806079e-09
1.12132034678e-08	6.3017260743e-08
1.12329437819e-08	1.08776049501e-07
1.12526840961e-08	1.33190226848e-07
1.12724244103e-08	1.34323727252e-07
1.12921647245e-08	1.15872893502e-07
1.13119050387e-08	8.55729638261e-08
1.13316453529e-08	5.26666461553e-08
1.1351385667e-08	2.52603342688e-08
1.13711259812e-08	8.29387669654e-09
1.13908662954e-08	2.58008681087e-09
1.14106066096e-08	5.01690644583e-09
1.14303469238e-08	9.80822356667e-09
1.1450087238e-08	1.0344145096e-08
1.14698275521e-08	1.28546384648e-09
1.14895678663e-08	-1.96340064207e-08
1.15093081805e-08	-5.05687722807e-08
1.15290484947e-08	-8.56288195905e-08
1.15487888089e-08	-1.16177936604e-07
1.15685291231e-08	-1.33125297452e-07
1.15882694373e-08	-1.29613354716e-07
1.16080097514e-08	-1.03295583642e-07
1.16277500656e-08	-5.7418471755e-08
1.16474903798e-08	-2.70945654801e-10
1.1667230694e-08	5.69087141855e-08
1.16869710082e-08	1.02947097957e-07
1.17067113224e-08	1.29703934704e-07
1.17264516365e-08	1.34075506253e-07
1.17461919507e-08	1.18441313646e-07
1.17659322649e-08	8.95191405448e-08
1.17856725791e-08	5.61026070045e-08
1.18054128933e-08	2.64457291621e-08
1.18251532075e-08	6.09774852833e-09
1.18448935216e-08	-3.27320193172e-09
1.18646338358e-08	-3.86213505621e-09
1.188437415e-08	-6.58302690137e-10
1.19041144642e-08	2.99575642071e-10
1.19238547784e-08	-6.12693540347e-09
1.19435950926e-08	-2.25055654113e-08
1.19633354067e-08	-4.78318327168e-08
1.19830757209e-08	-7.74802302317e-08
1.20028160351e-08	-1.04191123285e-07
1.20225563493e-08	-1.19927946685e-07
1.20422966635e-08	-1.18174426689e-07
1.20620369777e-08	-9.60304404884e-08
1.20817772919e-08	-5.54423067456e-08
1.2101517606e-08	-3.09098546758e-09
1.21212579202e-08	5.11412103776e-08
1.21409982344e-08	9.67167608223e-08
1.21607385486e-08	1.2524067472e-07
1.21804788628e-08	1.32625004312e-07
1.2200219177e-08	1.19948779798e-07
1.22199594911e-08	9.2792802775e-08
1.22396998053e-08	5.93262150517e-08
1.22594401195e-08	2.78245906316e-08
1.22791804337e-08	4.40386038747e-09
1.22989207479e-08	-8.3885147717e-09
1.23186610621e-08	-1.18151586292e-08
1.23384013762e-08	-1.0089682867e-08
1.23581416904e-08	-8.76564865138e-09
1.23778820046e-08	-1.28705126556e-08
1.23976223188e-08	-2.52725360639e-08
1.2417362633e-08	-4.56730582243e-08
1.24371029472e-08	-7.0466164459e-08
1.24568432614e-08	-9.35207182806e-08
1.24765835755e-08	-1.07740092403e-07
1.24963238897e-08	-1.07042460229e-07
1.25160642039e-08	-8.82585240447e-08
1.25358045181e-08	-5.23812389019e-08
1.25555448323e-08	-4.72829242426e-09
1.25752851465e-08	4.61406948205e-08
1.25950254606e-08	9.05169770249e-08
1.26147657748e-08	1.20060519748e-07
1.2634506089e-08	1.29983376951e-07
1.26542464032e-08	1.20204063592e-07
1.26739867174e-08	9.51256993176e-08
1.26937270316e-08	6.21355695785e-08
1.27134673457e-08	2.93449264888e-08
1.27332076599e-08	3.3045046699e-09
1.27529479741e-08	-1.2611990563e-08
1.27726882883e-08	-1.87360349457e-08
1.27924286025e-08	-1.84982571483e-08
1.28121689167e-08	-1.69789746707e-08
1.28319092308e-08	-1.91063893595e-08
1.2851649545e-08	-2.80250453955e-08
1.28713898592e-08	-4.40463701068e-08
1.28911301734e-08	-6.44236592962e-08
1.29108704876e-08	-8.3985405297e-08
1.29306108018e-08	-9.64745865417e-08
1.2950351116e-08	-9.62860653431e-08
1.29700914301e-08	-8.0169641592e-08
1.29898317443e-08	-4.84375277665e-08
1.30095720585e-08	-5.2836703901e-09
1.30293123727e-08	4.19598116252e-08
1.30490526869e-08	8.45098853119e-08
1.30687930011e-08	1.14336849322e-07
1.30885333152e-08	1.26244756871e-07
1.31082736294e-08	1.19195966874e-07
1.31280139436e-08	9.64507620438e-08
1.31477542578e-08	6.44834017294e-08
1.3167494572e-08	3.10251238034e-08
1.31872348862e-08	2.86535284388e-09
1.32069752003e-08	-1.58992463639e-08
1.32267155145e-08	-2.46690561312e-08
1.32464558287e-08	-2.60321648682e-08
1.32661961429e-08	-2.45328344306e-08
1.32859364571e-08	-2.49691449739e-08
1.33056767713e-08	-3.07492413754e-08
1.33254170854e-08	-4.27674571313e-08
1.33451573996e-08	-5.90654885002e-08
1.33648977138e-08	-7.53220419369e-08
1.3384638028e-08	-8.60243929424e-08
1.34043783422e-08	-8.60199378394e-08
1.34241186564e-08	-7.20657098441e-08
1.34438589706e-08	-4.39737846136e-08
1.34635992847e-08	-5.022089411e-09
1.34833395989e-08	3.854540509e-08
1.35030799131e-08	7.88736969071e-08
1.35228202273e-08	1.08391120079e-07
1.35425605415e-08	1.21731360991e-07
1.35623008557e-08	1.17119910215e-07
1.35820411698e-08	9.67830544596e-08
1.3601781484e-08	6.62403891738e-08
1.36215217982e-08	3.26796261163e-08
1.36412621124e-08	2.93115176575e-09
1.36610024266e-08	-1.8333647489e-08
1.36807427408e-08	-2.96359594643e-08
1.37004830549e-08	-3.26866391731e-08
1.37202233691e-08	-3.14233119525e-08
1.37399636833e-08	-3.04497760339e-08
1.37597039975e-08	-3.34073817498e-08
1.37794443117e-08	-4.17524361751e-08
1.37991846259e-08	-5.42736238174e-08
1.381892494e-08	-6.74275568713e-08
1.38386652542e-08	-7.63615588539e-08
1.38584055684e-08	-7.63303305007e-08
1.38781458826e-08	-6.413326048e-08
1.38978861968e-08	-3.92104908542e-08
1.3917626511e-08	-4.10296685516e-09
1.39373668252e-08	3.58797009881e-08
1.39571071393e-08	7.37525098771e-08
1.39768474535e-08	1.02477130781e-07
1.39965877677e-08	1.16700441311e-07
1.40163280819e-08	1.14127765016e-07
1.40360683961e-08	9.61128989729e-08
1.40558087103e-08	6.72560744874e-08
1.40755490244e-08	3.41058985498e-08
1.40952893386e-08	3.34877792163e-09
1.41150296528e-08	-1.9959157882e-08
1.4134769967e-08	-3.3582185921e-08
1.41545102812e-08	-3.8374768252e-08
1.41742505954e-08	-3.75990225621e-08
1.41939909095e-08	-3.556416317e-08
1.42137312237e-08	-3.60533256583e-08
1.42334715379e-08	-4.10339247026e-08
1.42532118521e-08	-5.00165633355e-08
1.42729521663e-08	-6.02114980097e-08
1.42926924805e-08	-6.73910491855e-08
1.43124327947e-08	-6.71831799082e-08
1.43321731088e-08	-5.64358408894e-08
1.4351913423e-08	-3.4290081885e-08
1.43716537372e-08	-2.6826691979e-09
1.43913940514e-08	3.3866406568e-08
1.44111343656e-08	6.91575934297e-08
1.44308746798e-08	9.67113606976e-08
1.44506149939e-08	1.11325711316e-07
1.44703553081e-08	1.10383609808e-07
1.44900956223e-08	9.45347480297e-08
1.45098359365e-08	6.75298466035e-08
1.45295762507e-08	3.522012193e-08
1.45493165649e-08	3.99529787032e-09
1.4569056879e-08	-2.08859010087e-08
1.45887971932e-08	-3.65683021641e-08
1.46085375074e-08	-4.30998099432e-08
1.46282778216e-08	-4.30310294064e-08
1.46480181358e-08	-4.02834174906e-08
1.466775845e-08	-3.86800067531e-08
1.46874987641e-08	-4.06170634903e-08
1.47072390783e-08	-4.62817197899e-08
1.47269793925e-08	-5.36208162316e-08
1.47467197067e-08	-5.90283448787e-08
1.47664600209e-08	-5.85103592243e-08
1.47862003351e-08	-4.89799951708e-08
1.48059406493e-08	-2.93219013514e-08
1.48256809634e-08	-9.41689504153e-10
1.48454212776e-08	3.23383133605e-08
1.48651615918e-08	6.50266898106e-08
1.4884901906e-08	9.11827555683e-08
1.49046422202e-08	1.05817420604e-07
1.49243825344e-08	1.06125817467e-07
1.49441228485e-08	9.22110388046e-08
1.49638631627e-08	6.70855229146e-08
1.49836034769e-08	3.59161482777e-08
1.50033437911e-08	4.69804772862e-09
1.50230841053e-08	-2.12725463911e-08
1.50428244195e-08	-3.86843268529e-08
1.50625647336e-08	-4.68742520354e-08
1.50823050478e-08	-4.76793537985e-08
1.5102045362e-08	-4.45520669246e-08
1.51217856762e-08	-4.12392466842e-08
1.51415259904e-08	-4.04666486986e-08
1.51612663046e-08	-4.30398863216e-08
1.51810066187e-08	-4.76265533678e-08
1.52007469329e-08	-5.12492732696e-08
1.52204872471e-08	-5.0306745436e-08
1.52402275613e-08	-4.17965893007e-08
1.52599678755e-08	-2.43773463637e-08
1.52797081897e-08	1.02226072052e-09
1.52994485039e-08	3.12055234986e-08
1.5319188818e-08	6.13206481148e-08
1.53389291322e-08	8.59334789993e-08
1.53586694464e-08	1.00299857309e-07
1.53784097606e-08	1.01521969498e-07
1.53981500748e-08	8.92873117664e-08
1.5417890389e-08	6.59861854047e-08
1.54376307031e-08	3.61474334909e-08
1.54573710173e-08	5.32434007994e-09
1.54771113315e-08	-2.12775361774e-08
1.54968516457e-08	-4.0047744676e-08
1.55165919599e-08	-4.97346306361e-08
1.55363322741e-08	-5.15042444249e-08
1.55560725882e-08	-4.82915680777e-08
1.55758129024e-08	-4.36601652609e-08
1.55955532166e-08	-4.05468192355e-08
1.56152935308e-08	-4.02901001451e-08
1.5635033845e-08	-4.22417407719e-08
1.56547741592e-08	-4.40598562079e-08
1.56745144733e-08	-4.25663557735e-08
1.56942547875e-08	-3.48799709116e-08
1.57139951017e-08	-1.94729103953e-08
1.57337354159e-08	3.15937431772e-09
1.57534757301e-08	3.03960412396e-08
1.57732160443e-08	5.79774521725e-08
1.57929563585e-08	8.09511817579e-08
1.58126966726e-08	9.48329770267e-08
1.58324369868e-08	9.66949968983e-08
1.5852177301e-08	8.59073381321e-08
1.58719176152e-08	6.43362128017e-08
1.58916579294e-08	3.59325760257e-08
1.59113982436e-08	5.79735637274e-09
1.59311385577e-08	-2.10384403232e-08
1.59508788719e-08	-4.0796440004e-08
1.59706191861e-08	-5.17648715004e-08
1.59903595003e-08	-5.45128173712e-08
1.60100998145e-08	-5.14487474845e-08
1.60298401287e-08	-4.58690507799e-08
1.60495804428e-08	-4.08004936503e-08
1.6069320757e-08	-3.80062985528e-08
1.60890610712e-08	-3.74625699351e-08
1.61088013854e-08	-3.74617812327e-08
1.61285416996e-08	-3.52875879628e-08
1.61482820138e-08	-2.82324137402e-08
1.6168022328e-08	-1.46289726999e-08
1.61877626421e-08	5.42342659671e-09
1.62075029563e-08	2.98465678839e-08
1.62272432705e-08	5.49434666652e-08
1.62469835847e-08	7.62219372064e-08
1.62667238989e-08	8.94610536761e-08
1.62864642131e-08	9.17431179914e-08
1.63062045272e-08	8.21935230988e-08
1.63259448414e-08	6.22389606519e-08
1.63456851556e-08	3.5314126734e-08
1.63654254698e-08	6.07848793521e-09
1.6385165784e-08	-2.06639647615e-08
1.64049060982e-08	-4.1068847878e-08
1.64246464123e-08	-5.30796278042e-08
1.64443867265e-08	-5.67536702079e-08
1.64641270407e-08	-5.39957305534e-08
1.64838673549e-08	-4.77851358482e-08
1.65036076691e-08	-4.11372944598e-08
1.65233479833e-08	-3.61266749849e-08
1.65430882974e-08	-3.32722507324e-08
1.65628286116e-08	-3.14728083595e-08
1.65825689258e-08	-2.85010095524e-08
1.660230924e-08	-2.18805809027e-08
1.66220495542e-08	-9.86635395606e-09
1.66417898684e-08	7.79052822253e-09
1.66615301826e-08	2.95255659921e-08
1.66812704967e-08	5.21862375535e-08
1.67010108109e-08	7.17319466048e-08
1.67207511251e-08	8.42081391284e-08
1.67404914393e-08	8.67337845989e-08
1.67602317535e-08	7.82414844025e-08
1.67799720677e-08	5.97854921125e-08
1.67997123818e-08	3.4343152322e-08
1.6819452696e-08	6.15540152182e-09
1.68391930102e-08	-2.02306349451e-08
1.68589333244e-08	-4.09803995183e-08
1.68786736386e-08	-5.37919682131e-08
1.68984139528e-08	-5.82961128259e-08
1.69181542669e-08	-5.59346204909e-08
1.69378945811e-08	-4.93482339436e-08
1.69576348953e-08	-4.14667162829e-08
1.69773752095e-08	-3.45732082963e-08
1.69971155237e-08	-2.96351334583e-08
1.70168558379e-08	-2.61058019646e-08
1.7036596152e-08	-2.22474216827e-08
1.70563364662e-08	-1.58654085425e-08
1.70760767804e-08	-5.2094644154e-09
1.70958170946e-08	1.02512931477e-08
1.71155574088e-08	2.94245499077e-08
1.7135297723e-08	4.96896355173e-08
1.71550380372e-08	6.74637732345e-08
1.71747783513e-08	7.90765497527e-08
1.71945186655e-08	8.17066947434e-08
1.72142589797e-08	7.41266177329e-08
1.72339992939e-08	5.70621452312e-08
1.72537396081e-08	3.30798037851e-08
1.72734799223e-08	6.03297012347e-09
1.72932202364e-08	-1.97934646451e-08
1.73129605506e-08	-4.06266487119e-08
1.73327008648e-08	-5.40024380769e-08
1.7352441179e-08	-5.92124074217e-08
1.73721814932e-08	-5.7288211508e-08
1.73919218074e-08	-5.05315860266e-08
1.74116621215e-08	-4.17270058506e-08
1.74314024357e-08	-3.32735687891e-08
1.74511427499e-08	-2.64944564066e-08
1.74708830641e-08	-2.13357012058e-08
1.74906233783e-08	-1.65386868645e-08
1.75103636925e-08	-1.02259303247e-08
1.75301040066e-08	-7.05882241547e-10
1.75498443208e-08	1.27677397543e-08
1.7569584635e-08	2.95244646509e-08
1.75893249492e-08	4.74520760463e-08
1.76090652634e-08	6.3427833652e-08
1.76288055776e-08	7.40842196478e-08
1.76485458918e-08	7.66895240645e-08
1.76682862059e-08	6.98907385299e-08
1.76880265201e-08	5.41233511342e-08
1.77077668343e-08	3.15779828952e-08
1.77275071485e-08	5.74088154792e-09
1.77472474627e-08	-1.93689100314e-08
1.77669877769e-08	-4.00748909613e-08
1.7786728091e-08	-5.38106235126e-08
1.78064684052e-08	-5.95972835526e-08
1.78262087194e-08	-5.81100998431e-08
1.78459490336e-08	-5.13260260959e-08
1.78656893478e-08	-4.18542427383e-08
1.7885429662e-08	-3.21401465442e-08
1.79051699761e-08	-2.37775452661e-08
1.79249102903e-08	-1.71328036203e-08
1.79446506045e-08	-1.13915810118e-08
1.79643909187e-08	-5.00780572565e-09
1.79841312329e-08	3.59628371527e-09
1.80038715471e-08	1.53075347953e-08
1.80236118613e-08	2.98131901388e-08
1.80433521754e-08	4.54745432421e-08
1.80630924896e-08	5.96298619371e-08
1.80828328038e-08	6.92422119641e-08
1.8102573118e-08	7.17053723065e-08
1.81223134322e-08	6.55753282786e-08
1.81420537464e-08	5.10237363471e-08
1.81617940605e-08	2.98863582771e-08
1.81815343747e-08	5.29991162068e-09
1.82012746889e-08	-1.89778877058e-08
1.82210150031e-08	-3.93836572243e-08
1.82407553173e-08	-5.32941868414e-08
1.82604956315e-08	-5.95224385336e-08
1.82802359456e-08	-5.84439661111e-08
1.82999762598e-08	-5.17382119369e-08
1.8319716574e-08	-4.1819006924e-08
1.83394568882e-08	-3.11180166079e-08
1.83591972024e-08	-2.14206856697e-08
1.83789375166e-08	-1.34449571476e-08
1.83986778307e-08	-6.78457379166e-09
1.84184181449e-08	-2.28844748706e-10
1.84381584591e-08	7.6471922128e-09
1.84578987733e-08	1.78122530059e-08
1.84776390875e-08	3.02500851035e-08
1.84973794017e-08	4.37506884055e-08
1.85171197159e-08	5.60950539352e-08
1.853686003e-08	6.45890878559e-08
1.85566003442e-08	6.67881607797e-08
1.85763406584e-08	6.12031598735e-08
1.85960809726e-08	4.77813379973e-08
1.86158212868e-08	2.80282623777e-08
1.8635561601e-08	4.73590588967e-09
1.86553019151e-08	-1.8608822927e-08
1.86750422293e-08	-3.85758021082e-08
1.86947825435e-08	-5.25156700348e-08
1.87145228577e-08	-5.90712758708e-08
1.87342631719e-08	-5.83601149629e-08
1.87540034861e-08	-5.17933145261e-08
1.87737438002e-08	-4.15924574781e-08
1.87934841144e-08	-3.01417415471e-08
1.88132244286e-08	-1.93534841486e-08
1.88329647428e-08	-1.0225160274e-08
1.8852705057e-08	-2.70566058447e-09
1.88724453712e-08	4.09354772302e-09
1.88921856853e-08	1.14133698048e-08
1.89119259995e-08	2.02450074482e-08
1.89316663137e-08	3.0804251594e-08
1.89514066279e-08	4.22619024221e-08
1.89711469421e-08	5.28225321261e-08
1.89908872563e-08	6.01438259196e-08
1.90106275705e-08	6.19734592533e-08
1.90303678846e-08	5.68161979686e-08
1.90501081988e-08	4.4433178914e-08
1.9069848513e-08	2.60264574337e-08
1.90895888272e-08	4.0544740898e-09
1.91093291414e-08	-1.82714785524e-08
1.91290694556e-08	-3.76761590815e-08
1.91488097697e-08	-5.15145650581e-08
1.91685500839e-08	-5.82954839956e-08
1.91882903981e-08	-5.79114427524e-08
1.92080307123e-08	-5.15283034019e-08
1.92277710265e-08	-4.1178697785e-08
1.92475113407e-08	-2.91762702886e-08
1.92672516548e-08	-1.75140968395e-08
1.9286991969e-08	-7.40966443757e-09
1.93067322832e-08	8.84905759779e-10
1.93264725974e-08	7.9603017511e-09
1.93462129116e-08	1.48616292606e-08
1.93659532258e-08	2.2556703172e-08
1.93856935399e-08	3.14328794104e-08
1.94054338541e-08	4.09868192719e-08
1.94251741683e-08	4.98162080476e-08
1.94449144825e-08	5.59304886849e-08
1.94646547967e-08	5.72956118106e-08
1.94843951109e-08	5.24500372023e-08
1.95041354251e-08	4.10088603076e-08
1.95238757392e-08	2.39005402136e-08
1.95436160534e-08	3.26328142286e-09
1.95633563676e-08	-1.7972521249e-08
1.95830966818e-08	-3.6706182982e-08
1.9602836996e-08	-5.03265589202e-08
1.96225773102e-08	-5.72405909338e-08
1.96423176243e-08	-5.71446037156e-08
1.96620579385e-08	-5.09776612034e-08
1.96817982527e-08	-4.05862969899e-08
1.97015385669e-08	-2.81984622319e-08
1.97212788811e-08	-1.5853403923e-08
1.97410191953e-08	-4.94141083607e-09
1.97607595094e-08	4.02968858282e-09
1.97804998236e-08	1.13843494631e-08
1.98002401378e-08	1.7972645594e-08
1.9819980452e-08	2.47080187421e-08
1.98397207662e-08	3.20945794385e-08
1.98594610804e-08	3.9898289117e-08
1.98792013945e-08	4.70706567057e-08
1.98989417087e-08	5.19646548014e-08
1.99186820229e-08	5.27843830866e-08
1.99384223371e-08	4.81400626029e-08
1.99581626513e-08	3.75414828113e-08
1.99779029655e-08	2.16738680336e-08
1.99976432797e-08	2.37078112697e-09
2.00173835938e-08	-1.77207581942e-08
2.0037123908e-08	-3.56903981924e-08
2.00568642222e-08	-4.8986581902e-08
2.00766045364e-08	-5.59457298266e-08
2.00963448506e-08	-5.60955939477e-08
2.01160851648e-08	-5.01677028808e-08
2.01358254789e-08	-3.98259487611e-08
2.01555657931e-08	-2.71982596445e-08
2.01753061073e-08	-1.43403218189e-08
2.01950464215e-08	-2.77451528419e-09
2.02147867357e-08	6.77486999834e-09
2.02345270499e-08	1.43943346131e-08
2.0254267364e-08	2.07456505308e-08
2.02740076782e-08	2.66688893191e-08
2.02937479924e-08	3.27446372239e-08
2.03134883066e-08	3.89572392123e-08
2.03332286208e-08	4.4570214186e-08
2.0352968935e-08	4.82583963901e-08
2.03727092492e-08	4.8472152514e-08
2.03924495633e-08	4.39249632223e-08
2.04121898775e-08	3.4062864529e-08
2.04319301917e-08	1.93654052794e-08
2.04516705059e-08	1.38144962136e-09
2.04714108201e-08	-1.75237548916e-08
2.04911511343e-08	-3.46468951307e-08
2.05108914484e-08	-4.75227679431e-08
2.05306317626e-08	-5.44456533191e-08
2.05503720768e-08	-5.48005729684e-08
2.0570112391e-08	-4.91271698877e-08
2.05898527052e-08	-3.89107199794e-08
2.06095930194e-08	-2.61681876168e-08
2.06293333335e-08	-1.2946663297e-08
2.06490736477e-08	-8.68402794119e-10
2.06688139619e-08	9.16170428411e-09
2.06885542761e-08	1.70183458437e-08
2.07082945903e-08	2.31863772626e-08
2.07280349045e-08	2.84213701462e-08
2.07477752186e-08	3.33487335524e-08
2.07675155328e-08	3.81285119033e-08
2.0787255847e-08	4.2292601421e-08
2.08069961612e-08	4.48119656937e-08
2.08267364754e-08	4.43806946748e-08
2.08464767896e-08	3.98389587986e-08
2.08662171038e-08	3.06075556011e-08
2.08859574179e-08	1.69993121801e-08
2.09056977321e-08	3.04473057877e-10
2.09254380463e-08	-1.73881051779e-08
2.09451783605e-08	-3.35954339903e-08
2.09649186747e-08	-4.59639259986e-08
2.09846589889e-08	-5.27740020573e-08
2.1004399303e-08	-5.32917994178e-08
2.10241396172e-08	-4.78806434501e-08
2.10438799314e-08	-3.785116931e-08
2.10636202456e-08	-2.51016754049e-08
2.10833605598e-08	-1.16507674619e-08
2.1103100874e-08	8.09109890199e-10
2.11228411881e-08	1.12239799677e-08
2.11425815023e-08	1.92836164814e-08
2.11623218165e-08	2.53075587153e-08
2.11820621307e-08	2.99596116804e-08
2.12018024449e-08	3.38841523728e-08
2.12215427591e-08	3.73795927544e-08
2.12412830732e-08	4.02094499918e-08
2.12610233874e-08	4.16133012493e-08
2.12807637016e-08	4.05213711474e-08
2.13005040158e-08	3.59131924199e-08
2.132024433e-08	2.72141598145e-08
2.13399846442e-08	1.46063809936e-08
2.13597249584e-08	-8.48081327387e-10
2.13794652725e-08	-1.73224581346e-08
2.13992055867e-08	-3.25593312311e-08
2.14189459009e-08	-4.43391989791e-08
2.14386862151e-08	-5.09591622233e-08
2.14584265293e-08	-5.15940143941e-08
2.14781668435e-08	-4.64478837614e-08
2.14979071576e-08	-3.66600829693e-08
2.15176474718e-08	-2.39999788931e-08
2.1537387786e-08	-1.04384429989e-08
2.15571281002e-08	2.28647034639e-09
2.15768684144e-08	1.29974040419e-08
2.15966087286e-08	2.12210711226e-08
2.16163490427e-08	2.71248126182e-08
2.16360893569e-08	3.12790930934e-08
2.16558296711e-08	3.43300463612e-08
2.16755699853e-08	3.66832253462e-08
2.16953102995e-08	3.82973155411e-08
2.17150506137e-08	3.86513967499e-08
2.17347909278e-08	3.68989852007e-08
2.1754531242e-08	3.2167235986e-08
2.17742715562e-08	2.39110278244e-08
2.17940118704e-08	1.22150520809e-08
2.18137521846e-08	-2.0572958892e-09
2.18334924988e-08	-1.73242185042e-08
2.1853232813e-08	-3.15542436624e-08
2.18729731271e-08	-4.2678134804e-08
2.18927134413e-08	-4.90353784244e-08
2.19124537555e-08	-4.97371495101e-08
2.19321940697e-08	-4.48486439097e-08
2.19519343839e-08	-3.53446907297e-08
2.19716746981e-08	-2.28589307483e-08
2.19914150122e-08	-9.29585830534e-09
2.20111553264e-08	3.58535867662e-09
2.20308956406e-08	1.45085774506e-08
2.20506359548e-08	2.28572840655e-08
2.2070376269e-08	2.86567765073e-08
2.20901165832e-08	3.2384328108e-08
2.21098568973e-08	3.46744180035e-08
2.21295972115e-08	3.60153933343e-08
2.21493375257e-08	3.65307002426e-08
2.21690778399e-08	3.59097995783e-08
2.21888181541e-08	3.35133023555e-08
2.22085584683e-08	2.86164389962e-08
2.22282987825e-08	2.07235029137e-08
2.22480390966e-08	9.85167059042e-09
2.22677794108e-08	-3.30404525961e-09
2.2287519725e-08	-1.73875296383e-08
2.23072600392e-08	-3.05902965181e-08
2.23270003534e-08	-4.10049096899e-08
2.23467406676e-08	-4.70353676008e-08
2.23664809817e-08	-4.77534030097e-08
2.23862212959e-08	-4.31052740169e-08
2.24059616101e-08	-3.39128796156e-08
2.24257019243e-08	-2.16721804946e-08
2.24454422385e-08	-8.2072677543e-09
2.24651825527e-08	4.72557148967e-09
2.24849228668e-08	1.57781787635e-08
2.2504663181e-08	2.4212067018e-08
2.25244034952e-08	2.99211109223e-08
2.25441438094e-08	3.32860849994e-08
2.25638841236e-08	3.49157467383e-08
2.25836244378e-08	3.53602374048e-08
2.26033647519e-08	3.48838433695e-08
2.26231050661e-08	3.33652252493e-08
2.26428453803e-08	3.03551317415e-08
2.26625856945e-08	2.52720617766e-08
2.26823260087e-08	1.76781114192e-08
2.27020663229e-08	7.54558193705e-09
2.27218066371e-08	-4.56926629866e-09
2.27415469512e-08	-1.75103185285e-08
2.27612872654e-08	-2.96801871968e-08
2.27810275796e-08	-3.93405699128e-08
2.28007678938e-08	-4.4982549241e-08
2.2820508208e-08	-4.5665679238e-08
2.28402485222e-08	-4.12390690485e-08
2.28599888363e-08	-3.23804911773e-08
2.28797291505e-08	-2.04448706853e-08
2.28994694647e-08	-7.16241377319e-09
2.29192097789e-08	5.73169112172e-09
2.29389500931e-08	1.68367133568e-08
2.29586904073e-08	2.53110794546e-08
2.29784307214e-08	3.09309449165e-08
2.29981710356e-08	3.39842785024e-08
2.30179113498e-08	3.50457867171e-08
2.3037651664e-08	3.47067299344e-08
2.30573919782e-08	3.33459517776e-08
2.30771322924e-08	3.10067207465e-08
2.30968726065e-08	2.74149005719e-08
2.31166129207e-08	2.2130334898e-08
2.31363532349e-08	1.47823921992e-08
2.31560935491e-08	5.31677413207e-09
2.31758338633e-08	-5.8274602921e-09
2.31955741775e-08	-1.76741323799e-08
2.32153144917e-08	-2.88235604273e-08
2.32350548058e-08	-3.77059592438e-08
2.325479512e-08	-4.29104716204e-08
2.32745354342e-08	-4.35069331672e-08
2.32942757484e-08	-3.92710468589e-08
2.33140160626e-08	-3.07534833155e-08
2.33337563768e-08	-1.91715283648e-08
2.33534966909e-08	-6.15012485383e-09
2.33732370051e-08	6.61733778884e-09
2.33929773193e-08	1.7701118793e-08
2.34127176335e-08	2.61744990127e-08
2.34324579477e-08	3.17059836163e-08
2.34521982619e-08	3.44921708972e-08
2.3471938576e-08	3.50650566361e-08
2.34916788902e-08	3.4042280106e-08
2.35114192044e-08	3.18970521107e-08
2.35311595186e-08	2.8816007358e-08
2.35508998328e-08	2.46839562124e-08
2.3570640147e-08	1.91941857963e-08
2.35903804611e-08	1.20485719179e-08
2.36101207753e-08	3.18165582769e-09
2.36298610895e-08	-7.06326952482e-09
2.36496014037e-08	-1.78688193131e-08
2.36693417179e-08	-2.80197891556e-08
2.36890820321e-08	-3.61110750191e-08
2.37088223463e-08	-4.08397653473e-08
2.37285626604e-08	-4.13034477731e-08
2.37483029746e-08	-3.7225873939e-08
2.37680432888e-08	-2.90479729159e-08
2.3787783603e-08	-1.78549370844e-08
2.38075239172e-08	-5.1602735418e-09
2.38272642314e-08	7.401950608e-09
2.38470045455e-08	1.83940471743e-08
2.38667448597e-08	2.68233293355e-08
2.38864851739e-08	3.2262207128e-08
2.39062254881e-08	3.48173401221e-08
2.39259658023e-08	3.49726185789e-08
2.39457061165e-08	3.33584502243e-08
2.39654464306e-08	3.05242480181e-08
2.39851867448e-08	2.67803486054e-08
2.4004927059e-08	2.21531699651e-08
2.40246673732e-08	1.64612927733e-08
2.40444076874e-08	9.48143430435e-09
2.40641480016e-08	1.15082754437e-09
2.40838883158e-08	-8.26304802359e-09
2.41036286299e-08	-1.80822485873e-08
2.41233689441e-08	-2.72624909314e-08
2.41431092583e-08	-3.45608306418e-08
2.41628495725e-08	-3.87876326613e-08
2.41825898867e-08	-3.90815309004e-08
2.42023302009e-08	-3.51310092128e-08
2.4222070515e-08	-2.72819953295e-08
2.42418108292e-08	-1.64981539541e-08
2.42615511434e-08	-4.18092716004e-09
2.42812914576e-08	8.10584843691e-09
2.43010317718e-08	1.89364985914e-08
2.4320772086e-08	2.72742841645e-08
2.43405124001e-08	3.26107567616e-08
2.43602527143e-08	3.49678259681e-08
2.43799930285e-08	3.477299515e-08
2.43997333427e-08	3.26539364437e-08
2.44194736569e-08	2.92183486295e-08
2.44392139711e-08	2.48837963568e-08
2.44589542852e-08	1.98068477175e-08
2.44786945994e-08	1.39237670282e-08
2.44984349136e-08	7.08566982865e-09
2.45181752278e-08	-7.61022411755e-10
2.4537915542e-08	-9.40991995435e-09
2.45576558562e-08	-1.83034494228e-08
2.45773961704e-08	-2.65517599018e-08
2.45971364845e-08	-3.30642926372e-08
2.46168767987e-08	-3.67687285063e-08
2.46366171129e-08	-3.68579442522e-08
2.46563574271e-08	-3.30031753037e-08
2.46760977413e-08	-2.54710545988e-08
2.46958380555e-08	-1.51112935498e-08
2.47155783696e-08	-3.21237525469e-09
2.47353186838e-08	8.741727342e-09
2.4755058998e-08	1.93519813507e-08
2.47747993122e-08	2.75534421945e-08
2.47945396264e-08	3.27715028448e-08
2.48142799406e-08	3.49510074216e-08
2.48340202547e-08	3.44623742876e-08
2.48537605689e-08	3.19195514464e-08
2.48735008831e-08	2.79701541928e-08
2.48932411973e-08	2.31198384881e-08
2.49129815115e-08	1.76393903928e-08
2.49327218257e-08	1.15761480401e-08
2.49524621398e-08	4.85733542277e-09
2.4972202454e-08	-2.55228127521e-09
2.49919427682e-08	-1.04947126545e-08
2.50116830824e-08	-1.85190565105e-08
2.50314233966e-08	-2.58764991656e-08
2.50511637108e-08	-3.16214112672e-08
2.5070904025e-08	-3.47961695013e-08
2.50906443391e-08	-3.46550095287e-08
2.51103846533e-08	-3.08652552405e-08
2.51301249675e-08	-2.36304043e-08
2.51498652817e-08	-1.36988420607e-08
2.51696055959e-08	-2.24904228574e-09
2.51893459101e-08	9.32165722389e-09
2.52090862242e-08	1.96560225874e-08
2.52288265384e-08	2.76783609365e-08
2.52485668526e-08	3.27616014317e-08
2.52683071668e-08	3.47804487433e-08
2.5288047481e-08	3.40465682314e-08
2.53077877952e-08	3.1151294877e-08
2.53275281093e-08	2.67680846378e-08
2.53472684235e-08	2.14741682214e-08
2.53670087377e-08	1.56398893836e-08
2.53867490519e-08	9.41400735144e-09
2.54064893661e-08	2.79839751371e-09
2.54262296803e-08	-4.21739265732e-09
2.54459699944e-08	-1.15108651499e-08
2.54657103086e-08	-1.87226447679e-08
2.54854506228e-08	-2.52326142203e-08
2.5505190937e-08	-3.0231479542e-08
2.55249312512e-08	-3.28755369594e-08
2.55446715654e-08	-3.24855307099e-08
2.55644118796e-08	-2.8735218649e-08
2.55841521937e-08	-2.17779199119e-08
2.56038925079e-08	-1.22716539153e-08
2.56236328221e-08	-1.29070110155e-09
2.56433731363e-08	9.8572030538e-09
2.56631134505e-08	1.98673220098e-08
2.56828537647e-08	2.766890006e-08
2.57025940788e-08	3.25973701365e-08
2.5722334393e-08	3.44664279339e-08
2.57420747072e-08	3.3529364174e-08
2.57618150214e-08	3.03468539187e-08
2.57815553356e-08	2.56047396618e-08
2.58012956498e-08	1.99360652431e-08
2.58210359639e-08	1.37974636161e-08
2.58407762781e-08	7.429772797e-09
2.58605165923e-08	9.06771602249e-10
2.58802569065e-08	-5.75257264046e-09
2.58999972207e-08	-1.24511361221e-08
2.59197375349e-08	-1.89072046908e-08
2.59394778491e-08	-2.46156943717e-08
2.59592181632e-08	-2.88948527327e-08
2.59789584774e-08	-3.10124370628e-08
2.59986987916e-08	-3.0359903036e-08
2.60184391058e-08	-2.66270099303e-08
2.603817942e-08	-1.99281373625e-08
2.60579197342e-08	-1.084061374e-08
2.60776600483e-08	-3.40234118656e-10
2.60974003625e-08	1.03556070385e-08
2.61171406767e-08	2.00018313024e-08
2.61368809909e-08	2.75450684484e-08
2.61566213051e-08	3.22971729361e-08
2.61763616193e-08	3.40210561944e-08
2.61961019334e-08	3.29149187905e-08
2.62158422476e-08	2.95034272568e-08
2.62355825618e-08	2.44724951415e-08
2.6255322876e-08	1.84960011751e-08
2.62750631902e-08	1.21024807953e-08
2.62948035044e-08	5.61584023728e-09
2.63145438185e-08	-8.21198498091e-10
2.63342841327e-08	-7.15702741516e-09
2.63540244469e-08	-1.33105357847e-08
2.63737647611e-08	-1.90656237464e-08
2.63935050753e-08	-2.4020069489e-08
2.64132453895e-08	-2.76101506103e-08
2.64329857037e-08	-2.92113035982e-08
2.64527260178e-08	-2.82879835112e-08
2.6472466332e-08	-2.45536071475e-08
2.64922066462e-08	-1.80936989835e-08
2.65119469604e-08	-9.41485911454e-09
2.65316872746e-08	5.99499228038e-10
2.65514275888e-08	1.08218252137e-08
2.65711679029e-08	2.00719743049e-08
2.65909082171e-08	2.73242086735e-08
2.66106485313e-08	3.18785744469e-08
2.66303888455e-08	3.34577627825e-08
2.66501291597e-08	3.22097477579e-08
2.66698694739e-08	2.86201373711e-08
2.6689609788e-08	2.33648247416e-08
2.67093501022e-08	1.71441030261e-08
2.67290904164e-08	1.05447082177e-08
2.67488307306e-08	3.96391008906e-09
2.67685710448e-08	-2.3902100299e-09
2.6788311359e-08	-8.43049363652e-09
2.68080516731e-08	-1.40846028174e-08
2.68277919873e-08	-1.91918161363e-08
2.68475323015e-08	-2.34408599198e-08
2.68672726157e-08	-2.63765933539e-08
2.68870129299e-08	-2.7476040998e-08
2.69067532441e-08	-2.62774033644e-08
2.69264935583e-08	-2.25245173624e-08
2.69462338724e-08	-1.62843267759e-08
2.69659741866e-08	-8.00260124834e-09
2.69857145008e-08	1.5240967377e-09
2.7005454815e-08	1.12572884348e-08
2.70251951292e-08	2.00867731337e-08
2.70449354434e-08	2.70220006371e-08
2.70646757575e-08	3.13603045754e-08
2.70844160717e-08	3.27924887245e-08
2.71041563859e-08	3.14217629693e-08
2.71238967001e-08	2.76954743583e-08
2.71436370143e-08	2.22733653743e-08
2.71633773285e-08	1.58700910191e-08
2.71831176426e-08	9.11566733208e-09
2.72028579568e-08	2.46840503593e-09
2.7222598271e-08	-3.8037790695e-09
2.72423385852e-08	-9.57535739587e-09
2.72620788994e-08	-1.47740513157e-08
2.72818192136e-08	-1.92830160728e-08
2.73015595277e-08	-2.28726815266e-08
2.73212998419e-08	-2.5188711561e-08
2.73410401561e-08	-2.58057841762e-08
2.73607804703e-08	-2.43347724194e-08
2.73805207845e-08	-2.05521519803e-08
2.74002610987e-08	-1.45130512053e-08
2.74200014129e-08	-6.61173915617e-09
2.7439741727e-08	2.43301911951e-09
2.74594820412e-08	1.166789243e-08
2.74792223554e-08	2.00554843843e-08
2.74989626696e-08	2.6648976359e-08
2.75187029838e-08	3.07539202993e-08
2.7538443298e-08	3.20376223328e-08
2.75581836121e-08	3.05621732366e-08
2.75779239263e-08	2.6735529346e-08
2.75976642405e-08	2.1195635469e-08
2.76174045547e-08	1.46631498055e-08
2.76371448689e-08	7.80103892595e-09
2.76568851831e-08	1.11776499168e-09
2.76766254972e-08	-5.06643305087e-09
2.76963658114e-08	-1.05897646208e-08
2.77161061256e-08	-1.53741925857e-08
2.77358464398e-08	-1.93360065737e-08
2.7755586754e-08	-2.23144560607e-08
2.77753270682e-08	-2.40468978063e-08
2.77950673824e-08	-2.42014124296e-08
2.78148076965e-08	-2.2461867033e-08
2.78345480107e-08	-1.86411668324e-08
2.78542883249e-08	-1.27881865097e-08
2.78740286391e-08	-5.25190202438e-09
2.78937689533e-08	3.31981042656e-09
2.79135092675e-08	1.20545919913e-08
2.79332495816e-08	1.99869294448e-08
2.79529898958e-08	2.6219009186e-08
2.797273021e-08	3.00737852399e-08
2.79924705242e-08	3.12046353201e-08
2.80122108384e-08	2.96385103127e-08
2.80319511526e-08	2.57434358275e-08
2.80516914667e-08	2.0130347167e-08
2.80714317809e-08	1.35172220084e-08
2.80911720951e-08	6.59051124785e-09
2.81109124093e-08	-9.9398114739e-11
2.81306527235e-08	-6.18670181751e-09
2.81503930377e-08	-1.14762794823e-08
2.81701333518e-08	-1.58822164309e-08
2.8189873666e-08	-1.93456859421e-08
2.82096139802e-08	-2.17628084442e-08
2.82293542944e-08	-2.29510455085e-08
2.82490946086e-08	-2.26649792268e-08
2.82688349228e-08	-2.06613979259e-08
2.8288575237e-08	-1.67949760765e-08
2.83083155511e-08	-1.11146807313e-08
2.83280558653e-08	-3.93026544643e-09
2.83477961795e-08	4.17795442686e-09
2.83675364937e-08	1.24153718417e-08
2.83872768079e-08	1.9887060887e-08
2.84070171221e-08	2.57454040309e-08
2.84267574362e-08	2.93357018677e-08
2.84464977504e-08	3.03060048168e-08
2.84662380646e-08	2.8656755191e-08
2.84859783788e-08	2.47197586845e-08
2.8505718693e-08	1.90753102203e-08
2.85254590072e-08	1.24287851122e-08
2.85451993213e-08	5.47867928802e-09
2.85649396355e-08	-1.19173937385e-09
2.85846799497e-08	-7.1751844466e-09
2.86044202639e-08	-1.22433485572e-08
2.86241605781e-08	-1.62999960196e-08
2.86439008923e-08	-1.93065066156e-08
2.86636412064e-08	-2.12090931484e-08
2.86833815206e-08	-2.18956728304e-08
2.87031218348e-08	-2.11981401321e-08
2.8722862149e-08	-1.89410549467e-08
2.87426024632e-08	-1.50218717465e-08
2.87623427774e-08	-9.49737977152e-09
2.87820830916e-08	-2.64737320954e-09
2.88018234057e-08	5.00806685011e-09
2.88215637199e-08	1.27498909208e-08
2.88413040341e-08	1.97559053561e-08
2.88610443483e-08	2.5232344214e-08
2.88807846625e-08	2.85507866238e-08
2.89005249767e-08	2.93577713251e-08
2.89202652908e-08	2.76311205027e-08
2.8940005605e-08	2.36704025269e-08
2.89597459192e-08	1.80261992e-08
2.89794862334e-08	1.13872546947e-08
2.89992265476e-08	4.45490044854e-09
2.90189668618e-08	-2.16594209235e-09
2.90387071759e-08	-8.03510502578e-09
2.90584474901e-08	-1.28935297994e-08
2.90781878043e-08	-1.66309170879e-08
2.90979281185e-08	-1.92212983308e-08
2.91176684327e-08	-2.06525356816e-08
2.91374087469e-08	-2.08761221643e-08
2.9157149061e-08	-1.97955625225e-08
2.91768893752e-08	-1.72992749015e-08
2.91966296894e-08	-1.33266606639e-08
2.92163700036e-08	-7.94518228986e-09
2.92361103178e-08	-1.41128175812e-09
2.9255850632e-08	5.80723602539e-09
2.92755909462e-08	1.3061193016e-08
2.92953312603e-08	1.96000602415e-08
2.93150715745e-08	2.46873135268e-08
2.93348118887e-08	2.77265677084e-08
2.93545522029e-08	2.83679568724e-08
2.93742925171e-08	2.65704116487e-08
2.93940328313e-08	2.26027232486e-08
2.94137731454e-08	1.69854601495e-08
2.94335134596e-08	1.03883355251e-08
2.94532537738e-08	3.50935458471e-09
2.9472994088e-08	-3.03324609874e-09
2.94927344022e-08	-8.77497541296e-09
2.95124747164e-08	-1.34309496858e-08
2.95322150305e-08	-1.68755871499e-08
2.95519553447e-08	-1.9089043235e-08
2.95716956589e-08	-2.00917522619e-08
2.95914359731e-08	-1.9890391556e-08
2.96111762873e-08	-1.84548287763e-08
2.96309166015e-08	-1.5734837433e-08
2.96506569157e-08	-1.17111431663e-08
2.96703972298e-08	-6.46330944321e-09
2.9690137544e-08	-2.28650071099e-10
2.97098778582e-08	6.57123511161e-09
2.97296181724e-08	1.33501805166e-08
2.97493584866e-08	1.94253253483e-08
2.97690988008e-08	2.41185258432e-08
2.97888391149e-08	2.68708575391e-08
2.98085794291e-08	2.73434839215e-08
2.98283197433e-08	2.54810696987e-08
2.98480600575e-08	2.15230180345e-08
2.98678003717e-08	1.59573172454e-08
2.98875406859e-08	9.43067401948e-09
2.9907281e-08	2.63405652845e-09
2.99270213142e-08	-3.80589559867e-09
2.99467616284e-08	-9.40595068499e-09
2.99665019426e-08	-1.38612152867e-08
2.99862422568e-08	-1.7033435995e-08
3.0005982571e-08	-1.89063573686e-08
3.00257228851e-08	-1.95243874401e-08
3.00454631993e-08	-1.89387723282e-08
3.00652035135e-08	-1.71773475444e-08
3.00849438277e-08	-1.42476102027e-08
3.01046841419e-08	-1.01737658298e-08
3.01244244561e-08	-5.05135444584e-09
3.01441647703e-08	8.97556251545e-10
3.01639050844e-08	7.29404625588e-09
3.01836453986e-08	1.36121256489e-08
3.02033857128e-08	1.92329316917e-08
3.0223126027e-08	2.35344170818e-08
3.02428663412e-08	2.5996227393e-08
3.02626066554e-08	2.62952255525e-08
3.02823469695e-08	2.43689992629e-08
3.03020872837e-08	2.04320045327e-08
3.03218275979e-08	1.4940443549e-08
3.03415679121e-08	8.51323012085e-09
3.03613082263e-08	1.82708559393e-09
3.03810485405e-08	-4.4891401707e-09
