% time-domain current integration by openEMS v0.0.36 @Thu Feb  5 18:55:41 2026
% start-coordinates: (-0.0383913,-0.02225,0) m -> [27,22,7]
% stop-coordinates: (-0.0383913,-0.0185,0.00227273) m -> [27,27,10]
% t/s	current
7.05011220859e-13	0
2.04453254049e-11	0
4.01856395889e-11	0
5.9925953773e-11	0
7.9666267957e-11	5.53924318728e-28
9.94065821411e-11	-4.76135500343e-20
1.19146896325e-10	-2.21649413233e-14
1.38887210509e-10	-4.02868276933e-12
1.58627524693e-10	4.38030341166e-12
1.78367838877e-10	1.91402119848e-11
1.98108153061e-10	9.0395876548e-12
2.17848467245e-10	-2.47610872778e-12
2.37588781429e-10	-1.6222075766e-11
2.57329095613e-10	-9.24619339426e-11
2.77069409797e-10	-2.09731731982e-10
2.96809723981e-10	-3.94289101369e-10
3.16550038166e-10	-5.98788296724e-10
3.3629035235e-10	-7.21487536381e-10
3.56030666534e-10	-5.17842102532e-10
3.75770980718e-10	1.71293340623e-10
3.95511294902e-10	1.58657775806e-09
4.15251609086e-10	3.59978247211e-09
4.3499192327e-10	5.79152548141e-09
4.54732237454e-10	7.10437131346e-09
4.74472551638e-10	6.13223294366e-09
4.94212865822e-10	9.47979805765e-10
5.13953180006e-10	-1.0373943482e-08
5.3369349419e-10	-2.8783814443e-08
5.53433808374e-10	-5.39586153536e-08
5.73174122558e-10	-8.45667287308e-08
5.92914436742e-10	-1.1494709895e-07
6.12654750926e-10	-1.32603574343e-07
6.3239506511e-10	-1.14159142584e-07
6.52135379294e-10	-2.18417550713e-08
6.71875693478e-10	1.93869368559e-07
6.91616007662e-10	5.81345148021e-07
7.11356321846e-10	1.16299895581e-06
7.3109663603e-10	1.90163586922e-06
7.50836950214e-10	2.67067139248e-06
7.70577264398e-10	3.24705115418e-06
7.90317578582e-10	3.3439919207e-06
8.10057892767e-10	2.68929647973e-06
8.29798206951e-10	1.1340026731e-06
8.49538521135e-10	-1.24622795283e-06
8.69278835319e-10	-4.10562415709e-06
8.89019149503e-10	-6.87462852511e-06
9.08759463687e-10	-8.9024188128e-06
9.28499777871e-10	-9.65539948083e-06
9.48240092055e-10	-8.89860530151e-06
9.67980406239e-10	-6.78677133692e-06
9.87720720423e-10	-3.82255439035e-06
1.00746103461e-09	-6.95179380727e-07
1.02720134879e-09	1.93701066564e-06
1.04694166298e-09	3.63597109754e-06
1.06668197716e-09	4.27766690336e-06
1.08642229134e-09	4.0291129153e-06
1.10616260553e-09	3.23633798871e-06
1.12590291971e-09	2.2823855943e-06
1.1456432339e-09	1.4714205463e-06
1.16538354808e-09	9.72556108536e-07
1.18512386226e-09	8.19794479412e-07
1.20486417645e-09	9.45348631376e-07
1.22460449063e-09	1.22049391393e-06
1.24434480482e-09	1.48517767684e-06
1.264085119e-09	1.56810858698e-06
1.28382543318e-09	1.30910996177e-06
1.30356574737e-09	5.94515370267e-07
1.32330606155e-09	-5.99125087319e-07
1.34304637574e-09	-2.16458079194e-06
1.36278668992e-09	-3.85440353057e-06
1.3825270041e-09	-5.31728846909e-06
1.40226731829e-09	-6.18391368334e-06
1.42200763247e-09	-6.17874911768e-06
1.44174794666e-09	-5.22024129168e-06
1.46148826084e-09	-3.4668535136e-06
1.48122857502e-09	-1.28582757952e-06
1.50096888921e-09	8.50109245221e-07
1.52070920339e-09	2.50142102232e-06
1.54044951758e-09	3.38454265147e-06
1.56018983176e-09	3.43642818734e-06
1.57993014594e-09	2.80091671812e-06
1.59967046013e-09	1.7524487248e-06
1.61941077431e-09	5.94322898451e-07
1.6391510885e-09	-4.27917115076e-07
1.65889140268e-09	-1.17074364425e-06
1.67863171686e-09	-1.58935245054e-06
1.69837203105e-09	-1.7025630541e-06
1.71811234523e-09	-1.55002601332e-06
1.73785265942e-09	-1.16336252631e-06
1.7575929736e-09	-5.61963304335e-07
1.77733328778e-09	2.28696620752e-07
1.79707360197e-09	1.14844272048e-06
1.81681391615e-09	2.0817353743e-06
1.83655423034e-09	2.86054819298e-06
1.85629454452e-09	3.29806175614e-06
1.8760348587e-09	3.2458883652e-06
1.89577517289e-09	2.65490257334e-06
1.91551548707e-09	1.61305820257e-06
1.93525580126e-09	3.38250799814e-07
1.95499611544e-09	-8.78067851318e-07
1.97473642962e-09	-1.75933371338e-06
1.99447674381e-09	-2.13136900129e-06
2.01421705799e-09	-1.97376948563e-06
2.03395737218e-09	-1.41511316087e-06
2.05369768636e-09	-6.76028150792e-07
2.07343800055e-09	1.37364919439e-08
2.09317831473e-09	4.89802118864e-07
2.11291862891e-09	6.91353193361e-07
2.1326589431e-09	6.55107896819e-07
2.15239925728e-09	4.75889265772e-07
2.17213957147e-09	2.57229800127e-07
2.19187988565e-09	7.35214626957e-08
2.21162019983e-09	-4.59864715197e-08
2.23136051402e-09	-1.12879902758e-07
2.2511008282e-09	-1.63114123097e-07
2.27084114239e-09	-2.37628910327e-07
2.29058145657e-09	-3.66201277302e-07
2.31032177075e-09	-5.54862367608e-07
2.33006208494e-09	-7.79097547365e-07
2.34980239912e-09	-9.84545408755e-07
2.36954271331e-09	-1.09890504518e-06
2.38928302749e-09	-1.05489971247e-06
2.40902334167e-09	-8.19163687993e-07
2.42876365586e-09	-4.14855122699e-07
2.44850397004e-09	7.41205212762e-08
2.46824428423e-09	5.23897483617e-07
2.48798459841e-09	8.11373695342e-07
2.50772491259e-09	8.59010469867e-07
2.52746522678e-09	6.64420156227e-07
2.54720554096e-09	3.0073721291e-07
2.56694585515e-09	-1.12618081971e-07
2.58668616933e-09	-4.55244332898e-07
2.60642648351e-09	-6.46639648494e-07
2.6261667977e-09	-6.65717493575e-07
2.64590711188e-09	-5.43329406355e-07
2.66564742607e-09	-3.36146484869e-07
2.68538774025e-09	-9.79619798613e-08
2.70512805443e-09	1.37193438832e-07
2.72486836862e-09	3.5486368688e-07
2.7446086828e-09	5.47956688024e-07
2.76434899699e-09	7.03538319158e-07
2.78408931117e-09	7.98316705186e-07
2.80382962535e-09	8.05698221029e-07
2.82356993954e-09	7.09573896529e-07
2.84331025372e-09	5.16223224167e-07
2.86305056791e-09	2.57360795786e-07
2.88279088209e-09	-1.74486505244e-08
2.90253119627e-09	-2.55459042364e-07
2.92227151046e-09	-4.15755408767e-07
2.94201182464e-09	-4.79012499e-07
2.96175213883e-09	-4.49517187917e-07
2.98149245301e-09	-3.50482338263e-07
3.0012327672e-09	-2.15606334564e-07
3.02097308138e-09	-8.01475437129e-08
3.04071339556e-09	2.67049564684e-08
3.06045370975e-09	8.76782735304e-08
3.08019402393e-09	1.00942358472e-07
3.09993433812e-09	8.04944164656e-08
3.1196746523e-09	5.22804946002e-08
3.13941496648e-09	4.56879618582e-08
3.15915528067e-09	8.18776513256e-08
3.17889559485e-09	1.62875338106e-07
3.19863590904e-09	2.6651204621e-07
3.21837622322e-09	3.50984919351e-07
3.2381165374e-09	3.68980437315e-07
3.25785685159e-09	2.86836495889e-07
3.27759716577e-09	1.01412631182e-07
3.29733747996e-09	-1.53006666892e-07
3.31707779414e-09	-4.11877380202e-07
3.33681810832e-09	-6.00171915721e-07
3.35655842251e-09	-6.58131853015e-07
3.37629873669e-09	-5.63556454836e-07
3.39603905088e-09	-3.41798823911e-07
3.41577936506e-09	-5.90145532442e-08
3.43551967924e-09	1.99511049459e-07
3.45525999343e-09	3.58293107183e-07
3.47500030761e-09	3.77053424927e-07
3.4947406218e-09	2.63137650336e-07
3.51448093598e-09	6.65683614898e-08
3.53422125016e-09	-1.39682782674e-07
3.55396156435e-09	-2.85893378305e-07
3.57370187853e-09	-3.28055762111e-07
3.59344219272e-09	-2.58953861021e-07
3.6131825069e-09	-1.05535249872e-07
3.63292282108e-09	8.39841618472e-08
3.65266313527e-09	2.56839939539e-07
3.67240344945e-09	3.70191486354e-07
3.69214376364e-09	3.99972435616e-07
3.71188407782e-09	3.43718880913e-07
3.731624392e-09	2.18805254804e-07
3.75136470619e-09	5.76317269463e-08
3.77110502037e-09	-9.96383917595e-08
3.79084533456e-09	-2.14509896068e-07
3.81058564874e-09	-2.60526547891e-07
3.83032596292e-09	-2.31815974416e-07
3.85006627711e-09	-1.46199823803e-07
3.86980659129e-09	-4.02332531735e-08
3.88954690548e-09	4.35000799826e-08
3.90928721966e-09	7.25899198528e-08
3.92902753384e-09	3.78469771078e-08
3.94876784803e-09	-4.28278070785e-08
3.96850816221e-09	-1.31914816848e-07
3.9882484764e-09	-1.88000882417e-07
4.00798879058e-09	-1.82642210689e-07
4.02772910477e-09	-1.1079256268e-07
4.04746941895e-09	9.33010291249e-09
4.06720973313e-09	1.4564295725e-07
4.08695004732e-09	2.65313985892e-07
4.1066903615e-09	3.44980321643e-07
4.12643067569e-09	3.74089495381e-07
4.14617098987e-09	3.52042718532e-07
4.16591130405e-09	2.83201387674e-07
4.18565161824e-09	1.74163631073e-07
4.20539193242e-09	3.50459110621e-08
4.22513224661e-09	-1.17139840938e-07
4.24487256079e-09	-2.57138481174e-07
4.26461287497e-09	-3.55429705223e-07
4.28435318916e-09	-3.87375479249e-07
4.30409350334e-09	-3.43654932067e-07
4.32383381753e-09	-2.36442787127e-07
4.34357413171e-09	-9.73652660718e-08
4.36331444589e-09	3.28613189993e-08
4.38305476008e-09	1.18922486081e-07
4.40279507426e-09	1.4320120556e-07
4.42253538845e-09	1.10690756117e-07
4.44227570263e-09	4.49893811094e-08
4.46201601681e-09	-2.21108749088e-08
4.481756331e-09	-6.24877500854e-08
4.50149664518e-09	-6.02554663942e-08
4.52123695937e-09	-1.46815555269e-08
4.54097727355e-09	6.19728339757e-08
4.56071758773e-09	1.49329792976e-07
4.58045790192e-09	2.24126097237e-07
4.6001982161e-09	2.64736371491e-07
4.61993853029e-09	2.5517914537e-07
4.63967884447e-09	1.89108845916e-07
4.65941915865e-09	7.33387750529e-08
4.67915947284e-09	-7.08676992645e-08
4.69889978702e-09	-2.10775269238e-07
4.71864010121e-09	-3.10206416998e-07
4.73838041539e-09	-3.40951402222e-07
4.75812072957e-09	-2.93506246862e-07
4.77786104376e-09	-1.82354725098e-07
4.79760135794e-09	-4.26867572401e-08
4.81734167213e-09	8.10846145782e-08
4.83708198631e-09	1.50974287294e-07
4.85682230049e-09	1.49125753524e-07
4.87656261468e-09	8.40255367507e-08
4.89630292886e-09	-1.3226667761e-08
4.91604324305e-09	-1.00927486812e-07
4.93578355723e-09	-1.42142553727e-07
4.95552387142e-09	-1.17495027041e-07
4.9752641856e-09	-3.08956344952e-08
4.99500449978e-09	9.31509518409e-08
5.01474481397e-09	2.18701330823e-07
5.03448512815e-09	3.10046374352e-07
5.05422544234e-09	3.41765144185e-07
5.07396575652e-09	3.04471967638e-07
5.0937060707e-09	2.05567459943e-07
5.11344638489e-09	6.60267716057e-08
5.13318669907e-09	-8.50981152212e-08
5.15292701326e-09	-2.17028741645e-07
5.17266732744e-09	-3.03522938339e-07
5.19240764162e-09	-3.28419275775e-07
5.21214795581e-09	-2.89607214654e-07
5.23188826999e-09	-2.00261297323e-07
5.25162858418e-09	-8.6177848857e-08
5.27136889836e-09	2.09522017514e-08
5.29110921254e-09	9.29107315528e-08
5.31084952673e-09	1.1402582345e-07
5.33058984091e-09	8.64929106115e-08
5.3503301551e-09	2.95115629712e-08
5.37007046928e-09	-2.78819829447e-08
5.38981078346e-09	-5.76839553901e-08
5.40955109765e-09	-4.32713704868e-08
5.42929141183e-09	1.48166572345e-08
5.44903172602e-09	9.97222713295e-08
5.4687720402e-09	1.84968968142e-07
5.48851235438e-09	2.43928241161e-07
5.50825266857e-09	2.5818121685e-07
5.52799298275e-09	2.21970964276e-07
5.54773329694e-09	1.42035560202e-07
5.56747361112e-09	3.41056640707e-08
5.5872139253e-09	-8.17499241634e-08
5.60695423949e-09	-1.85139967357e-07
5.62669455367e-09	-2.58238969764e-07
5.64643486786e-09	-2.88081736244e-07
5.66617518204e-09	-2.68948411986e-07
5.68591549622e-09	-2.04654583058e-07
5.70565581041e-09	-1.09541076654e-07
5.72539612459e-09	-6.56103749108e-09
5.74513643878e-09	7.8251019886e-08
5.76487675296e-09	1.23785667938e-07
5.78461706714e-09	1.21459734714e-07
5.80435738133e-09	7.8998759534e-08
5.82409769551e-09	1.82248403036e-08
5.8438380097e-09	-3.27841007675e-08
5.86357832388e-09	-5.01892678528e-08
5.88331863807e-09	-2.32870931427e-08
5.90305895225e-09	4.17593462032e-08
5.92279926643e-09	1.24592546058e-07
5.94253958062e-09	1.98239192173e-07
5.9622798948e-09	2.3828486917e-07
5.98202020899e-09	2.30155663417e-07
6.00176052317e-09	1.72409627908e-07
6.02150083735e-09	7.58515810162e-08
6.04124115154e-09	-4.02080466699e-08
6.06098146572e-09	-1.52762936523e-07
6.08072177991e-09	-2.39763267018e-07
6.10046209409e-09	-2.84139474616e-07
6.12020240827e-09	-2.77181868569e-07
6.13994272246e-09	-2.20973859655e-07
6.15968303664e-09	-1.29034262386e-07
6.17942335083e-09	-2.4123851361e-08
6.19916366501e-09	6.72193181117e-08
6.21890397919e-09	1.22420971138e-07
6.23864429338e-09	1.30425590328e-07
6.25838460756e-09	9.59815906754e-08
6.27812492175e-09	3.84523737296e-08
6.29786523593e-09	-1.49482843881e-08
6.31760555011e-09	-3.91861583182e-08
6.3373458643e-09	-2.0805542178e-08
6.35708617848e-09	3.70405288663e-08
6.37682649267e-09	1.15848884263e-07
6.39656680685e-09	1.88599926787e-07
6.41630712103e-09	2.29277972608e-07
6.43604743522e-09	2.21398650524e-07
6.4557877494e-09	1.62661820013e-07
6.47552806359e-09	6.46859277253e-08
6.49526837777e-09	-5.12539486408e-08
6.51500869195e-09	-1.6046108442e-07
6.53474900614e-09	-2.40891608883e-07
6.55448932032e-09	-2.77670807236e-07
6.57422963451e-09	-2.65558952606e-07
6.59396994869e-09	-2.09472844404e-07
6.61371026287e-09	-1.23293830256e-07
6.63345057706e-09	-2.70278945891e-08
6.65319089124e-09	5.75545335835e-08
6.67293120543e-09	1.12264373797e-07
6.69267151961e-09	1.27596464949e-07
6.71241183379e-09	1.05875813006e-07
6.73215214798e-09	6.0943314395e-08
6.75189246216e-09	1.38905278391e-08
6.77163277635e-09	-1.40766616141e-08
6.79137309053e-09	-9.21584764058e-09
6.81111340471e-09	2.95981337217e-08
6.8308537189e-09	9.02200341102e-08
6.85059403308e-09	1.5140899734e-07
6.87033434727e-09	1.90241635778e-07
6.89007466145e-09	1.8991994466e-07
6.90981497564e-09	1.45149783748e-07
6.92955528982e-09	6.34070644878e-08
6.949295604e-09	-3.78856483962e-08
6.96903591819e-09	-1.36791896921e-07
6.98877623237e-09	-2.1281020679e-07
7.00851654656e-09	-2.51547589869e-07
7.02825686074e-09	-2.4722140779e-07
7.04799717492e-09	-2.03014025146e-07
7.06773748911e-09	-1.29777802726e-07
7.08747780329e-09	-4.36239275814e-08
7.10721811748e-09	3.73130433218e-08
7.12695843166e-09	9.67025783893e-08
7.14669874584e-09	1.23936132468e-07
7.16643906003e-09	1.17211200745e-07
7.18617937421e-09	8.45495975454e-08
7.2059196884e-09	4.18467216434e-08
7.22566000258e-09	8.01259059102e-09
7.24540031676e-09	-1.48459067262e-09
7.26514063095e-09	1.96058884683e-08
7.28488094513e-09	6.55285461448e-08
7.30462125932e-09	1.20050387409e-07
7.3243615735e-09	1.61947724564e-07
7.34410188768e-09	1.72425089318e-07
7.36384220187e-09	1.41695821299e-07
7.38358251605e-09	7.23276798453e-08
7.40332283024e-09	-2.16658815333e-08
7.42306314442e-09	-1.19326429626e-07
7.4428034586e-09	-1.98962126774e-07
7.46254377279e-09	-2.43879071604e-07
7.48228408697e-09	-2.46042333174e-07
7.50202440116e-09	-2.0711432569e-07
7.52176471534e-09	-1.37194930971e-07
7.54150502952e-09	-5.20544425342e-08
7.56124534371e-09	3.04087492964e-08
7.58098565789e-09	9.39313338222e-08
7.60072597208e-09	1.2744733624e-07
7.62046628626e-09	1.27812569417e-07
7.64020660044e-09	1.00878935427e-07
7.65994691463e-09	6.01819039048e-08
7.67968722881e-09	2.30836807447e-08
7.699427543e-09	5.19997112036e-09
7.71916785718e-09	1.48464840422e-08
7.73890817136e-09	4.96324226162e-08
7.75864848555e-09	9.6731518795e-08
7.77838879973e-09	1.3703746049e-07
7.79812911392e-09	1.51827606487e-07
7.8178694281e-09	1.29479900579e-07
7.83760974229e-09	6.97329269883e-08
7.85735005647e-09	-1.6033594008e-08
7.87709037065e-09	-1.08420152856e-07
7.89683068484e-09	-1.86000292501e-07
7.91657099902e-09	-2.31451778632e-07
7.93631131321e-09	-2.35876257193e-07
7.95605162739e-09	-2.0027853509e-07
7.97579194157e-09	-1.34332466928e-07
7.99553225576e-09	-5.32898773997e-08
8.01527256994e-09	2.58489940563e-08
8.03501288413e-09	8.80440609308e-08
8.05475319831e-09	1.23243481198e-07
8.07449351249e-09	1.28370658103e-07
8.09423382668e-09	1.07930212323e-07
8.11397414086e-09	7.28915239279e-08
8.13371445505e-09	3.77684372665e-08
8.15345476923e-09	1.63436357781e-08
8.17319508341e-09	1.71586140851e-08
8.1929353976e-09	4.02991950921e-08
8.21267571178e-09	7.68338566104e-08
8.23241602597e-09	1.11430750849e-07
8.25215634015e-09	1.27475416889e-07
8.27189665433e-09	1.12952321274e-07
8.29163696852e-09	6.49409912512e-08
8.3113772827e-09	-8.95539287171e-09
8.33111759689e-09	-9.27416081709e-08
8.35085791107e-09	-1.668810512e-07
8.37059822525e-09	-2.14065906334e-07
8.39033853944e-09	-2.23945491484e-07
8.41007885362e-09	-1.95428000893e-07
8.42981916781e-09	-1.3619931849e-07
8.44955948199e-09	-6.00466094625e-08
8.46929979617e-09	1.69279950057e-08
8.48904011036e-09	8.00866715167e-08
8.50878042454e-09	1.19262637099e-07
8.52852073873e-09	1.30575571688e-07
8.54826105291e-09	1.16907330039e-07
8.56800136709e-09	8.69804708259e-08
8.58774168128e-09	5.3070138506e-08
8.60748199546e-09	2.7651950063e-08
8.62722230965e-09	1.96769107674e-08
8.64696262383e-09	3.15409138807e-08
8.66670293801e-09	5.78682310959e-08
8.6864432522e-09	8.6826894119e-08
8.70618356638e-09	1.03848421418e-07
8.72592388057e-09	9.66471986885e-08
8.74566419475e-09	5.98180136535e-08
8.76540450893e-09	-2.71373390426e-09
8.78514482312e-09	-7.83617224442e-08
8.8048851373e-09	-1.49493445178e-07
8.82462545149e-09	-1.9871932011e-07
8.84436576567e-09	-2.13991938836e-07
8.86410607986e-09	-1.91848528175e-07
8.88384639404e-09	-1.3791699871e-07
8.90358670822e-09	-6.48193747566e-08
8.92332702241e-09	1.15698064462e-08
8.94306733659e-09	7.62356222594e-08
8.96280765078e-09	1.18396172866e-07
8.98254796496e-09	1.33484576281e-07
9.00228827914e-09	1.23567176047e-07
9.02202859333e-09	9.63250172958e-08
9.04176890751e-09	6.28707965689e-08
9.0615092217e-09	3.47981199411e-08
9.08124953588e-09	2.099270624e-08
9.10098985006e-09	2.49566056709e-08
9.12073016425e-09	4.34687947859e-08
9.14047047843e-09	6.72401156976e-08
9.16021079262e-09	8.3659145389e-08
9.1799511068e-09	8.09691300674e-08
9.19969142098e-09	5.25643173432e-08
9.21943173517e-09	-1.46356066155e-10
9.23917204935e-09	-6.74558080505e-08
9.25891236354e-09	-1.33911882472e-07
9.27865267772e-09	-1.82897181844e-07
9.2983929919e-09	-2.01645477205e-07
9.31813330609e-09	-1.84987257512e-07
9.33787362027e-09	-1.36627051006e-07
9.35761393446e-09	-6.77123352943e-08
9.37735424864e-09	6.60562315957e-09
9.39709456282e-09	7.13559344945e-08
9.41683487701e-09	1.15376217025e-07
9.43657519119e-09	1.33517417567e-07
9.45631550538e-09	1.27117360194e-07
9.47605581956e-09	1.02941605462e-07
9.49579613374e-09	7.10312519914e-08
9.51553644793e-09	4.19982377764e-08
9.53527676211e-09	2.42713280585e-08
9.5550170763e-09	2.18330153956e-08
9.57475739048e-09	3.30077618571e-08
9.59449770466e-09	5.07639192904e-08
9.61423801885e-09	6.46901057166e-08
9.63397833303e-09	6.42818278607e-08
9.65371864722e-09	4.26327133596e-08
9.6734589614e-09	-7.02452873647e-10
9.69319927558e-09	-5.87940149899e-08
9.71293958977e-09	-1.18869785126e-07
9.73267990395e-09	-1.65925712281e-07
9.75242021814e-09	-1.87237390037e-07
9.77216053232e-09	-1.76238415861e-07
9.79190084651e-09	-1.3446152991e-07
9.81164116069e-09	-7.09555365574e-08
9.83138147487e-09	4.83004192198e-10
9.85112178906e-09	6.52257128309e-08
9.87086210324e-09	1.11588008167e-07
9.89060241743e-09	1.33394692625e-07
9.91034273161e-09	1.3081884731e-07
9.93008304579e-09	1.09547151794e-07
9.94982335998e-09	7.8745074461e-08
9.96956367416e-09	4.84458517747e-08
9.98930398835e-09	2.69515751938e-08
1.00090443025e-08	1.87678583785e-08
1.00287846167e-08	2.34731487581e-08
1.00485249309e-08	3.58352849616e-08
1.00682652451e-08	4.7282224358e-08
1.00880055593e-08	4.85085926982e-08
1.01077458734e-08	3.25982725258e-08
1.01274861876e-08	-2.27806373765e-09
1.01472265018e-08	-5.15642142318e-08
1.0166966816e-08	-1.05031084274e-07
1.01867071302e-08	-1.49463090793e-07
1.02064474444e-08	-1.72539259324e-07
1.02261877586e-08	-1.66640234056e-07
1.02459280727e-08	-1.31280287974e-07
1.02656683869e-08	-7.33448217716e-08
1.02854087011e-08	-5.09280662087e-09
1.03051490153e-08	5.93436517704e-08
1.03248893295e-08	1.07776699565e-07
1.03446296437e-08	1.32915843665e-07
1.03643699578e-08	1.33687478865e-07
1.0384110272e-08	1.14763111014e-07
1.04038505862e-08	8.46698569035e-08
1.04235909004e-08	5.31705275364e-08
1.04433312146e-08	2.86346910627e-08
1.04630715288e-08	1.59963171598e-08
1.04828118429e-08	1.56765871395e-08
1.05025521571e-08	2.36637163198e-08
1.05222924713e-08	3.2748321388e-08
1.05420327855e-08	3.4701226781e-08
1.05617730997e-08	2.29154490938e-08
1.05815134139e-08	-5.1817865554e-09
1.06012537281e-08	-4.67320404596e-08
1.06209940422e-08	-9.36440400778e-08
1.06407343564e-08	-1.34532626817e-07
1.06604746706e-08	-1.57932845468e-07
1.06802149848e-08	-1.55803405733e-07
1.0699955299e-08	-1.26163570258e-07
1.07196956132e-08	-7.39320853427e-08
1.07394359273e-08	-9.66260316204e-09
1.07591762415e-08	5.34064739099e-08
1.07789165557e-08	1.02998548357e-07
1.07986568699e-08	1.30956593125e-07
1.08183971841e-08	1.34993769052e-07
1.08381374983e-08	1.18649950309e-07
1.08578778124e-08	8.96755594226e-08
1.08776181266e-08	5.74883642912e-08
1.08973584408e-08	3.05136858003e-08
1.0917098755e-08	1.40888163358e-08
1.09368390692e-08	9.36173893962e-09
1.09565793834e-08	1.33297515248e-08
1.09763196975e-08	1.99312584215e-08
1.09960600117e-08	2.19332783047e-08
1.10158003259e-08	1.31943229675e-08
1.10355406401e-08	-9.23048304458e-09
1.10552809543e-08	-4.37372449369e-08
1.10750212685e-08	-8.40709404315e-08
1.10947615827e-08	-1.20677512427e-07
1.11145018968e-08	-1.43261274843e-07
1.1134242211e-08	-1.43850769518e-07
1.11539825252e-08	-1.1940564093e-07
1.11737228394e-08	-7.30586577902e-08
1.11934631536e-08	-1.35174929028e-08
1.12132034678e-08	4.72439012356e-08
1.12329437819e-08	9.72544214051e-08
1.12526840961e-08	1.27725883203e-07
1.12724244103e-08	1.35150671099e-07
1.12921647245e-08	1.21745088677e-07
1.13119050387e-08	9.42557605299e-08
1.13316453529e-08	6.16355961824e-08
1.1351385667e-08	3.23996829366e-08
1.13711259812e-08	1.24119745593e-08
1.13908662954e-08	3.62848395774e-09
1.14106066096e-08	3.99966904041e-09
1.14303469238e-08	8.41756353509e-09
1.1450087238e-08	1.04233759401e-08
1.14698275521e-08	4.23942569938e-09
1.14895678663e-08	-1.33341622188e-08
1.15093081805e-08	-4.16389731583e-08
1.15290484947e-08	-7.58976739235e-08
1.15487888089e-08	-1.08157166778e-07
1.15685291231e-08	-1.2931796789e-07
1.15882694373e-08	-1.3175142044e-07
1.16080097514e-08	-1.11743489128e-07
1.16277500656e-08	-7.09582081981e-08
1.16474903798e-08	-1.63561271194e-08
1.1667230694e-08	4.148815691e-08
1.16869710082e-08	9.11933710768e-08
1.17067113224e-08	1.23618519865e-07
1.17264516365e-08	1.34184887202e-07
1.17461919507e-08	1.23778519878e-07
1.17659322649e-08	9.80274208473e-08
1.17856725791e-08	6.53052865118e-08
1.18054128933e-08	3.41651897884e-08
1.18251532075e-08	1.10074998005e-08
1.18448935216e-08	-1.39065314819e-09
1.18646338358e-08	-4.18632772892e-09
1.188437415e-08	-1.67705815901e-09
1.19041144642e-08	2.75336586864e-10
1.19238547784e-08	-3.83505316393e-09
1.19435950926e-08	-1.73820478011e-08
1.19633354067e-08	-4.03931430526e-08
1.19830757209e-08	-6.92179398243e-08
1.20028160351e-08	-9.72283942247e-08
1.20225563493e-08	-1.16457236743e-07
1.20422966635e-08	-1.19816675692e-07
1.20620369777e-08	-1.03300244803e-07
1.20817772919e-08	-6.74924862665e-08
1.2101517606e-08	-1.78354895297e-08
1.21212579202e-08	3.65267673885e-08
1.21409982344e-08	8.50613872672e-08
1.21607385486e-08	1.18629209567e-07
1.21804788628e-08	1.31871431108e-07
1.2200219177e-08	1.24452668615e-07
1.22199594911e-08	1.00809309345e-07
1.22396998053e-08	6.85470951112e-08
1.22594401195e-08	3.60670355803e-08
1.22791804337e-08	1.01895860638e-08
1.22989207479e-08	-5.51843637453e-09
1.23186610621e-08	-1.13103197918e-08
1.23384013762e-08	-1.06803357269e-08
1.23581416904e-08	-8.92831497623e-09
1.23778820046e-08	-1.1326852345e-08
1.23976223188e-08	-2.14005790866e-08
1.2417362633e-08	-3.97379089634e-08
1.24371029472e-08	-6.3611622636e-08
1.24568432614e-08	-8.7515012126e-08
1.24765835755e-08	-1.04519514821e-07
1.24963238897e-08	-1.08161032131e-07
1.25160642039e-08	-9.43867064507e-08
1.25358045181e-08	-6.30083221154e-08
1.25555448323e-08	-1.81836554702e-08
1.25752851465e-08	3.23261524215e-08
1.25950254606e-08	7.89933523038e-08
1.26147657748e-08	1.12968869814e-07
1.2634506089e-08	1.28396393961e-07
1.26542464032e-08	1.23879942748e-07
1.26739867174e-08	1.02646168898e-07
1.26937270316e-08	7.13744512382e-08
1.27134673457e-08	3.8108055378e-08
1.27332076599e-08	9.93428095342e-09
1.27529479741e-08	-8.84319817374e-09
1.27726882883e-08	-1.7544769193e-08
1.27924286025e-08	-1.88109279264e-08
1.28121689167e-08	-1.73608611931e-08
1.28319092308e-08	-1.82583814734e-08
1.2851649545e-08	-2.5207603116e-08
1.28713898592e-08	-3.93308674518e-08
1.28911301734e-08	-5.87124837637e-08
1.29108704876e-08	-7.87976972561e-08
1.29306108018e-08	-9.35520034773e-08
1.2950351116e-08	-9.71005036376e-08
1.29700914301e-08	-8.54624744306e-08
1.29898317443e-08	-5.79161714143e-08
1.30095720585e-08	-1.75871726071e-08
1.30293123727e-08	2.8994300294e-08
1.30490526869e-08	7.33316838364e-08
1.30687930011e-08	1.07055505794e-07
1.30885333152e-08	1.24079591046e-07
1.31082736294e-08	1.22171073258e-07
1.31280139436e-08	1.03436484267e-07
1.31477542578e-08	7.35617859959e-08
1.3167494572e-08	4.00622930385e-08
1.31872348862e-08	1.01094430605e-08
1.32069752003e-08	-1.13811040592e-08
1.32267155145e-08	-2.28339391839e-08
1.32464558287e-08	-2.60088803827e-08
1.32661961429e-08	-2.50028335813e-08
1.32859364571e-08	-2.46456597353e-08
1.33056767713e-08	-2.88121295711e-08
1.33254170854e-08	-3.9133773555e-08
1.33451573996e-08	-5.44316129947e-08
1.33648977138e-08	-7.09844982794e-08
1.3384638028e-08	-8.35265296928e-08
1.34043783422e-08	-8.6714599945e-08
1.34241186564e-08	-7.66996777202e-08
1.34438589706e-08	-5.24062429008e-08
1.34635992847e-08	-1.61594275738e-08
1.34833395989e-08	2.65589701343e-08
1.35030799131e-08	6.82389327267e-08
1.35228202273e-08	1.01112803463e-07
1.35425605415e-08	1.19103319207e-07
1.35623008557e-08	1.19391401654e-07
1.35820411698e-08	1.03117088202e-07
1.3601781484e-08	7.49717514736e-08
1.36215217982e-08	4.18046042228e-08
1.36412621124e-08	1.06645821063e-08
1.36610024266e-08	-1.3100086349e-08
1.36807427408e-08	-2.71096105564e-08
1.37004830549e-08	-3.22375548478e-08
1.37202233691e-08	-3.18902095842e-08
1.37399636833e-08	-3.05856531213e-08
1.37597039975e-08	-3.23113233947e-08
1.37794443117e-08	-3.91696488578e-08
1.37991846259e-08	-5.06832122937e-08
1.381892494e-08	-6.39064410279e-08
1.38386652542e-08	-7.42751709026e-08
1.38584055684e-08	-7.69315846583e-08
1.38781458826e-08	-6.81777407863e-08
1.38978861968e-08	-4.66863383508e-08
1.3917626511e-08	-1.41447937807e-08
1.39373668252e-08	2.4853989089e-08
1.39571071393e-08	6.3706991682e-08
1.39768474535e-08	9.52935153009e-08
1.39965877677e-08	1.13709404559e-07
1.40163280819e-08	1.15764827058e-07
1.40360683961e-08	1.01806556074e-07
1.40558087103e-08	7.55922258122e-08
1.40755490244e-08	4.32256967997e-08
1.40952893386e-08	1.14621370173e-08
1.41150296528e-08	-1.41064377956e-08
1.4134769967e-08	-3.0424612163e-08
1.41545102812e-08	-3.75107909178e-08
1.41742505954e-08	-3.80284141954e-08
1.41939909095e-08	-3.60897693952e-08
1.42137312237e-08	-3.57100056192e-08
1.42334715379e-08	-3.94101213885e-08
1.42532118521e-08	-4.7386080837e-08
1.42729521663e-08	-5.74461225256e-08
1.42926924805e-08	-6.56944081356e-08
1.43124327947e-08	-6.77237892432e-08
1.43321731088e-08	-5.99824190317e-08
1.4351913423e-08	-4.09397280521e-08
1.43716537372e-08	-1.1754808682e-08
1.43913940514e-08	2.37353532384e-08
1.44111343656e-08	5.97317111328e-08
1.44308746798e-08	8.97480276763e-08
1.44506149939e-08	1.08145535194e-07
1.44703553081e-08	1.11533637437e-07
1.44900956223e-08	9.96442537371e-08
1.45098359365e-08	7.54101492362e-08
1.45295762507e-08	4.41839915766e-08
1.45493165649e-08	1.23075114544e-08
1.4569056879e-08	-1.45598653134e-08
1.45887971932e-08	-3.28492717472e-08
1.46085375074e-08	-4.18083132558e-08
1.46282778216e-08	-4.33473310579e-08
1.46480181358e-08	-4.10903489012e-08
1.466775845e-08	-3.89732832673e-08
1.46874987641e-08	-3.98495814125e-08
1.47072390783e-08	-4.45382148939e-08
1.47269793925e-08	-5.15821767522e-08
1.47467197067e-08	-5.77441348071e-08
1.47664600209e-08	-5.90614561702e-08
1.47862003351e-08	-5.21290779432e-08
1.48059406493e-08	-3.52440885365e-08
1.48256809634e-08	-9.10911968077e-09
1.48454212776e-08	2.30922978517e-08
1.48651615918e-08	5.62703554863e-08
1.4884901906e-08	8.45337595479e-08
1.49046422202e-08	1.02556697357e-07
1.49243825344e-08	1.06874168182e-07
1.49441228485e-08	9.67666480278e-08
1.49638631627e-08	7.44684172105e-08
1.49836034769e-08	4.46178347602e-08
1.50033437911e-08	1.30705375412e-08
1.50230841053e-08	-1.45980321165e-08
1.50428244195e-08	-3.44716113432e-08
1.50625647336e-08	-4.51464501339e-08
1.50823050478e-08	-4.78069317467e-08
1.5102045362e-08	-4.55311344183e-08
1.51217856762e-08	-4.20653023525e-08
1.51415259904e-08	-4.04827531497e-08
1.51612663046e-08	-4.21495549574e-08
1.51810066187e-08	-4.63106779591e-08
1.52007469329e-08	-5.03929307172e-08
1.52204872471e-08	-5.08980413372e-08
1.52402275613e-08	-4.45908092672e-08
1.52599678755e-08	-2.96266478017e-08
1.52797081897e-08	-6.29611074388e-09
1.52994485039e-08	2.28052776663e-08
1.5319188818e-08	5.32303978673e-08
1.53389291322e-08	7.96394274971e-08
1.53586694464e-08	9.70321991645e-08
1.53784097606e-08	1.01949993336e-07
1.53981500748e-08	9.3345398966e-08
1.5417890389e-08	7.28763254187e-08
1.54376307031e-08	4.45313190767e-08
1.54573710173e-08	1.36558213626e-08
1.54771113315e-08	-1.43684042442e-08
1.54968516457e-08	-3.54299736216e-08
1.55165919599e-08	-4.76048249709e-08
1.55363322741e-08	-5.14143643215e-08
1.55560725882e-08	-4.93643881327e-08
1.55758129024e-08	-4.49192647523e-08
1.55955532166e-08	-4.12549674422e-08
1.56152935308e-08	-4.01880946299e-08
1.5635033845e-08	-4.16175289786e-08
1.56547741592e-08	-4.36321379027e-08
1.56745144733e-08	-4.32248050686e-08
1.56942547875e-08	-3.73691229072e-08
1.57139951017e-08	-2.41141471236e-08
1.57337354159e-08	-3.37789707316e-09
1.57534757301e-08	2.27907470673e-08
1.57732160443e-08	5.05398780604e-08
1.57929563585e-08	7.50458966081e-08
1.58126966726e-08	9.16314633059e-08
1.58324369868e-08	9.68897850839e-08
1.5852177301e-08	8.95342395779e-08
1.58719176152e-08	7.07510920961e-08
1.58916579294e-08	4.3955999729e-08
1.59113982436e-08	1.39957014866e-08
1.59311385577e-08	-1.40087745848e-08
1.59508788719e-08	-3.58735512407e-08
1.59706191861e-08	-4.92858198697e-08
1.59903595003e-08	-5.41930305076e-08
1.60100998145e-08	-5.25414982633e-08
1.60298401287e-08	-4.74504311399e-08
1.60495804428e-08	-4.20880610363e-08
1.6069320757e-08	-3.86110912132e-08
1.60890610712e-08	-3.74977773276e-08
1.61088013854e-08	-3.74785535939e-08
1.61285416996e-08	-3.60621825735e-08
1.61482820138e-08	-3.04783434046e-08
1.6168022328e-08	-1.87222379822e-08
1.61877626421e-08	-3.8106851008e-10
1.62075029563e-08	2.30063914586e-08
1.62272432705e-08	4.81530371133e-08
1.62469835847e-08	7.07293423829e-08
1.62667238989e-08	8.6377482944e-08
1.62864642131e-08	9.1770743893e-08
1.63062045272e-08	8.54459756283e-08
1.63259448414e-08	6.82002720964e-08
1.63456851556e-08	4.29489652731e-08
1.63654254698e-08	1.40693892092e-08
1.6385165784e-08	-1.36119648886e-08
1.64049060982e-08	-3.59302489983e-08
1.64246464123e-08	-5.0301931509e-08
1.64443867265e-08	-5.61996387205e-08
1.64641270407e-08	-5.50503322927e-08
1.64838673549e-08	-4.95949166179e-08
1.65036076691e-08	-4.29030002635e-08
1.65233479833e-08	-3.73587738522e-08
1.65430882974e-08	-3.39288170892e-08
1.65628286116e-08	-3.19417097217e-08
1.65825689258e-08	-2.9433969928e-08
1.660230924e-08	-2.39407658142e-08
1.66220495542e-08	-1.34663116214e-08
1.66417898684e-08	2.67793454078e-09
1.66615301826e-08	2.3426514062e-08
1.66812704967e-08	4.60357973964e-08
1.67010108109e-08	6.66623094503e-08
1.67207511251e-08	8.12724536559e-08
1.67404914393e-08	8.66403340183e-08
1.67602317535e-08	8.11685012536e-08
1.67799720677e-08	6.53245351145e-08
1.67997123818e-08	4.15836147738e-08
1.6819452696e-08	1.38892763957e-08
1.68391930102e-08	-1.32362041327e-08
1.68589333244e-08	-3.57093590253e-08
1.68786736386e-08	-5.07722468512e-08
1.68984139528e-08	-5.75182959039e-08
1.69181542669e-08	-5.69132510009e-08
1.69378945811e-08	-5.13129307933e-08
1.69576348953e-08	-4.36226734735e-08
1.69773752095e-08	-3.63523966485e-08
1.69971155237e-08	-3.08592227327e-08
1.70168558379e-08	-2.70095910082e-08
1.7036596152e-08	-2.33605152999e-08
1.70563364662e-08	-1.77925407741e-08
1.70760767804e-08	-8.38200175934e-09
1.70958170946e-08	5.77195935492e-09
1.71155574088e-08	2.40306583521e-08
1.7135297723e-08	4.41722391997e-08
1.71550380372e-08	6.28356957577e-08
1.71747783513e-08	7.63229479617e-08
1.71945186655e-08	8.1531446483e-08
1.72142589797e-08	7.67637260424e-08
1.72339992939e-08	6.22026092856e-08
1.72537396081e-08	3.99283699437e-08
1.72734799223e-08	1.34831683596e-08
1.72932202364e-08	-1.29134480886e-08
1.73129605506e-08	-3.52969706796e-08
1.73327008648e-08	-5.08075501671e-08
1.7352441179e-08	-5.82435468743e-08
1.73721814932e-08	-5.81724712845e-08
1.73919218074e-08	-5.25838039778e-08
1.74116621215e-08	-4.41780585447e-08
1.74314024357e-08	-3.55080622683e-08
1.74511427499e-08	-2.82250134376e-08
1.74708830641e-08	-2.26588934282e-08
1.74906233783e-08	-1.78591594846e-08
1.75103636925e-08	-1.2074393041e-08
1.75301040066e-08	-3.51273077293e-09
1.75498443208e-08	8.8689802169e-09
1.7569584635e-08	2.48026399419e-08
1.75893249492e-08	4.25571222706e-08
1.76090652634e-08	5.92517714892e-08
1.76288055776e-08	7.15397092677e-08
1.76485458918e-08	7.64687655419e-08
1.76682862059e-08	7.22751494209e-08
1.76880265201e-08	5.88910502586e-08
1.77077668343e-08	3.80378324394e-08
1.77275071485e-08	1.28815598188e-08
1.77472474627e-08	-1.26549339896e-08
1.77669877769e-08	-3.47501050157e-08
1.7786728091e-08	-5.04960731007e-08
1.78064684052e-08	-5.84640353907e-08
1.78262087194e-08	-5.88863358075e-08
1.78459490336e-08	-5.34142046149e-08
1.78656893478e-08	-4.45254535464e-08
1.7885429662e-08	-3.47527624456e-08
1.79051699761e-08	-2.59545185344e-08
1.79249102903e-08	-1.88462312423e-08
1.79446506045e-08	-1.29264670079e-08
1.79643909187e-08	-6.81697409632e-09
1.79841312329e-08	1.09538456083e-09
1.80038715471e-08	1.19273151356e-08
1.80236118613e-08	2.57173393692e-08
1.80433521754e-08	4.11851885929e-08
1.80630924896e-08	5.59190773686e-08
1.80828328038e-08	6.69395774366e-08
1.8102573118e-08	7.14765135967e-08
1.81223134322e-08	6.77348239719e-08
1.81420537464e-08	5.54312720169e-08
1.81617940605e-08	3.59553133933e-08
1.81815343747e-08	1.21157919253e-08
1.82012746889e-08	-1.24582477667e-08
1.82210150031e-08	-3.4105436697e-08
1.82407553173e-08	-4.9907452393e-08
1.82604956315e-08	-5.82627883716e-08
1.82802359456e-08	-5.91212128143e-08
1.82999762598e-08	-5.38300284347e-08
1.8319716574e-08	-4.4641250696e-08
1.83394568882e-08	-3.40244419306e-08
1.83591972024e-08	-2.39743336294e-08
1.83789375166e-08	-1.55157398041e-08
1.83986778307e-08	-8.54278248141e-09
1.84184181449e-08	-2.03900007989e-09
1.84381584591e-08	5.39868549865e-09
1.84578987733e-08	1.48996432969e-08
1.84776390875e-08	2.67412936239e-08
1.84973794017e-08	4.004386156e-08
1.85171197159e-08	5.28451522541e-08
1.853686003e-08	6.25435347956e-08
1.85566003442e-08	6.65828707724e-08
1.85763406584e-08	6.31756975622e-08
1.85960809726e-08	5.18581586562e-08
1.86158212868e-08	3.37139027806e-08
1.8635561601e-08	1.12088622828e-08
1.86553019151e-08	-1.23212782199e-08
1.86750422293e-08	-3.33885630255e-08
1.86947825435e-08	-4.90946838738e-08
1.87145228577e-08	-5.77079326547e-08
1.87342631719e-08	-5.89402198159e-08
1.87540034861e-08	-5.38668700756e-08
1.87737438002e-08	-4.45203021116e-08
1.87934841144e-08	-3.32790044411e-08
1.88132244286e-08	-2.22185185805e-08
1.88329647428e-08	-1.26051293847e-08
1.8852705057e-08	-4.67338523436e-09
1.88724453712e-08	2.25687712962e-09
1.88921856853e-08	9.36234556548e-09
1.89119259995e-08	1.77363403964e-08
1.89316663137e-08	2.78318292857e-08
1.89514066279e-08	3.91125958288e-08
1.89711469421e-08	5.00349983668e-08
1.89908872563e-08	5.83764006024e-08
1.90106275705e-08	6.1821140207e-08
1.90303678846e-08	5.86306647676e-08
1.90501081988e-08	4.82003201796e-08
1.9069848513e-08	3.13369810101e-08
1.90895888272e-08	1.01761070681e-08
1.91093291414e-08	-1.2241266667e-08
1.91290694556e-08	-3.26166791353e-08
1.91488097697e-08	-4.80973660899e-08
1.91685500839e-08	-5.68551996594e-08
1.91882903981e-08	-5.84001398352e-08
1.92080307123e-08	-5.3563994129e-08
1.92277710265e-08	-4.41694645303e-08
1.92475113407e-08	-3.24878399738e-08
1.92672516548e-08	-2.0632914044e-08
1.9286991969e-08	-1.00552979276e-08
1.93067322832e-08	-1.27545130013e-09
1.93264725974e-08	6.08187011863e-09
1.93462129116e-08	1.29652484304e-08
1.93659532258e-08	2.03957384315e-08
1.93856935399e-08	2.89446351331e-08
1.94054338541e-08	3.83619571664e-08
1.94251741683e-08	4.74835104569e-08
1.94449144825e-08	5.445589224e-08
1.94646547967e-08	5.72240459462e-08
1.94843951109e-08	5.4136208405e-08
1.95041354251e-08	4.44893544227e-08
1.95238757392e-08	2.88461361464e-08
1.95436160534e-08	9.02805030734e-09
1.95633563676e-08	-1.22203891451e-08
1.95830966818e-08	-3.18056443405e-08
1.9602836996e-08	-4.69464680464e-08
1.96225773102e-08	-5.57482700003e-08
1.96423176243e-08	-5.75492684618e-08
1.96620579385e-08	-5.29606083433e-08
1.96817982527e-08	-4.36047642438e-08
1.97015385669e-08	-3.16361266073e-08
1.97212788811e-08	-1.91752622669e-08
1.97410191953e-08	-7.81138709272e-09
1.97607595094e-08	1.69839187159e-09
1.97804998236e-08	9.45912592698e-09
1.98002401378e-08	1.61993281012e-08
1.9819980452e-08	2.28442562644e-08
1.98397207662e-08	3.00362010819e-08
1.98594610804e-08	3.77565463339e-08
1.98792013945e-08	4.51763391141e-08
1.98989417087e-08	5.07931154914e-08
1.99186820229e-08	5.28215302609e-08
1.99384223371e-08	4.97302750091e-08
1.99581626513e-08	4.07594917817e-08
1.99779029655e-08	2.6264478592e-08
1.99976432797e-08	7.7736590498e-09
2.00173835938e-08	-1.22631069743e-08
2.0037123908e-08	-3.09725187719e-08
2.00568642222e-08	-4.56701272356e-08
2.00766045364e-08	-5.44242340084e-08
2.00963448506e-08	-5.6427595041e-08
2.01160851648e-08	-5.20906695556e-08
2.01358254789e-08	-4.28440962708e-08
2.01555657931e-08	-3.0717878019e-08
2.01753061073e-08	-1.78156742692e-08
2.01950464215e-08	-5.82748160838e-09
2.02147867357e-08	4.2943901768e-09
2.02345270499e-08	1.2419022255e-08
2.0254267364e-08	1.90684250612e-08
2.02740076782e-08	2.50593910067e-08
2.02937479924e-08	3.10681684823e-08
2.03134883066e-08	3.72585802211e-08
2.03332286208e-08	4.30918873917e-08
2.0352968935e-08	4.73895873654e-08
2.03727092492e-08	4.86375490993e-08
2.03924495633e-08	4.54491022595e-08
2.04121898775e-08	3.70470658595e-08
2.04319301917e-08	2.36177797319e-08
2.04516705059e-08	6.42290132191e-09
2.04714108201e-08	-1.23753860493e-08
2.04911511343e-08	-3.01358724641e-08
2.05108914484e-08	-4.4295845214e-08
2.05306317626e-08	-5.29153076911e-08
2.05503720768e-08	-5.50686287681e-08
2.0570112391e-08	-5.09834272577e-08
2.05898527052e-08	-4.1905032333e-08
2.06095930194e-08	-2.97324884713e-08
2.06293333335e-08	-1.6532681002e-08
2.06490736477e-08	-4.06641831319e-09
2.06688139619e-08	6.55470522304e-09
2.06885542761e-08	1.49944359151e-08
2.07082945903e-08	2.1584922294e-08
2.07280349045e-08	2.70292410676e-08
2.07477752186e-08	3.20104156515e-08
2.07675155328e-08	3.68323753719e-08
2.0787255847e-08	4.12033038799e-08
2.08069961612e-08	4.42385612587e-08
2.08267364754e-08	4.46875318971e-08
2.08464767896e-08	4.13244585218e-08
2.08662171038e-08	3.33884635495e-08
2.08859574179e-08	2.0935194911e-08
2.09056977321e-08	4.98973662388e-09
2.09254380463e-08	-1.25610633006e-08
2.09451783605e-08	-2.93146342756e-08
2.09649186747e-08	-4.28513651229e-08
2.09846589889e-08	-5.12531492802e-08
2.1004399303e-08	-5.35022941506e-08
2.10241396172e-08	-4.96636012315e-08
2.10438799314e-08	-4.08028242305e-08
2.10636202456e-08	-2.86815851069e-08
2.10833605598e-08	-1.53121320068e-08
2.1103100874e-08	-2.49865661495e-09
2.11228411881e-08	8.51653592093e-09
2.11425815023e-08	1.72190670611e-08
2.11623218165e-08	2.37673791759e-08
2.11820621307e-08	2.87505201868e-08
2.12018024449e-08	3.28399636373e-08
2.12215427591e-08	3.6445438667e-08
2.12412830732e-08	3.948242977e-08
2.12610233874e-08	4.13274037214e-08
2.12807637016e-08	4.09788931677e-08
2.13005040158e-08	3.73809783127e-08
2.132024433e-08	2.9816476399e-08
2.13399846442e-08	1.82469168664e-08
2.13597249584e-08	3.49207240902e-09
2.13794652725e-08	-1.28189725501e-08
2.13992055867e-08	-2.85238357378e-08
2.14189459009e-08	-4.13641885189e-08
2.14386862151e-08	-4.9469853991e-08
2.14584265293e-08	-5.17596632221e-08
2.14781668435e-08	-4.81545612274e-08
2.14979071576e-08	-3.95500840966e-08
2.15176474718e-08	-2.75651075299e-08
2.1537387786e-08	-1.41408156296e-08
2.15571281002e-08	-1.1009553269e-09
2.15768684144e-08	1.02096597843e-08
2.15966087286e-08	1.91221598556e-08
2.16163490427e-08	2.5636211376e-08
2.16360893569e-08	3.02285272369e-08
2.16558296711e-08	3.3544402811e-08
2.16755699853e-08	3.60719383252e-08
2.16953102995e-08	3.79003530782e-08
2.17150506137e-08	3.86371183936e-08
2.17347909278e-08	3.75111106621e-08
2.1754531242e-08	3.36374732512e-08
2.17742715562e-08	2.63619401863e-08
2.17940118704e-08	1.55837103222e-08
2.18137521846e-08	1.94997196168e-09
2.18334924988e-08	-1.31457955632e-08
2.1853232813e-08	-2.77766609713e-08
2.18729731271e-08	-3.98589499184e-08
2.18927134413e-08	-4.75957691037e-08
2.19124537555e-08	-4.98695627016e-08
2.19321940697e-08	-4.64792861976e-08
2.19519343839e-08	-3.81596869659e-08
2.19716746981e-08	-2.63842814263e-08
2.19914150122e-08	-1.30078205984e-08
2.20111553264e-08	1.48365181252e-10
2.20308956406e-08	1.16614371493e-08
2.20506359548e-08	2.07305550504e-08
2.2070376269e-08	2.72112004041e-08
2.20901165832e-08	3.14702042203e-08
2.21098568973e-08	3.41159669404e-08
2.21295972115e-08	3.56926221912e-08
2.21493375257e-08	3.6433501549e-08
2.21690778399e-08	3.61478704747e-08
2.21888181541e-08	3.42771180328e-08
2.22085584683e-08	3.01029494665e-08
2.22282987825e-08	2.30480452501e-08
2.22480390966e-08	1.29746773325e-08
2.22677794108e-08	3.87422260939e-10
2.2287519725e-08	-1.35320457062e-08
2.23072600392e-08	-2.70817501757e-08
2.23270003534e-08	-3.83592499986e-08
2.23467406676e-08	-4.56614834832e-08
2.23664809817e-08	-4.78614765598e-08
2.23862212959e-08	-4.46599521808e-08
2.24059616101e-08	-3.66438470678e-08
2.24257019243e-08	-2.51399114859e-08
2.24454422385e-08	-1.19036194235e-08
2.24651825527e-08	1.26758525898e-09
2.24849228668e-08	1.28963097978e-08
2.2504663181e-08	2.20695799413e-08
2.25244034952e-08	2.85122059296e-08
2.25441438094e-08	3.24848272726e-08
2.25638841236e-08	3.45509718613e-08
2.25836244378e-08	3.52925013658e-08
2.26033647519e-08	3.50609532518e-08
2.26231050661e-08	3.38415873102e-08
2.26428453803e-08	3.12677670422e-08
2.26625856945e-08	2.67815600807e-08
2.26823260087e-08	1.98911127569e-08
2.27020663229e-08	1.04430251113e-08
2.27218066371e-08	-1.17350196227e-09
2.27415469512e-08	-1.39644757979e-08
2.27612872654e-08	-2.64406647688e-08
2.27810275796e-08	-3.68823691588e-08
2.28007678938e-08	-4.3695514762e-08
2.2820508208e-08	-4.57669315779e-08
2.28402485222e-08	-4.27218722621e-08
2.28599888363e-08	-3.50157236539e-08
2.28797291505e-08	-2.38318023094e-08
2.28994694647e-08	-1.08169775359e-08
2.29192097789e-08	2.2746908801e-09
2.29389500931e-08	1.39349438655e-08
2.29586904073e-08	2.31599965872e-08
2.29784307214e-08	2.9557320147e-08
2.29981710356e-08	3.32839569239e-08
2.30179113498e-08	3.48511477455e-08
2.3037651664e-08	3.48618769408e-08
2.30573919782e-08	3.37647065862e-08
2.30771322924e-08	3.16983204129e-08
2.30968726065e-08	2.84700423236e-08
2.31166129207e-08	2.3673305094e-08
2.31363532349e-08	1.69042753129e-08
2.31560935491e-08	8.01013477769e-09
2.31758338633e-08	-2.7115159007e-09
2.31955741775e-08	-1.44305509764e-08
2.32153144917e-08	-2.58537156128e-08
2.32350548058e-08	-3.54417792892e-08
2.325479512e-08	-4.17211758474e-08
2.32745354342e-08	-4.36127223225e-08
2.32942757484e-08	-4.06896951688e-08
2.33140160626e-08	-3.32917160506e-08
2.33337563768e-08	-2.2464709204e-08
2.33534966909e-08	-9.7400869592e-09
2.33732370051e-08	3.18775650321e-09
2.33929773193e-08	1.48005732115e-08
2.34127176335e-08	2.4024355838e-08
2.34324579477e-08	3.03632958776e-08
2.34521982619e-08	3.38761658725e-08
2.3471938576e-08	3.50164128804e-08
2.34916788902e-08	3.43935298019e-08
2.35114192044e-08	3.25325828499e-08
2.35311595186e-08	2.97040596564e-08
2.35508998328e-08	2.58721541968e-08
2.3570640147e-08	2.07727239854e-08
2.35903804611e-08	1.40923841485e-08
2.36101207753e-08	5.69073899115e-09
2.36298610895e-08	-4.20716883553e-09
2.36496014037e-08	-1.49137378003e-08
2.36693417179e-08	-2.5315566532e-08
2.36890820321e-08	-3.40467529725e-08
2.37088223463e-08	-3.97599428936e-08
2.37285626604e-08	-4.14264533788e-08
2.37483029746e-08	-3.85882117371e-08
2.37680432888e-08	-3.14876302809e-08
2.3787783603e-08	-2.10425845637e-08
2.38075239172e-08	-8.66585114778e-09
2.38272642314e-08	4.02221767004e-09
2.38470045455e-08	1.55133488278e-08
2.38667448597e-08	2.46834090945e-08
2.38864851739e-08	3.09477918847e-08
2.39062254881e-08	3.42727624059e-08
2.39259658023e-08	3.50495135137e-08
2.39457061165e-08	3.3881420336e-08
2.39654464306e-08	3.13520693851e-08
2.39851867448e-08	2.78441589785e-08
2.4004927059e-08	2.34623449558e-08
2.40246673732e-08	1.80750721057e-08
2.40444076874e-08	1.14589457922e-08
2.40641480016e-08	3.49568973768e-09
2.40838883158e-08	-5.64588198415e-09
2.41036286299e-08	-1.54009640596e-08
2.41233689441e-08	-2.48197178365e-08
2.41431092583e-08	-3.2701418462e-08
2.41628495725e-08	-3.78269433554e-08
2.41825898867e-08	-3.9231128568e-08
2.42023302009e-08	-3.64418006882e-08
2.4222070515e-08	-2.9622636788e-08
2.42418108292e-08	-1.95734894959e-08
2.42615511434e-08	-7.58939755485e-09
2.42812914576e-08	4.79327644243e-09
2.43010317718e-08	1.60943045557e-08
2.4320772086e-08	2.51582044086e-08
2.43405124001e-08	3.13279926445e-08
2.43602527143e-08	3.44840103139e-08
2.43799930285e-08	3.49532456312e-08
2.43997333427e-08	3.33215162129e-08
2.44194736569e-08	3.02136164976e-08
2.44392139711e-08	2.61066475105e-08
2.44589542852e-08	2.1229316971e-08
2.44786945994e-08	1.55734749541e-08
2.44984349136e-08	9.0041600842e-09
2.45181752278e-08	1.43225320492e-09
2.4537915542e-08	-7.0152155196e-09
2.45576558562e-08	-1.58797632821e-08
2.45773961704e-08	-2.4358675077e-08
2.45971364845e-08	-3.14072288177e-08
2.46168767987e-08	-3.59342493539e-08
2.46366171129e-08	-3.70463340005e-08
2.46563574271e-08	-3.42730999137e-08
2.46760977413e-08	-2.77150125072e-08
2.46958380555e-08	-1.80668759953e-08
2.47155783696e-08	-6.50867093555e-09
2.47353186838e-08	5.5135647159e-09
2.4755058998e-08	1.65625202442e-08
2.47747993122e-08	2.54698431235e-08
2.47945396264e-08	3.15215089586e-08
2.48142799406e-08	3.4521320913e-08
2.48340202547e-08	3.47310837867e-08
2.48537605689e-08	3.2710055109e-08
2.48735008831e-08	2.91086763582e-08
2.48932411973e-08	2.44802809135e-08
2.49129815115e-08	1.91627282931e-08
2.49327218257e-08	1.32608413139e-08
2.49524621398e-08	6.72651090383e-09
2.4972202454e-08	-4.95016805324e-10
2.49919427682e-08	-8.30609447888e-09
2.50116830824e-08	-1.63392090968e-08
2.50314233966e-08	-2.39248230116e-08
2.50511637108e-08	-3.01636902122e-08
2.5070904025e-08	-3.40902950313e-08
2.50906443391e-08	-3.48882984724e-08
2.51103846533e-08	-3.21017843419e-08
2.51301249675e-08	-2.57827963424e-08
2.51498652817e-08	-1.65333862157e-08
2.51696055959e-08	-5.42423483907e-09
2.51893459101e-08	6.19311935068e-09
2.52090862242e-08	1.69355995894e-08
2.52288265384e-08	2.56387444608e-08
2.52485668526e-08	3.1546729673e-08
2.52683071668e-08	3.439711449e-08
2.5288047481e-08	3.43880586229e-08
2.53077877952e-08	3.20444648594e-08
2.53275281093e-08	2.80288894317e-08
2.53472684235e-08	2.29541754493e-08
2.53670087377e-08	1.72519598607e-08
2.53867490519e-08	1.11299804928e-08
2.54064893661e-08	4.62373739296e-09
2.54262296803e-08	-2.28285879089e-09
2.54459699944e-08	-9.51135170624e-09
2.54657103086e-08	-1.67710076937e-08
2.54854506228e-08	-2.35115678038e-08
2.5505190937e-08	-2.89692252409e-08
2.55249312512e-08	-3.23003561675e-08
2.55446715654e-08	-3.27694991142e-08
2.55644118796e-08	-2.99447791008e-08
2.55841521937e-08	-2.38429258559e-08
2.56038925079e-08	-1.49849235243e-08
2.56236328221e-08	-4.33865565697e-09
2.56433731363e-08	6.83940459822e-09
2.56631134505e-08	1.7229311311e-08
2.56828537647e-08	2.56846650615e-08
2.57025940788e-08	3.14223314035e-08
2.5722334393e-08	3.41247634594e-08
2.57420747072e-08	3.39297940855e-08
2.57618150214e-08	3.13231538485e-08
2.57815553356e-08	2.69670614728e-08
2.58012956498e-08	2.15180602225e-08
2.58210359639e-08	1.54868686764e-08
2.58407762781e-08	9.17327991345e-09
2.58605165923e-08	2.69232947048e-09
2.58802569065e-08	-3.93017440814e-09
2.58999972207e-08	-1.06257287413e-08
2.59197375349e-08	-1.71679044314e-08
2.59394778491e-08	-2.31126389139e-08
2.59592181632e-08	-2.7821730697e-08
2.59789584774e-08	-3.0568347853e-08
2.59986987916e-08	-3.07001037925e-08
2.60184391058e-08	-2.78165401824e-08
2.603817942e-08	-2.19103739596e-08
2.60579197342e-08	-1.34326381129e-08
2.60776600483e-08	-3.25607008023e-09
2.60974003625e-08	7.45723305329e-09
2.61171406767e-08	1.74568892675e-08
2.61368809909e-08	2.56253986919e-08
2.61566213051e-08	3.11667278652e-08
2.61763616193e-08	3.37185674937e-08
2.61961019334e-08	3.3363740215e-08
2.62158422476e-08	3.05457987793e-08
2.62355825618e-08	2.5916479629e-08
2.6255322876e-08	2.01620729001e-08
2.62750631902e-08	1.38571083497e-08
2.62948035044e-08	7.38270022893e-09
2.63145438185e-08	9.28088772501e-10
2.63342841327e-08	-5.43653655427e-09
2.63540244469e-08	-1.16451470689e-08
2.63737647611e-08	-1.75239236455e-08
2.63935050753e-08	-2.2722705495e-08
2.64132453895e-08	-2.67186823777e-08
2.64329857037e-08	-2.88966059969e-08
2.64527260178e-08	-2.86876193911e-08
2.6472466332e-08	-2.5728688513e-08
2.64922066462e-08	-1.99982839177e-08
2.65119469604e-08	-1.18875087551e-08
2.65316872746e-08	-2.18158713317e-09
2.65514275888e-08	8.04961697298e-09
2.65711679029e-08	1.76289400855e-08
2.65909082171e-08	2.54773659947e-08
2.66106485313e-08	3.07976222302e-08
2.66303888455e-08	3.3193451543e-08
2.66501291597e-08	3.26986793198e-08
2.66698694739e-08	2.97135400729e-08
2.6689609788e-08	2.48717846318e-08
2.67093501022e-08	1.88765270082e-08
2.67290904164e-08	1.23521060047e-08
2.67488307306e-08	5.74955949517e-09
2.67685710448e-08	-6.73744671165e-10
2.6788311359e-08	-6.80274370168e-09
2.68080516731e-08	-1.25669439299e-08
2.68277919873e-08	-1.78342602908e-08
2.68475323015e-08	-2.23368523677e-08
2.68672726157e-08	-2.56573802204e-08
2.68870129299e-08	-2.7286517934e-08
2.69067532441e-08	-2.67381370378e-08
2.69264935583e-08	-2.36912125473e-08
2.69462338724e-08	-1.81180705994e-08
2.69659741866e-08	-1.03593968959e-08
2.69857145008e-08	-1.12029086008e-09
2.7005454815e-08	8.61802540442e-09
2.70251951292e-08	1.77541554791e-08
2.70449354434e-08	2.52546747959e-08
2.70646757575e-08	3.03314422467e-08
2.70844160717e-08	3.25642020016e-08
2.71041563859e-08	3.19441291197e-08
2.71238967001e-08	2.88291701622e-08
2.71436370143e-08	2.38289352694e-08
2.71633773285e-08	1.76525514206e-08
2.71831176426e-08	1.09613988997e-08
2.72028579568e-08	4.26451451929e-09
2.7222598271e-08	-2.11918504966e-09
2.72423385852e-08	-8.03045452358e-09
2.72620788994e-08	-1.33889379583e-08
2.72818192136e-08	-1.80947115069e-08
2.73015595277e-08	-2.19507771959e-08
2.73212998419e-08	-2.46354296962e-08
2.73410401561e-08	-2.57388172997e-08
2.73607804703e-08	-2.48561011773e-08
2.73805207845e-08	-2.1711777265e-08
2.74002610987e-08	-1.62793174496e-08
2.74200014129e-08	-8.85712569954e-09
2.7439741727e-08	-7.76862185692e-11
2.74594820412e-08	9.16278608543e-09
2.74792223554e-08	1.78393300132e-08
2.74989626696e-08	2.49698182131e-08
2.75187029838e-08	2.97834414908e-08
2.7538443298e-08	3.18451895964e-08
2.75581836121e-08	3.11104884076e-08
2.75779239263e-08	2.7896545518e-08
2.75976642405e-08	2.27852243739e-08
2.76174045547e-08	1.64824012217e-08
2.76371448689e-08	9.67463265056e-09
2.76568851831e-08	2.91800605901e-09
2.76766254972e-08	-3.4148790462e-09
2.76963658114e-08	-9.12241482354e-09
2.77161061256e-08	-1.41103253526e-08
2.77358464398e-08	-1.83019626121e-08
2.7755586754e-08	-2.15604885057e-08
2.77753270682e-08	-2.36498980399e-08
2.77950673824e-08	-2.42532287587e-08
2.78148076965e-08	-2.30448691241e-08
2.78345480107e-08	-1.9797237627e-08
2.78542883249e-08	-1.44904488408e-08
2.78740286391e-08	-7.38868433103e-09
2.78937689533e-08	9.41381195219e-10
2.79135092675e-08	9.68393454315e-09
2.79332495816e-08	1.78901178316e-08
2.79529898958e-08	2.46331666176e-08
2.797273021e-08	2.91668911245e-08
2.79924705242e-08	3.10499501666e-08
2.80122108384e-08	3.02080991332e-08
2.80319511526e-08	2.69209117221e-08
2.80516914667e-08	2.17395452751e-08
2.80714317809e-08	1.53595109964e-08
2.80911720951e-08	8.48210301996e-09
2.81109124093e-08	1.69985614473e-09
2.81306527235e-08	-4.56872006893e-09
2.81503930377e-08	-1.00827444172e-08
2.81701333518e-08	-1.4730953346e-08
2.8189873666e-08	-1.84528374803e-08
2.82096139802e-08	-2.11618367274e-08
2.82293542944e-08	-2.26978666973e-08
2.82490946086e-08	-2.28295302662e-08
2.82688349228e-08	-2.13072759436e-08
2.8288575237e-08	-1.79528925059e-08
2.83083155511e-08	-1.27583748011e-08
2.83280558653e-08	-5.96056182189e-09
2.83477961795e-08	1.93251925573e-09
2.83675364937e-08	1.01808055319e-08
2.83872768079e-08	1.79106915965e-08
2.84070171221e-08	2.42535307393e-08
2.84267574362e-08	2.8493898796e-08
2.84464977504e-08	3.01911207146e-08
2.84662380646e-08	2.92477508879e-08
2.84859783788e-08	2.59082000298e-08
2.8505718693e-08	2.06919175127e-08
2.85254590072e-08	1.42782337065e-08
2.85451993213e-08	7.37452898747e-09
2.85649396355e-08	5.99944149915e-10
2.85846799497e-08	-5.58887158775e-09
2.86044202639e-08	-1.09158122541e-08
2.86241605781e-08	-1.52515475804e-08
2.86439008923e-08	-1.85454762658e-08
2.86636412064e-08	-2.07518198181e-08
2.86833815206e-08	-2.17766285004e-08
2.87031218348e-08	-2.14664854781e-08
2.8722862149e-08	-1.96444585043e-08
2.87426024632e-08	-1.61825628453e-08
2.87623427774e-08	-1.10887903304e-08
2.87820830916e-08	-4.57926052633e-09
2.88018234057e-08	2.89083490479e-09
2.88215637199e-08	1.06523518895e-08
2.88413040341e-08	1.7904755012e-08
2.88610443483e-08	2.38391564267e-08
2.88807846625e-08	2.77755205502e-08
2.89005249767e-08	2.92802759816e-08
2.89202652908e-08	2.82387375705e-08
2.8940005605e-08	2.48641445211e-08
2.89597459192e-08	1.96433038724e-08
2.89794862334e-08	1.32348398907e-08
2.89992265476e-08	6.34436414515e-09
2.90189668618e-08	-3.9123712603e-10
2.90387071759e-08	-6.48451159435e-09
2.90584474901e-08	-1.16282334872e-08
2.90781878043e-08	-1.56745674218e-08
2.90979281185e-08	-1.85783157747e-08
2.91176684327e-08	-2.03265635434e-08
2.91374087469e-08	-2.0882373164e-08
2.9157149061e-08	-2.01625329765e-08
2.91768893752e-08	-1.80578219044e-08
2.91966296894e-08	-1.448994702e-08
2.92163700036e-08	-9.48672518319e-09
2.92361103178e-08	-3.24927706963e-09
2.9255850632e-08	3.81318310261e-09
2.92755909462e-08	1.10976312584e-08
2.92953312603e-08	1.78746635271e-08
2.93150715745e-08	2.33961809926e-08
2.93348118887e-08	2.70211071296e-08
2.93545522029e-08	2.83283760893e-08
2.93742925171e-08	2.7191243035e-08
2.93940328313e-08	2.37951560678e-08
2.94137731454e-08	1.85951378739e-08
2.94335134596e-08	1.22256675894e-08
2.94532537738e-08	5.38414957063e-09
2.9472994088e-08	-1.28264132648e-09
2.94927344022e-08	-7.26402005213e-09
2.95124747164e-08	-1.22260876978e-08
2.95322150305e-08	-1.60031152774e-08
2.95519553447e-08	-1.85513098216e-08
2.95716956589e-08	-1.98837337706e-08
2.95914359731e-08	-2.00119245619e-08
2.96111762873e-08	-1.89152498109e-08
2.96309166015e-08	-1.65469664637e-08
2.96506569157e-08	-1.28773134378e-08
2.96703972298e-08	-7.95633869899e-09
2.9690137544e-08	-1.97538096991e-09
2.97098778582e-08	4.69593430807e-09
2.97296181724e-08	1.15157083869e-08
2.97493584866e-08	1.78227885783e-08
2.97690988008e-08	2.29302834498e-08
2.97888391149e-08	2.62390216221e-08
2.98085794291e-08	2.73449156651e-08
2.98283197433e-08	2.61141153146e-08
2.98480600575e-08	2.27075407366e-08
2.98678003717e-08	1.75495369348e-08
2.98875406859e-08	1.12482982928e-08
2.9907281e-08	4.48764359007e-09
2.99270213142e-08	-2.08276573765e-09
2.99467616284e-08	-7.93608734284e-09
2.99665019426e-08	-1.27163710673e-08
2.99862422568e-08	-1.62412661098e-08
3.0005982571e-08	-1.84653465851e-08
3.00257228851e-08	-1.9421401376e-08
3.00454631993e-08	-1.91621136736e-08
3.00652035135e-08	-1.77216268327e-08
3.00849438277e-08	-1.51108281443e-08
3.01046841419e-08	-1.13461169349e-08
3.01244244561e-08	-6.5010010708e-09
3.01441647703e-08	-7.61855134535e-10
3.01639050844e-08	5.53599965869e-09
3.01836453986e-08	1.19057643744e-08
3.02033857128e-08	1.77513399535e-08
3.0223126027e-08	2.24465299681e-08
3.02428663412e-08	2.54364458385e-08
3.02626066554e-08	2.63383981292e-08
3.02823469695e-08	2.50154847947e-08
3.03020872837e-08	2.16076792015e-08
3.03218275979e-08	1.65095368487e-08
3.03415679121e-08	1.03011750241e-08
3.03613082263e-08	3.64924845897e-09
3.03810485405e-08	-2.79993361829e-09
