% time-domain voltage integration by openEMS v0.0.36 @Thu Feb  5 18:55:41 2026
% start-coordinates: (0.0367826,-0.02,0.0015) m -> [121,25,9]
% stop-coordinates: (0.0367826,-0.02,0) m -> [121,25,7]
% t/s	voltage
0	0
1.9740314184e-11	0
3.94806283681e-11	0
5.92209425521e-11	0
7.89612567362e-11	0
9.87015709202e-11	0
1.18441885104e-10	0
1.38182199288e-10	0
1.57922513472e-10	0
1.77662827656e-10	0
1.9740314184e-10	0
2.17143456024e-10	0
2.36883770208e-10	-7.57751482491e-31
2.56624084393e-10	-3.53953778683e-23
2.76364398577e-10	1.07499366703e-16
2.96104712761e-10	7.6898269653e-13
3.15845026945e-10	2.00813740636e-11
3.35585341129e-10	-1.59984088477e-10
3.55325655313e-10	-6.43192669264e-11
3.75065969497e-10	-3.60900727706e-11
3.94806283681e-10	1.1617980189e-10
4.14546597865e-10	8.62648980027e-10
4.34286912049e-10	2.07373396233e-09
4.54027226233e-10	4.71671235402e-09
4.73767540417e-10	8.20037904248e-09
4.93507854601e-10	1.15602083461e-08
5.13248168785e-10	1.20637886347e-08
5.32988482969e-10	5.04015829073e-09
5.52728797153e-10	-1.46990051242e-08
5.72469111337e-10	-5.0795303963e-08
5.92209425521e-10	-1.03200644475e-07
6.11949739705e-10	-1.59886248241e-07
6.31690053889e-10	-1.94840296786e-07
6.51430368073e-10	-1.70358688933e-07
6.71170682257e-10	-3.64863090851e-08
6.90910996441e-10	2.41964862369e-07
7.10651310625e-10	6.82198788127e-07
7.3039162481e-10	1.274501642e-06
7.50131938994e-10	1.98854445443e-06
7.69872253178e-10	2.80162021227e-06
7.89612567362e-10	3.65431264981e-06
8.09352881546e-10	4.53573488812e-06
8.2909319573e-10	5.31105752088e-06
8.48833509914e-10	5.53337326892e-06
8.68573824098e-10	4.04132811127e-06
8.88314138282e-10	-1.40080675237e-06
9.08054452466e-10	-1.42516769301e-05
9.2779476665e-10	-3.86413721571e-05
9.47535080834e-10	-7.77856148488e-05
9.67275395018e-10	-0.000131563429022
9.87015709202e-10	-0.000193629566638
1.00675602339e-09	-0.000249562915997
1.02649633757e-09	-0.000277618601103
1.04623665175e-09	-0.000253238220466
1.06597696594e-09	-0.000157142072567
1.08571728012e-09	1.51355052367e-05
1.10545759431e-09	0.000246078576311
1.12519790849e-09	0.000495415530168
1.14493822267e-09	0.000707999599399
1.16467853686e-09	0.000829161639558
1.18441885104e-09	0.000822581758257
1.20415916523e-09	0.000683798250975
1.22389947941e-09	0.000443455777713
1.24363979359e-09	0.000158316492161
1.26338010778e-09	-0.000106739469629
1.28312042196e-09	-0.000298719271086
1.30286073615e-09	-0.000390872490243
1.32260105033e-09	-0.000386567015084
1.34234136451e-09	-0.000312630800181
1.3620816787e-09	-0.000206297889235
1.38182199288e-09	-0.000101773544884
1.40156230707e-09	-2.13245530176e-05
1.42130262125e-09	2.71127610176e-05
1.44104293543e-09	4.69111455459e-05
1.46078324962e-09	4.71896310046e-05
1.4805235638e-09	3.75832441932e-05
1.50026387799e-09	2.50554912782e-05
1.52000419217e-09	1.30136677399e-05
1.53974450636e-09	1.96592668544e-06
1.55948482054e-09	-9.15599457585e-06
1.57922513472e-09	-2.17193737626e-05
1.59896544891e-09	-3.63799044862e-05
1.61870576309e-09	-5.2401341236e-05
1.63844607728e-09	-6.74169241393e-05
1.65818639146e-09	-7.78417343099e-05
1.67792670564e-09	-7.99214249128e-05
1.69766701983e-09	-7.12123401172e-05
1.71740733401e-09	-5.19127661391e-05
1.7371476482e-09	-2.53623811659e-05
1.75688796238e-09	2.70141947567e-06
1.77662827656e-09	2.60044735114e-05
1.79636859075e-09	3.99096479669e-05
1.81610890493e-09	4.29548435932e-05
1.83584921912e-09	3.70319776266e-05
1.8555895333e-09	2.61801669694e-05
1.87532984748e-09	1.46294496517e-05
1.89507016167e-09	5.1159809118e-06
1.91481047585e-09	-1.75751245024e-06
1.93455079004e-09	-6.98415965417e-06
1.95429110422e-09	-1.18357384054e-05
1.9740314184e-09	-1.66431955222e-05
1.99377173259e-09	-2.03060735657e-05
2.01351204677e-09	-2.07474440685e-05
2.03325236096e-09	-1.59985156643e-05
2.05299267514e-09	-5.34270611752e-06
2.07273298932e-09	1.006301909e-05
2.09247330351e-09	2.7324189432e-05
2.11221361769e-09	4.26321894338e-05
2.13195393188e-09	5.23957314726e-05
2.15169424606e-09	5.42602629139e-05
2.17143456024e-09	4.77406592836e-05
2.19117487443e-09	3.42860475939e-05
2.21091518861e-09	1.68360647876e-05
2.2306555028e-09	-9.6785089454e-07
2.25039581698e-09	-1.56977657753e-05
2.27013613116e-09	-2.49812128459e-05
2.28987644535e-09	-2.80412950815e-05
2.30961675953e-09	-2.57721640082e-05
2.32935707372e-09	-2.03204899663e-05
2.3490973879e-09	-1.42492726809e-05
2.36883770208e-09	-9.57086467679e-06
2.38857801627e-09	-6.98690541867e-06
2.40831833045e-09	-5.66005019209e-06
2.42805864464e-09	-3.62907667295e-06
2.44779895882e-09	1.24060790085e-06
2.46753927301e-09	1.01425525827e-05
2.48727958719e-09	2.24820159929e-05
2.50701990137e-09	3.56704385922e-05
2.52676021556e-09	4.57180685771e-05
2.54650052974e-09	4.84892625536e-05
2.56624084393e-09	4.12422105001e-05
2.58598115811e-09	2.39140217673e-05
2.60572147229e-09	-3.84058978398e-07
2.62546178648e-09	-2.59770204138e-05
2.64520210066e-09	-4.62430052721e-05
2.66494241485e-09	-5.57508628845e-05
2.68468272903e-09	-5.21444981132e-05
2.70442304321e-09	-3.70100187865e-05
2.7241633574e-09	-1.53321225298e-05
2.74390367158e-09	6.2681685904e-06
2.76364398577e-09	2.18231307372e-05
2.78338429995e-09	2.79336518361e-05
2.80312461413e-09	2.45911096499e-05
2.82286492832e-09	1.46962634062e-05
2.8426052425e-09	2.61849174876e-06
2.86234555669e-09	-7.50130880078e-06
2.88208587087e-09	-1.30323860503e-05
2.90182618505e-09	-1.33434309646e-05
2.92156649924e-09	-9.51943093241e-06
2.94130681342e-09	-3.63003960047e-06
2.96104712761e-09	2.06835341032e-06
2.98078744179e-09	5.74283694732e-06
3.00052775597e-09	6.35259721093e-06
3.02026807016e-09	3.81540826311e-06
3.04000838434e-09	-9.73746750788e-07
3.05974869853e-09	-6.31977968624e-06
3.07948901271e-09	-1.01663877103e-05
3.09922932689e-09	-1.07807104541e-05
3.11896964108e-09	-7.49147511669e-06
3.13870995526e-09	-1.1406814906e-06
3.15845026945e-09	6.03659555054e-06
3.17819058363e-09	1.11811527859e-05
3.19793089781e-09	1.19680248645e-05
3.217671212e-09	7.64497781347e-06
3.23741152618e-09	-5.59971681469e-07
3.25715184037e-09	-9.88510782918e-06
3.27689215455e-09	-1.71388855961e-05
3.29663246873e-09	-1.99480109586e-05
3.31637278292e-09	-1.75712684722e-05
3.3361130971e-09	-1.09433453872e-05
3.35585341129e-09	-2.03011916255e-06
3.37559372547e-09	7.08563447915e-06
3.39533403966e-09	1.49031839101e-05
3.41507435384e-09	2.06928125408e-05
3.43481466802e-09	2.42145679294e-05
3.45455498221e-09	2.52900590567e-05
3.47429529639e-09	2.35850993704e-05
3.49403561058e-09	1.87747900782e-05
3.51377592476e-09	1.097444283e-05
3.53351623894e-09	1.12046012646e-06
3.55325655313e-09	-9.01102612261e-06
3.57299686731e-09	-1.72454492713e-05
3.5927371815e-09	-2.17434371734e-05
3.61247749568e-09	-2.16770968109e-05
3.63221780986e-09	-1.75259210664e-05
3.65195812405e-09	-1.0864378055e-05
3.67169843823e-09	-3.75309230094e-06
3.69143875242e-09	1.9764239596e-06
3.7111790666e-09	5.24533788848e-06
3.73091938078e-09	5.90198192185e-06
3.75065969497e-09	4.56633642898e-06
3.77040000915e-09	2.29091938309e-06
3.79014032334e-09	2.03317419789e-07
3.80988063752e-09	-7.64462754432e-07
3.8296209517e-09	-5.39590772064e-08
3.84936126589e-09	2.39861390128e-06
3.86910158007e-09	6.08619325249e-06
3.88884189426e-09	9.95306163531e-06
3.90858220844e-09	1.25862293316e-05
3.92832252262e-09	1.26072582134e-05
3.94806283681e-09	9.19324384085e-06
3.96780315099e-09	2.5312579055e-06
3.98754346518e-09	-6.02073873779e-06
4.00728377936e-09	-1.4219336208e-05
4.02702409354e-09	-1.96268811123e-05
4.04676440773e-09	-2.04842172025e-05
4.06650472191e-09	-1.64173143276e-05
4.0862450361e-09	-8.66561777002e-06
4.10598535028e-09	2.8899845006e-07
4.12572566446e-09	7.57869565859e-06
4.14546597865e-09	1.09627858365e-05
4.16520629283e-09	9.61381056186e-06
4.18494660702e-09	4.3733862185e-06
4.2046869212e-09	-2.60204546976e-06
4.22442723538e-09	-8.64940784595e-06
4.24416754957e-09	-1.15366556201e-05
4.26390786375e-09	-1.01828259176e-05
4.28364817794e-09	-4.923643246e-06
4.30338849212e-09	2.71687281383e-06
4.3231288063e-09	1.05988947325e-05
4.34286912049e-09	1.66397549037e-05
4.36260943467e-09	1.93576242964e-05
4.38234974886e-09	1.8161648768e-05
4.40209006304e-09	1.33813800858e-05
4.42183037723e-09	6.10609549767e-06
4.44157069141e-09	-2.08428446058e-06
4.46131100559e-09	-9.44730390984e-06
4.48105131978e-09	-1.44438508869e-05
4.50079163396e-09	-1.61003954418e-05
4.52053194815e-09	-1.42895714816e-05
4.54027226233e-09	-9.81512312137e-06
4.56001257651e-09	-4.21437948717e-06
4.5797528907e-09	7.12871042197e-07
4.59949320488e-09	3.50977165908e-06
4.61923351907e-09	3.57870715106e-06
4.63897383325e-09	1.38957420859e-06
4.65871414743e-09	-1.72577898638e-06
4.67845446162e-09	-4.11846190218e-06
4.6981947758e-09	-4.47794855063e-06
4.71793508999e-09	-2.3238835638e-06
4.73767540417e-09	1.8609148924e-06
4.75741571835e-09	6.8806384661e-06
4.77715603254e-09	1.13113469524e-05
4.79689634672e-09	1.39873109219e-05
4.81663666091e-09	1.42900075843e-05
4.83637697509e-09	1.21812527141e-05
4.85611728927e-09	8.05619310995e-06
4.87585760346e-09	2.55985537478e-06
4.89559791764e-09	-3.52043105067e-06
4.91533823183e-09	-9.28432427827e-06
4.93507854601e-09	-1.37518791234e-05
4.95481886019e-09	-1.60046038218e-05
4.97455917438e-09	-1.54507865773e-05
4.99429948856e-09	-1.21161911011e-05
5.01403980275e-09	-6.79362551637e-06
5.03378011693e-09	-9.08972936031e-07
5.05352043111e-09	3.90392051486e-06
5.0732607453e-09	6.37339917375e-06
5.09300105948e-09	6.0622694491e-06
5.11274137367e-09	3.52773326995e-06
5.13248168785e-09	9.1660211865e-08
5.15222200203e-09	-2.6806006872e-06
5.17196231622e-09	-3.56696250492e-06
5.1917026304e-09	-2.10155940294e-06
5.21144294459e-09	1.32705918077e-06
5.23118325877e-09	5.68427617509e-06
5.25092357295e-09	9.67605865299e-06
5.27066388714e-09	1.21424077406e-05
5.29040420132e-09	1.23315253404e-05
5.31014451551e-09	1.00211091194e-05
5.32988482969e-09	5.51892912881e-06
5.34962514388e-09	-4.04270025456e-07
5.36936545806e-09	-6.62950151309e-06
5.38910577224e-09	-1.18703051157e-05
5.40884608643e-09	-1.49384809447e-05
5.42858640061e-09	-1.50700425365e-05
5.4483267148e-09	-1.22133878904e-05
5.46806702898e-09	-7.1455226589e-06
5.48780734316e-09	-1.3143049955e-06
5.50754765735e-09	3.59253226634e-06
5.52728797153e-09	6.21671370027e-06
5.54702828572e-09	6.0194145135e-06
5.5667685999e-09	3.48289529484e-06
5.58650891408e-09	-7.2009910923e-08
5.60624922827e-09	-2.98928625853e-06
5.62598954245e-09	-3.90155605601e-06
5.64572985664e-09	-2.22637459046e-06
5.66547017082e-09	1.64819317661e-06
5.685210485e-09	6.53793358651e-06
5.70495079919e-09	1.09001748569e-05
5.72469111337e-09	1.33491157612e-05
5.74443142756e-09	1.30636931317e-05
5.76417174174e-09	9.97168581307e-06
5.78391205592e-09	4.69830615657e-06
5.80365237011e-09	-1.65177306144e-06
5.82339268429e-09	-7.78421917857e-06
5.84313299848e-09	-1.24962334667e-05
5.86287331266e-09	-1.49069032886e-05
5.88261362684e-09	-1.4622398794e-05
5.90235394103e-09	-1.18231441775e-05
5.92209425521e-09	-7.24904612071e-06
5.9418345694e-09	-2.05323385671e-06
5.96157488358e-09	2.47681282417e-06
5.98131519776e-09	5.27674501427e-06
6.00105551195e-09	5.83726000514e-06
6.02079582613e-09	4.38201345787e-06
6.04053614032e-09	1.80286025397e-06
6.0602764545e-09	-6.49135586173e-07
6.08001676868e-09	-1.81367278174e-06
6.09975708287e-09	-1.04584381688e-06
6.11949739705e-09	1.55120062573e-06
6.13923771124e-09	5.1715257996e-06
6.15897802542e-09	8.60503223521e-06
6.1787183396e-09	1.06629040602e-05
6.19845865379e-09	1.05634603642e-05
6.21819896797e-09	8.14616714706e-06
6.23793928216e-09	3.86681097098e-06
6.25767959634e-09	-1.38580526254e-06
6.27741991052e-09	-6.55326698507e-06
6.29716022471e-09	-1.06558909465e-05
6.31690053889e-09	-1.29712429953e-05
6.33664085308e-09	-1.31361389322e-05
6.35638116726e-09	-1.11924177872e-05
6.37612148145e-09	-7.58720534577e-06
6.39586179563e-09	-3.11633766614e-06
6.41560210981e-09	1.21707927292e-06
6.435342424e-09	4.43317526333e-06
6.45508273818e-09	5.85512952966e-06
6.47482305237e-09	5.34436435373e-06
6.49456336655e-09	3.38463905791e-06
6.51430368073e-09	9.48870024331e-07
6.53404399492e-09	-8.31253601064e-07
6.5537843091e-09	-1.0800120549e-06
6.57352462329e-09	4.85652407178e-07
6.59326493747e-09	3.43559236171e-06
6.61300525165e-09	6.77491198076e-06
6.63274556584e-09	9.29860516408e-06
6.65248588002e-09	1.00103197838e-05
6.67222619421e-09	8.44560645419e-06
6.69196650839e-09	4.79399545839e-06
6.71170682257e-09	-1.94974660417e-07
6.73144713676e-09	-5.4563561207e-06
6.75118745094e-09	-9.90003127299e-06
6.77092776513e-09	-1.26584568534e-05
6.79066807931e-09	-1.32468180709e-05
6.81040839349e-09	-1.16308110591e-05
6.83014870768e-09	-8.21835419629e-06
6.84988902186e-09	-3.78129288947e-06
6.86962933605e-09	6.92732129437e-07
6.88936965023e-09	4.21942218054e-06
6.90910996441e-09	6.07368133387e-06
6.9288502786e-09	6.0140810092e-06
6.94859059278e-09	4.38566326011e-06
6.96833090697e-09	2.03537445032e-06
6.98807122115e-09	3.83367009249e-08
7.00781153533e-09	-6.82989337975e-07
7.02755184952e-09	2.93687179465e-07
7.0472921637e-09	2.71669932772e-06
7.06703247789e-09	5.73640113544e-06
7.08677279207e-09	8.20608420327e-06
7.10651310625e-09	9.08945594347e-06
7.12625342044e-09	7.81960306995e-06
7.14599373462e-09	4.47868569609e-06
7.16573404881e-09	-2.48363704713e-07
7.18547436299e-09	-5.306382036e-06
7.20521467717e-09	-9.58456803346e-06
7.22495499136e-09	-1.22051224025e-05
7.24469530554e-09	-1.27077760226e-05
7.26443561973e-09	-1.11084714263e-05
7.28417593391e-09	-7.85084421295e-06
7.3039162481e-09	-3.68458768207e-06
7.32365656228e-09	4.9856168971e-07
7.34339687646e-09	3.85246096357e-06
7.36313719065e-09	5.76475713387e-06
7.38287750483e-09	6.01183478466e-06
7.40261781902e-09	4.83194844492e-06
7.4223581332e-09	2.87334216864e-06
7.44209844738e-09	1.0061046396e-06
7.46183876157e-09	3.97919990291e-08
7.48157907575e-09	4.37100069917e-07
7.50131938994e-09	2.13128987525e-06
7.52105970412e-09	4.52646190752e-06
7.5408000183e-09	6.69219980409e-06
7.56054033249e-09	7.68631912251e-06
7.58028064667e-09	6.88591626385e-06
7.60002096086e-09	4.20483138441e-06
7.61976127504e-09	1.23853169498e-07
7.63950158922e-09	-4.46557919531e-06
7.65924190341e-09	-8.53432175063e-06
7.67898221759e-09	-1.12041207103e-05
7.69872253178e-09	-1.19593400996e-05
7.71846284596e-09	-1.07368391582e-05
7.73820316014e-09	-7.89358364273e-06
7.75794347433e-09	-4.0887234718e-06
7.77768378851e-09	-1.22427110227e-07
7.7974241027e-09	3.23459380525e-06
7.81716441688e-09	5.39702023161e-06
7.83690473106e-09	6.08944969827e-06
7.85664504525e-09	5.41356666872e-06
7.87638535943e-09	3.8307819068e-06
7.89612567362e-09	2.04360480893e-06
7.9158659878e-09	7.8826377603e-07
7.93560630198e-09	5.92514794562e-07
7.95534661617e-09	1.57860949912e-06
7.97508693035e-09	3.39305233865e-06
7.99482724454e-09	5.30394277121e-06
8.01456755872e-09	6.44398460281e-06
8.0343078729e-09	6.1173764152e-06
8.05404818709e-09	4.05573518947e-06
8.07378850127e-09	5.29905008761e-07
8.09352881546e-09	-3.72325098397e-06
8.11326912964e-09	-7.72654107095e-06
8.13300944382e-09	-1.05529970824e-05
8.15274975801e-09	-1.15819557323e-05
8.17249007219e-09	-1.06419038275e-05
8.19223038638e-09	-8.01624400992e-06
8.21197070056e-09	-4.33273885392e-06
8.23171101475e-09	-3.87460559637e-07
8.25145132893e-09	3.04356024117e-06
8.27119164311e-09	5.36670995643e-06
8.2909319573e-09	6.28492171018e-06
8.31067227148e-09	5.85090742788e-06
8.33041258567e-09	4.44785155196e-06
8.35015289985e-09	2.6910769293e-06
8.36989321403e-09	1.25946752405e-06
8.38963352822e-09	6.89356568273e-07
8.4093738424e-09	1.19058989867e-06
8.42911415659e-09	2.55349220879e-06
8.44885447077e-09	4.19381967731e-06
8.46859478495e-09	5.33700676897e-06
8.48833509914e-09	5.2867821978e-06
8.50807541332e-09	3.68315909327e-06
8.52781572751e-09	6.5298073082e-07
8.54755604169e-09	-3.20600281611e-06
8.56729635587e-09	-7.00191026226e-06
8.58703667006e-09	-9.82035271591e-06
8.60677698424e-09	-1.09931384031e-05
8.62651729843e-09	-1.02746471384e-05
8.64625761261e-09	-7.8798202594e-06
8.66599792679e-09	-4.39008317699e-06
8.68573824098e-09	-5.753572907e-07
8.70547855516e-09	2.8051362051e-06
8.72521886935e-09	5.17083753948e-06
8.74495918353e-09	6.2271230945e-06
8.76469949771e-09	6.00302723797e-06
8.7844398119e-09	4.82167729388e-06
8.80418012608e-09	3.21036498008e-06
8.82392044027e-09	1.76200916258e-06
8.84366075445e-09	9.70111670995e-07
8.86340106863e-09	1.07652891757e-06
8.88314138282e-09	1.98033853849e-06
8.902881697e-09	3.24933284901e-06
8.92262201119e-09	4.24607537752e-06
8.94236232537e-09	4.33957393398e-06
8.96210263955e-09	3.1340497344e-06
8.98184295374e-09	6.32012358892e-07
9.00158326792e-09	-2.73288640074e-06
9.02132358211e-09	-6.20971604803e-06
9.04106389629e-09	-8.9534696599e-06
9.06080421047e-09	-1.02782469185e-05
9.08054452466e-09	-9.85415135801e-06
9.10028483884e-09	-7.78590219852e-06
9.12002515303e-09	-4.55970825897e-06
9.13976546721e-09	-8.88978462399e-07
9.15950578139e-09	2.48201365594e-06
9.17924609558e-09	4.95663812217e-06
9.19898640976e-09	6.20520791017e-06
9.21872672395e-09	6.20798550699e-06
9.23846703813e-09	5.22769801137e-06
9.25820735232e-09	3.72473562038e-06
9.2779476665e-09	2.23369954711e-06
9.29768798068e-09	1.22303322314e-06
9.31742829487e-09	9.64697306927e-07
9.33716860905e-09	1.44787134104e-06
9.35690892324e-09	2.36886342009e-06
9.37664923742e-09	3.21314814755e-06
9.3963895516e-09	3.41758311606e-06
9.41612986579e-09	2.56718874425e-06
9.43587017997e-09	5.60230944302e-07
9.45561049416e-09	-2.32099205277e-06
9.47535080834e-09	-5.4672098031e-06
9.49509112252e-09	-8.11320933281e-06
9.51483143671e-09	-9.56791200224e-06
9.53457175089e-09	-9.42245014812e-06
9.55431206508e-09	-7.66875859881e-06
9.57405237926e-09	-4.69151905236e-06
9.59379269344e-09	-1.1463285432e-06
9.61353300763e-09	2.22925120852e-06
9.63327332181e-09	4.80782045997e-06
9.653013636e-09	6.21247068011e-06
9.67275395018e-09	6.37708444629e-06
9.69249426436e-09	5.52428582523e-06
9.71223457855e-09	4.07929178436e-06
9.73197489273e-09	2.54729184235e-06
9.75171520692e-09	1.38097698255e-06
9.7714555211e-09	8.6432848434e-07
9.79119583528e-09	1.03667815665e-06
9.81093614947e-09	1.67791182548e-06
9.83067646365e-09	2.36757989569e-06
9.85041677784e-09	2.61145260083e-06
9.87015709202e-09	2.00624947411e-06
9.8898974062e-09	3.92764860635e-07
9.90963772039e-09	-2.05720550639e-06
9.92937803457e-09	-4.85868213218e-06
9.94911834876e-09	-7.33920410312e-06
9.96885866294e-09	-8.83619031811e-06
9.98859897712e-09	-8.90026421985e-06
1.00083392913e-08	-7.43523060009e-06
1.00280796055e-08	-4.72746228297e-06
1.00478199197e-08	-1.35873398222e-06
1.00675602339e-08	1.96371479433e-06
1.0087300548e-08	4.60037949779e-06
1.01070408622e-08	6.13521979176e-06
1.01267811764e-08	6.45411137157e-06
1.01465214906e-08	5.73516967961e-06
1.01662618048e-08	4.36702839579e-06
1.0186002119e-08	2.82704002075e-06
1.02057424331e-08	1.55218521058e-06
1.02254827473e-08	8.31352167552e-07
1.02452230615e-08	7.37808250051e-07
1.02649633757e-08	1.11587576157e-06
1.02847036899e-08	1.62673825344e-06
1.03044440041e-08	1.84860442687e-06
1.03241843183e-08	1.41079851801e-06
1.03439246324e-08	1.27261060356e-07
1.03636649466e-08	-1.91456962284e-06
1.03834052608e-08	-4.34519324699e-06
1.0403145575e-08	-6.59793136037e-06
1.04228858892e-08	-8.06755633675e-06
1.04426262034e-08	-8.29454938867e-06
1.04623665175e-08	-7.11203279025e-06
1.04821068317e-08	-4.70524355478e-06
1.05018471459e-08	-1.56260398398e-06
1.05215874601e-08	1.66364736742e-06
1.05413277743e-08	4.33845752923e-06
1.05610680885e-08	6.0079701143e-06
1.05808084026e-08	6.49831281407e-06
1.06005487168e-08	5.92759920437e-06
1.0620289031e-08	4.63933747596e-06
1.06400293452e-08	3.08622634293e-06
1.06597696594e-08	1.70148740608e-06
1.06795099736e-08	7.89811707591e-07
1.06992502878e-08	4.59953625409e-07
1.07189906019e-08	6.09781864114e-07
1.07387309161e-08	9.64179804441e-07
1.07584712303e-08	1.15916088816e-06
1.07782115445e-08	8.54830744856e-07
1.07979518587e-08	-1.48849636616e-07
1.08176921729e-08	-1.82700847517e-06
1.0837432487e-08	-3.90609625356e-06
1.08571728012e-08	-5.91760408497e-06
1.08769131154e-08	-7.32191165298e-06
1.08966534296e-08	-7.66777156969e-06
1.09163937438e-08	-6.73722706779e-06
1.0936134058e-08	-4.62512502963e-06
1.09558743721e-08	-1.72506753415e-06
1.09756146863e-08	1.3763417428e-06
1.09953550005e-08	4.06145386478e-06
1.10150953147e-08	5.84661074754e-06
1.10348356289e-08	6.49887556392e-06
1.10545759431e-08	6.07258311902e-06
1.10743162572e-08	4.8630481615e-06
1.10940565714e-08	3.2999475934e-06
1.11137968856e-08	1.81814846201e-06
1.11335371998e-08	7.42893035977e-07
1.1153277514e-08	2.16410455778e-07
1.11730178282e-08	1.78876618406e-07
1.11927581424e-08	4.02108511821e-07
1.12124984565e-08	5.65456815593e-07
1.12322387707e-08	3.56209810093e-07
1.12519790849e-08	-4.28169499855e-07
1.12717193991e-08	-1.80269756811e-06
1.12914597133e-08	-3.56545695013e-06
1.13112000275e-08	-5.33180650564e-06
1.13309403416e-08	-6.63001196699e-06
1.13506806558e-08	-7.03547402736e-06
1.137042097e-08	-6.30437602922e-06
1.13901612842e-08	-4.46224930784e-06
1.14099015984e-08	-1.81539991218e-06
1.14296419126e-08	1.12301978561e-06
1.14493822267e-08	3.77063531687e-06
1.14691225409e-08	5.63271441933e-06
1.14888628551e-08	6.4286525685e-06
1.15086031693e-08	6.15027829554e-06
1.15283434835e-08	5.03786964146e-06
1.15480837977e-08	3.48925777871e-06
1.15678241118e-08	1.93490228639e-06
1.1587564426e-08	7.18516332654e-07
1.16073047402e-08	1.58572177611e-08
1.16270450544e-08	-1.92328649007e-07
1.16467853686e-08	-9.23429652744e-08
1.16665256828e-08	3.21906235001e-08
1.1686265997e-08	-1.0719377741e-07
1.17060063111e-08	-7.11267261977e-07
1.17257466253e-08	-1.82265063131e-06
1.17454869395e-08	-3.29540000621e-06
1.17652272537e-08	-4.8168487865e-06
1.17849675679e-08	-5.98166752752e-06
1.18047078821e-08	-6.4025255142e-06
1.18244481962e-08	-5.82824077355e-06
1.18441885104e-08	-4.23294522989e-06
1.18639288246e-08	-1.84481245924e-06
1.18836691388e-08	9.00179259133e-07
1.1903409453e-08	3.46880187863e-06
1.19231497672e-08	5.37234654985e-06
1.19428900813e-08	6.29510941508e-06
1.19626303955e-08	6.16886995886e-06
1.19823707097e-08	5.17286571267e-06
1.20021110239e-08	3.66277095054e-06
1.20218513381e-08	2.05628850836e-06
1.20415916523e-08	7.13062661362e-07
1.20613319664e-08	-1.55598058882e-07
1.20810722806e-08	-5.25108077909e-07
1.21008125948e-08	-5.40001991567e-07
1.2120552909e-08	-4.51075251817e-07
1.21402932232e-08	-5.28658915755e-07
1.21600335374e-08	-9.74677845988e-07
1.21797738516e-08	-1.85518638318e-06
1.21995141657e-08	-3.06919332616e-06
1.22192544799e-08	-4.36292202721e-06
1.22389947941e-08	-5.38875860912e-06
1.22587351083e-08	-5.79763150199e-06
1.22784754225e-08	-5.34215701009e-06
1.22982157367e-08	-3.96135465053e-06
1.23179560508e-08	-1.81908825425e-06
1.2337696365e-08	7.20914641761e-07
1.23574366792e-08	3.18048330428e-06
1.23771769934e-08	5.0901587656e-06
1.23969173076e-08	6.11299219599e-06
1.24166576218e-08	6.12949543211e-06
1.24363979359e-08	5.25818518327e-06
1.24561382501e-08	3.80660787869e-06
1.24758785643e-08	2.17161425553e-06
1.24956188785e-08	7.22635974171e-07
1.25153591927e-08	-2.95794606586e-07
1.25350995069e-08	-8.15162366052e-07
1.2554839821e-08	-9.37965211278e-07
1.25745801352e-08	-8.84121959643e-07
1.25943204494e-08	-9.09046150355e-07
1.26140607636e-08	-1.21759734384e-06
1.26338010778e-08	-1.89662659977e-06
1.2653541392e-08	-2.88205217203e-06
1.26732817062e-08	-3.96772907152e-06
1.26930220203e-08	-4.85469286104e-06
1.27127623345e-08	-5.23013500242e-06
1.27325026487e-08	-4.8576825975e-06
1.27522429629e-08	-3.65551363757e-06
1.27719832771e-08	-1.73811787363e-06
1.27917235913e-08	5.94013016553e-07
1.28114639054e-08	2.91905109862e-06
1.28312042196e-08	4.79761774841e-06
1.28509445338e-08	5.88665693613e-06
1.2870684848e-08	6.02813543082e-06
1.28904251622e-08	5.28490954821e-06
1.29101654764e-08	3.91285675505e-06
1.29299057905e-08	2.2787380658e-06
1.29496461047e-08	7.51689071876e-07
1.29693864189e-08	-3.97203507418e-07
1.29891267331e-08	-1.05738280354e-06
1.30088670473e-08	-1.28786211917e-06
1.30286073615e-08	-1.27549043327e-06
1.30483476757e-08	-1.2596139527e-06
1.30680879898e-08	-1.44761804677e-06
1.3087828304e-08	-1.94602387182e-06
1.31075686182e-08	-2.72398585821e-06
1.31273089324e-08	-3.61680463357e-06
1.31470492466e-08	-4.36770733359e-06
1.31667895608e-08	-4.69701603834e-06
1.31865298749e-08	-4.38244023826e-06
1.32062701891e-08	-3.33003697506e-06
1.32260105033e-08	-1.61661262155e-06
1.32457508175e-08	5.11370103595e-07
1.32654911317e-08	2.68608960141e-06
1.32852314459e-08	4.50428342447e-06
1.330497176e-08	5.62856689612e-06
1.33247120742e-08	5.8745943079e-06
1.33444523884e-08	5.25721202393e-06
1.33641927026e-08	3.98034308091e-06
1.33839330168e-08	2.37371477851e-06
1.3403673331e-08	7.96289981508e-07
1.34234136451e-08	-4.6258277564e-07
1.34431539593e-08	-1.25408809026e-06
1.34628942735e-08	-1.59289396606e-06
1.34826345877e-08	-1.62961055139e-06
1.35023749019e-08	-1.58430088959e-06
1.35221152161e-08	-1.66547346225e-06
1.35418555303e-08	-1.99889427677e-06
1.35615958444e-08	-2.58570696587e-06
1.35813361586e-08	-3.29950478317e-06
1.36010764728e-08	-3.92095876123e-06
1.3620816787e-08	-4.19951402364e-06
1.36405571012e-08	-3.92634456148e-06
1.36602974154e-08	-3.00007081933e-06
1.36800377295e-08	-1.46856177707e-06
1.36997780437e-08	4.66482418915e-07
1.37195183579e-08	2.48573132922e-06
1.37392586721e-08	4.22315156356e-06
1.37589989863e-08	5.35493813913e-06
1.37787393005e-08	5.68158361602e-06
1.37984796146e-08	5.17945591127e-06
1.38182199288e-08	4.0046174945e-06
1.3837960243e-08	2.4466665991e-06
1.38577005572e-08	8.46327139925e-07
1.38774408714e-08	-4.98113678304e-07
1.38971811856e-08	-1.40615935607e-06
1.39169214997e-08	-1.85043580814e-06
1.39366618139e-08	-1.94317078694e-06
1.39564021281e-08	-1.88144838376e-06
1.39761424423e-08	-1.87141483821e-06
1.39958827565e-08	-2.05576202461e-06
1.40156230707e-08	-2.46618822075e-06
1.40353633849e-08	-3.01272450542e-06
1.4055103699e-08	-3.51074459104e-06
1.40748440132e-08	-3.73588841285e-06
1.40945843274e-08	-3.49175741121e-06
1.41143246416e-08	-2.67212874405e-06
1.41340649558e-08	-1.30200049853e-06
1.415380527e-08	4.53663247413e-07
1.41735455841e-08	2.31773242376e-06
1.41932858983e-08	3.96015752813e-06
1.42130262125e-08	5.07538698002e-06
1.42327665267e-08	5.4582235407e-06
1.42525068409e-08	5.05648495164e-06
1.42722471551e-08	3.98457700612e-06
1.42919874692e-08	2.49201389124e-06
1.43117277834e-08	8.9502185574e-07
1.43314680976e-08	-5.08428485091e-07
1.43512084118e-08	-1.51471004983e-06
1.4370948726e-08	-2.05875539905e-06
1.43906890402e-08	-2.21399989186e-06
1.44104293543e-08	-2.1505204586e-06
1.44301696685e-08	-2.06689514926e-06
1.44499099827e-08	-2.11873361877e-06
1.44696502969e-08	-2.36596258674e-06
1.44893906111e-08	-2.75407001027e-06
1.45091309253e-08	-3.13225984883e-06
1.45288712395e-08	-3.30148429839e-06
1.45486115536e-08	-3.07723576043e-06
1.45683518678e-08	-2.34961464685e-06
1.4588092182e-08	-1.1244860616e-06
1.46078324962e-08	4.64386602061e-07
1.46275728104e-08	2.17676654302e-06
1.46473131246e-08	3.71598093807e-06
1.46670534387e-08	4.79688696942e-06
1.46867937529e-08	5.21490733263e-06
1.47065340671e-08	4.8977572078e-06
1.47262743813e-08	3.92506103708e-06
1.47460146955e-08	2.50839650562e-06
1.47657550097e-08	9.36252035899e-07
1.47854953238e-08	-5.01238133666e-07
1.4805235638e-08	-1.58571333486e-06
1.48249759522e-08	-2.22042706355e-06
1.48447162664e-08	-2.44155864948e-06
1.48644565806e-08	-2.38946984155e-06
1.48841968948e-08	-2.25009296173e-06
1.4903937209e-08	-2.18671436869e-06
1.49236775231e-08	-2.2841622922e-06
1.49434178373e-08	-2.52190000083e-06
1.49631581515e-08	-2.78289303424e-06
1.49828984657e-08	-2.89371178042e-06
1.50026387799e-08	-2.68210749255e-06
1.50223790941e-08	-2.03523507025e-06
1.50421194082e-08	-9.41990151659e-07
1.50618597224e-08	4.91620852472e-07
1.50816000366e-08	2.05798244224e-06
1.51013403508e-08	3.49077413375e-06
1.5121080665e-08	4.5252156724e-06
1.51408209792e-08	4.96113057125e-06
1.51605612933e-08	4.71267799185e-06
1.51803016075e-08	3.8314685753e-06
1.52000419217e-08	2.49525169238e-06
1.52197822359e-08	9.64117816693e-07
1.52395225501e-08	-4.84867143768e-07
1.52592628643e-08	-1.62637530821e-06
1.52790031784e-08	-2.33893524637e-06
1.52987434926e-08	-2.62519881744e-06
1.53184838068e-08	-2.59495698174e-06
1.5338224121e-08	-2.41715690663e-06
1.53579644352e-08	-2.25717144531e-06
1.53777047494e-08	-2.21995605898e-06
1.53974450636e-08	-2.31635044656e-06
1.54171853777e-08	-2.46279557814e-06
1.54369256919e-08	-2.51225117154e-06
1.54566660061e-08	-2.30601358453e-06
1.54764063203e-08	-1.7297364252e-06
1.54961466345e-08	-7.56974912974e-07
1.55158869487e-08	5.31498386636e-07
1.55356272628e-08	1.95768893718e-06
1.5555367577e-08	3.28310761688e-06
1.55751078912e-08	4.26265023634e-06
1.55948482054e-08	4.70266218144e-06
1.56145885196e-08	4.50854327028e-06
1.56343288338e-08	3.7096987171e-06
1.56540691479e-08	2.45459625603e-06
1.56738094621e-08	9.75936529812e-07
1.56935497763e-08	-4.65435164188e-07
1.57132900905e-08	-1.64349432907e-06
1.57330304047e-08	-2.4190591148e-06
1.57527707189e-08	-2.76613229744e-06
1.5772511033e-08	-2.76502544239e-06
1.57922513472e-08	-2.56468274529e-06
1.58119916614e-08	-2.32721390603e-06
1.58317319756e-08	-2.17198464725e-06
1.58514722898e-08	-2.13751184219e-06
1.5871212604e-08	-2.17237675315e-06
1.58909529182e-08	-2.15702448259e-06
1.59106932323e-08	-1.94842493784e-06
1.59304335465e-08	-1.43290554888e-06
1.59501738607e-08	-5.70601002892e-07
1.59699141749e-08	5.81161714308e-07
1.59896544891e-08	1.87230352822e-06
1.60093948033e-08	3.09050415126e-06
1.60291351174e-08	4.00956992053e-06
1.60488754316e-08	4.44337752015e-06
1.60686157458e-08	4.29166061622e-06
1.608835606e-08	3.56617056241e-06
1.61080963742e-08	2.39027497173e-06
1.61278366884e-08	9.71381837189e-07
1.61475770025e-08	-4.47306149454e-07
1.61673173167e-08	-1.64364763577e-06
1.61870576309e-08	-2.46698198225e-06
1.62067979451e-08	-2.86798604066e-06
1.62265382593e-08	-2.8997528716e-06
1.62462785735e-08	-2.68994642738e-06
1.62660188876e-08	-2.39288863213e-06
1.62857592018e-08	-2.13692339912e-06
1.6305499516e-08	-1.98366569748e-06
1.63252398302e-08	-1.9115875034e-06
1.63449801444e-08	-1.82889556299e-06
1.63647204586e-08	-1.61034989787e-06
1.63844607728e-08	-1.14563010811e-06
1.64042010869e-08	-3.83964959383e-07
1.64239414011e-08	6.38954048782e-07
1.64436817153e-08	1.79967946679e-06
1.64634220295e-08	2.91116475637e-06
1.64831623437e-08	3.76581726869e-06
1.65029026579e-08	4.18570311922e-06
1.6522642972e-08	4.06686604038e-06
1.65423832862e-08	3.4065787986e-06
1.65621236004e-08	2.30654904954e-06
1.65818639146e-08	9.51337568722e-07
1.66016042288e-08	-4.33533969613e-07
1.6621344543e-08	-1.63273853104e-06
1.66410848571e-08	-2.48906064826e-06
1.66608251713e-08	-2.93508844607e-06
1.66805654855e-08	-3.00014062304e-06
1.67003057997e-08	-2.79068547115e-06
1.67200461139e-08	-2.45020078182e-06
1.67397864281e-08	-2.11096210023e-06
1.67595267423e-08	-1.85250888762e-06
1.67792670564e-08	-1.68008500623e-06
1.67990073706e-08	-1.52899735895e-06
1.68187476848e-08	-1.29342981836e-06
1.6838487999e-08	-8.69399343628e-07
1.68582283132e-08	-1.98160840625e-07
1.68779686274e-08	7.03994771811e-07
1.68977089415e-08	1.7389157847e-06
1.69174492557e-08	2.7443225008e-06
1.69371895699e-08	3.53130417352e-06
1.69569298841e-08	3.93094796891e-06
1.69766701983e-08	3.83710835195e-06
1.69964105125e-08	3.23493679844e-06
1.70161508266e-08	2.20725269173e-06
1.70358911408e-08	9.17700305081e-07
1.7055631455e-08	-4.25251585057e-07
1.70753717692e-08	-1.61478180871e-06
1.70951120834e-08	-2.49084257575e-06
1.71148523976e-08	-2.97237102131e-06
1.71345927117e-08	-3.06861124955e-06
1.71543330259e-08	-2.86619228973e-06
1.71740733401e-08	-2.49600998359e-06
1.71938136543e-08	-2.0900911295e-06
1.72135539685e-08	-1.7410189912e-06
1.72332942827e-08	-1.47669766193e-06
1.72530345969e-08	-1.2579430404e-06
1.7272774911e-08	-9.99288204184e-07
1.72925152252e-08	-6.05911623097e-07
1.73122555394e-08	-1.44558356396e-08
1.73319958536e-08	7.75467924541e-07
1.73517361678e-08	1.68940579215e-06
1.7371476482e-08	2.58950740317e-06
1.73912167961e-08	3.30603268139e-06
1.74109571103e-08	3.67998575257e-06
1.74306974245e-08	3.60450746939e-06
1.74504377387e-08	3.05441835735e-06
1.74701780529e-08	2.09560482745e-06
1.74899183671e-08	8.72632568871e-07
1.75096586812e-08	-4.22490302299e-07
1.75293989954e-08	-1.5924090917e-06
1.75491393096e-08	-2.47679986387e-06
1.75688796238e-08	-2.98470445159e-06
1.7588619938e-08	-3.10868051656e-06
1.76083602522e-08	-2.91728974844e-06
1.76281005663e-08	-2.52831046055e-06
1.76478408805e-08	-2.07058008073e-06
1.76675811947e-08	-1.64533361158e-06
1.76873215089e-08	-1.29903742163e-06
1.77070618231e-08	-1.01545350617e-06
1.77268021373e-08	-7.29425238433e-07
1.77465424515e-08	-3.57411124696e-07
1.77662827656e-08	1.65191174517e-07
1.77860230798e-08	8.52196393453e-07
1.7805763394e-08	1.6507515852e-06
1.78255037082e-08	2.44678119543e-06
1.78452440224e-08	3.09037272928e-06
1.78649843366e-08	3.4336914041e-06
1.78847246507e-08	3.37072208367e-06
1.79044649649e-08	2.86744818823e-06
1.79242052791e-08	1.97432200366e-06
1.79439455933e-08	8.18108901512e-07
1.79636859075e-08	-4.2496600372e-07
1.79834262217e-08	-1.56743743673e-06
1.80031665358e-08	-2.45055559844e-06
1.802290685e-08	-2.9763564271e-06
1.80426471642e-08	-3.1237912026e-06
1.80623874784e-08	-2.94546862278e-06
1.80821277926e-08	-2.5462212534e-06
1.81018681068e-08	-2.04954346827e-06
1.81216084209e-08	-1.56181209832e-06
1.81413487351e-08	-1.14408101126e-06
1.81610890493e-08	-8.00235909537e-07
1.81808293635e-08	-4.8456706736e-07
1.82005696777e-08	-1.26071313389e-07
1.82203099919e-08	3.3826454171e-07
1.82400503061e-08	9.32356869043e-07
1.82597906202e-08	1.62234448453e-06
1.82795309344e-08	2.31664830608e-06
1.82992712486e-08	2.88537387405e-06
1.83190115628e-08	3.19327773468e-06
1.8338751877e-08	3.13700650167e-06
1.83584921912e-08	2.67549751243e-06
1.83782325053e-08	1.84515681667e-06
1.83979728195e-08	7.55794815177e-07
1.84177131337e-08	-4.31894505937e-07
1.84374534479e-08	-1.54069505243e-06
1.84571937621e-08	-2.41475163421e-06
1.84769340763e-08	-2.95107258808e-06
1.84966743904e-08	-3.11754058657e-06
1.85164147046e-08	-2.95284075946e-06
1.85361550188e-08	-2.54952317391e-06
1.8555895333e-08	-2.02478508982e-06
1.85756356472e-08	-1.48719038862e-06
1.85953759614e-08	-1.00884216181e-06
1.86151162756e-08	-6.10609816931e-07
1.86348565897e-08	-2.64711218279e-07
1.86545969039e-08	8.66619309647e-08
1.86743372181e-08	5.02607662156e-07
1.86940775323e-08	1.0139516462e-06
1.87138178465e-08	1.60297969387e-06
1.87335581607e-08	2.19899698095e-06
1.87532984748e-08	2.69190070412e-06
1.8773038789e-08	2.96021937629e-06
1.87927791032e-08	2.90501679956e-06
1.88125194174e-08	2.48012565862e-06
1.88322597316e-08	1.70944360889e-06
1.88520000458e-08	6.86639822334e-07
1.88717403599e-08	-4.42858080874e-07
1.88914806741e-08	-1.51270836568e-06
1.89112209883e-08	-2.37104836742e-06
1.89309613025e-08	-2.91162632493e-06
1.89507016167e-08	-3.09307472435e-06
1.89704419309e-08	-2.94186042993e-06
1.8990182245e-08	-2.53908183367e-06
1.90099225592e-08	-1.9950538217e-06
1.90296628734e-08	-1.41865797332e-06
1.90494031876e-08	-8.90056924163e-07
1.90691435018e-08	-4.44174517611e-07
1.9088883816e-08	-6.91854502577e-08
1.91086241302e-08	2.79757074395e-07
1.91283644443e-08	6.56114195863e-07
1.91481047585e-08	1.09480134824e-06
1.91678450727e-08	1.59124505217e-06
1.91875853869e-08	2.09346603697e-06
1.92073257011e-08	2.51067126555e-06
1.92270660153e-08	2.73587829724e-06
1.92468063294e-08	2.67640530183e-06
1.92665466436e-08	2.28295448323e-06
1.92862869578e-08	1.56849711175e-06
1.9306027272e-08	6.11518032656e-07
1.93257675862e-08	-4.5767266954e-07
1.93455079004e-08	-1.4841099869e-06
1.93652482145e-08	-2.32096977015e-06
1.93849885287e-08	-2.86021952434e-06
1.94047288429e-08	-3.05289916014e-06
1.94244691571e-08	-2.91466722047e-06
1.94442094713e-08	-2.51597919032e-06
1.94639497855e-08	-1.95993652596e-06
1.94836900996e-08	-1.35428564363e-06
1.95034304138e-08	-7.84977117974e-07
1.9523170728e-08	-2.98317360148e-07
1.95429110422e-08	1.035014634e-07
1.95626513564e-08	4.52997468869e-07
1.95823916706e-08	7.97100057071e-07
1.96021319848e-08	1.17258542787e-06
1.96218722989e-08	1.58518776061e-06
1.96416126131e-08	1.99933083422e-06
1.96613529273e-08	2.34221704432e-06
1.96810932415e-08	2.52173117588e-06
1.97008335557e-08	2.45296018875e-06
1.97205738699e-08	2.0855358116e-06
1.9740314184e-08	1.42340428511e-06
1.97600544982e-08	5.3102959896e-07
1.97797948124e-08	-4.7623672117e-07
1.97995351266e-08	-1.45533942941e-06
1.98192754408e-08	-2.26568477046e-06
1.9839015755e-08	-2.79871915154e-06
1.98587560691e-08	-2.9992634154e-06
1.98784963833e-08	-2.87331829441e-06
1.98982366975e-08	-2.48135597758e-06
1.99179770117e-08	-1.91925425952e-06
1.99377173259e-08	-1.29262565451e-06
1.99574576401e-08	-6.91274919973e-07
1.99771979542e-08	-1.70693667201e-07
1.99969382684e-08	2.5491844724e-07
2.00166785826e-08	6.06723006058e-07
2.00364188968e-08	9.24644666611e-07
2.0056159211e-08	1.24553753267e-06
2.00758995252e-08	1.5829443214e-06
2.00956398394e-08	1.9152925006e-06
2.01153801535e-08	2.18637853777e-06
2.01351204677e-08	2.31878186696e-06
2.01548607819e-08	2.23643905883e-06
2.01746010961e-08	1.88976241589e-06
2.01943414103e-08	1.27561168028e-06
2.02140817245e-08	4.45827751605e-07
2.02338220386e-08	-4.98700586604e-07
2.02535623528e-08	-1.42721512475e-06
2.0273302667e-08	-2.2063935603e-06
2.02930429812e-08	-2.72861416306e-06
2.03127832954e-08	-2.93382549899e-06
2.03325236096e-08	-2.81943289338e-06
2.03522639237e-08	-2.43642989517e-06
2.03720042379e-08	-1.8733634306e-06
2.03917445521e-08	-1.23284496567e-06
2.04114848663e-08	-6.07112951911e-07
2.04312251805e-08	-5.89887854119e-08
2.04509654947e-08	3.87010231861e-07
2.04707058089e-08	7.41768729995e-07
2.0490446123e-08	1.03822537767e-06
2.05101864372e-08	1.31206377318e-06
2.05299267514e-08	1.58260502303e-06
2.05496670656e-08	1.83995973657e-06
2.05694073798e-08	2.0427802383e-06
2.0589147694e-08	2.12775125874e-06
2.06088880081e-08	2.02832950436e-06
2.06286283223e-08	1.69736728139e-06
2.06483686365e-08	1.12656397278e-06
2.06681089507e-08	3.56711666427e-07
2.06878492649e-08	-5.25015622088e-07
2.07075895791e-08	-1.40037207075e-06
2.07273298932e-08	-2.14428609979e-06
2.07470702074e-08	-2.65144433342e-06
2.07668105216e-08	-2.85822522983e-06
2.07865508358e-08	-2.75445893294e-06
2.080629115e-08	-2.38218615323e-06
2.08260314642e-08	-1.82249738145e-06
2.08457717783e-08	-1.17431886792e-06
2.08655120925e-08	-5.3106018072e-07
2.08852524067e-08	3.86437726263e-08
2.09049927209e-08	5.01520986518e-07
2.09247330351e-08	8.59221046312e-07
2.09444733493e-08	1.13787370992e-06
2.09642136635e-08	1.37119445753e-06
2.09839539776e-08	1.58256926852e-06
2.10036942918e-08	1.77179146021e-06
2.1023434606e-08	1.91058046539e-06
2.10431749202e-08	1.94883159566e-06
2.10629152344e-08	1.82982353181e-06
2.10826555486e-08	1.51006162241e-06
2.11023958627e-08	9.77893193976e-07
2.11221361769e-08	2.64685084517e-07
2.11418764911e-08	-5.55039122219e-07
2.11616168053e-08	-1.37550011914e-06
2.11813571195e-08	-2.08063181617e-06
2.12010974337e-08	-2.56868827364e-06
2.12208377478e-08	-2.77391723102e-06
2.1240578062e-08	-2.67963685019e-06
2.12603183762e-08	-2.31947456086e-06
2.12800586904e-08	-1.76697250254e-06
2.12997990046e-08	-1.11667452529e-06
2.13195393188e-08	-4.62064619455e-07
2.13392796329e-08	1.23794251294e-07
2.13590199471e-08	6.00117459726e-07
2.13787602613e-08	9.60304106457e-07
2.13985005755e-08	1.22394715163e-06
2.14182408897e-08	1.42229441735e-06
2.14379812039e-08	1.5815277834e-06
2.14577215181e-08	1.70930132981e-06
2.14774618322e-08	1.7887738295e-06
2.14972021464e-08	1.78193994316e-06
2.15169424606e-08	1.64173854955e-06
2.15366827748e-08	1.32929642405e-06
2.1556423089e-08	8.31113680988e-07
2.15761634032e-08	1.70876695904e-07
2.15959037173e-08	-5.88413684e-07
2.16156440315e-08	-1.35305708682e-06
2.16353843457e-08	-2.01653040222e-06
2.16551246599e-08	-2.48183164331e-06
2.16748649741e-08	-2.68240637524e-06
2.16946052883e-08	-2.59621197074e-06
2.17143456024e-08	-2.24909058488e-06
2.17340859166e-08	-1.7070013314e-06
2.17538262308e-08	-1.05951903606e-06
2.1773566545e-08	-3.99163553766e-07
2.17933068592e-08	1.97771171884e-07
2.18130471734e-08	6.84230315073e-07
2.18327874875e-08	1.0461554325e-06
2.18525278017e-08	1.29699878926e-06
2.18722681159e-08	1.46514202015e-06
2.18920084301e-08	1.57852883831e-06
2.19117487443e-08	1.65123583429e-06
2.19314890585e-08	1.67626200209e-06
2.19512293727e-08	1.62659159741e-06
2.19709696868e-08	1.46448786609e-06
2.1990710001e-08	1.15619764074e-06
2.20104503152e-08	6.87719392545e-07
2.20301906294e-08	7.65274563719e-08
2.20499309436e-08	-6.2454955696e-07
2.20696712578e-08	-1.33331417373e-06
2.20894115719e-08	-1.95301674921e-06
2.21091518861e-08	-2.39232974764e-06
2.21288922003e-08	-2.5852083354e-06
2.21486325145e-08	-2.50541381774e-06
2.21683728287e-08	-2.17176238948e-06
2.21881131429e-08	-1.64277395243e-06
2.2207853457e-08	-1.00250628066e-06
2.22275937712e-08	-3.41566249062e-07
2.22473340854e-08	2.61722874484e-07
2.22670743996e-08	7.5510004649e-07
2.22868147138e-08	1.1179070043e-06
2.2306555028e-08	1.3576946003e-06
2.23262953422e-08	1.49974420083e-06
2.23460356563e-08	1.57291776759e-06
2.23657759705e-08	1.5964945419e-06
2.23855162847e-08	1.57196143391e-06
2.24052565989e-08	1.48217498008e-06
2.24249969131e-08	1.29818647565e-06
2.24447372273e-08	9.91636966319e-07
2.24644775414e-08	5.48956506918e-07
2.24842178556e-08	-1.71499259238e-08
2.25039581698e-08	-6.62742650093e-07
2.2523698484e-08	-1.31631344402e-06
2.25434387982e-08	-1.89087921854e-06
2.25631791124e-08	-2.30148748415e-06
2.25829194265e-08	-2.48377546086e-06
2.26026597407e-08	-2.40852750721e-06
2.26224000549e-08	-2.08833137094e-06
2.26421403691e-08	-1.57451989935e-06
2.26618806833e-08	-9.45294431176e-07
2.26816209975e-08	-2.88463922971e-07
2.27013613116e-08	3.16726129768e-07
2.27211016258e-08	8.13890721929e-07
2.274084194e-08	1.17651916298e-06
2.27605822542e-08	1.40665730441e-06
2.27803225684e-08	1.52623090344e-06
2.28000628826e-08	1.56429774734e-06
2.28198031968e-08	1.54426567178e-06
2.28395435109e-08	1.47491630287e-06
2.28592838251e-08	1.34795936901e-06
2.28790241393e-08	1.14265634465e-06
2.28987644535e-08	8.36107034274e-07
2.29185047677e-08	4.15858679048e-07
2.29382450819e-08	-1.08999365978e-07
2.2957985396e-08	-7.02151993437e-07
2.29777257102e-08	-1.30190028358e-06
2.29974660244e-08	-1.83070881121e-06
2.30172063386e-08	-2.21048264848e-06
2.30369466528e-08	-2.37952281168e-06
2.3056686967e-08	-2.30680859659e-06
2.30764272811e-08	-1.99966120817e-06
2.30961675953e-08	-1.50254965092e-06
2.31159079095e-08	-8.87612912948e-07
2.31356482237e-08	-2.39127544432e-07
2.31553885379e-08	3.63818216442e-07
2.31751288521e-08	8.61704592126e-07
2.31948691662e-08	1.2229726849e-06
2.32146094804e-08	1.44450683592e-06
2.32343497946e-08	1.54475833369e-06
2.32540901088e-08	1.55236921273e-06
2.3273830423e-08	1.49390206161e-06
2.32935707372e-08	1.38434171504e-06
2.33133110514e-08	1.22326923702e-06
2.33330513655e-08	9.97602739972e-07
2.33527916797e-08	6.89817682087e-07
2.33725319939e-08	2.89144992394e-07
2.33922723081e-08	-1.98034342702e-07
2.34120126223e-08	-7.41933490644e-07
2.34317529365e-08	-1.28968963509e-06
2.34514932506e-08	-1.772831979e-06
2.34712335648e-08	-2.12029965496e-06
2.3490973879e-08	-2.27379803164e-06
2.35107141932e-08	-2.20158369757e-06
2.35304545074e-08	-1.90664428601e-06
2.35501948216e-08	-1.42721285101e-06
2.35699351357e-08	-8.29254787504e-07
2.35896754499e-08	-1.92848474967e-07
2.36094157641e-08	4.0394904488e-07
2.36291560783e-08	8.99570494539e-07
2.36488963925e-08	1.25820059793e-06
2.36686367067e-08	1.47190223743e-06
2.36883770208e-08	1.55558376491e-06
2.3708117335e-08	1.53694372784e-06
2.37278576492e-08	1.44485369447e-06
2.37475979634e-08	1.29950763039e-06
2.37673382776e-08	1.10747879489e-06
2.37870785918e-08	8.62680394675e-07
2.3806818906e-08	5.52867675196e-07
2.38265592201e-08	1.69312471598e-07
2.38462995343e-08	-2.83502046727e-07
2.38660398485e-08	-7.8131742498e-07
2.38857801627e-08	-1.27924761273e-06
2.39055204769e-08	-1.71735382537e-06
2.39252607911e-08	-2.03162210255e-06
2.39450011052e-08	-2.1677570885e-06
2.39647414194e-08	-2.0941213279e-06
2.39844817336e-08	-1.8103248749e-06
2.40042220478e-08	-1.34900312787e-06
2.4023962362e-08	-7.70060523791e-07
2.40437026762e-08	-1.48978209324e-07
2.40634429903e-08	4.38095412392e-07
2.40831833045e-08	9.28523832044e-07
2.41029236187e-08	1.28307488012e-06
2.41226639329e-08	1.48944542389e-06
2.41424042471e-08	1.55896486831e-06
2.41621445613e-08	1.51792221459e-06
2.41818848754e-08	1.39670135013e-06
2.42016251896e-08	1.21981065604e-06
2.42213655038e-08	9.99939970825e-07
2.4241105818e-08	7.37464887379e-07
2.42608461322e-08	4.25200695986e-07
2.42805864464e-08	5.66990951967e-08
2.43003267606e-08	-3.64766847838e-07
2.43200670747e-08	-8.19626933435e-07
2.43398073889e-08	-1.27012589246e-06
2.43595477031e-08	-1.66426451642e-06
2.43792880173e-08	-1.94498636574e-06
2.43990283315e-08	-2.06233369227e-06
2.44187686457e-08	-1.98555414954e-06
2.44385089598e-08	-1.71172268892e-06
2.4458249274e-08	-1.26849045046e-06
2.44779895882e-08	-7.10052319164e-07
2.44977299024e-08	-1.06994392013e-07
2.45174702166e-08	4.67162990958e-07
2.45372105308e-08	9.49600888589e-07
2.45569508449e-08	1.298522875e-06
2.45766911591e-08	1.49778844616e-06
2.45964314733e-08	1.55518489464e-06
2.46161717875e-08	1.49522770698e-06
2.46359121017e-08	1.34906605354e-06
2.46556524159e-08	1.14469060009e-06
2.46753927301e-08	9.00104737411e-07
2.46951330442e-08	6.21554221425e-07
2.47148733584e-08	3.06680888684e-07
2.47346136726e-08	-4.84836011339e-08
2.47543539868e-08	-4.4137894406e-07
2.4774094301e-08	-8.56321634046e-07
2.47938346152e-08	-1.26188024296e-06
2.48135749293e-08	-1.61345525385e-06
2.48333152435e-08	-1.86071713415e-06
2.48530555577e-08	-1.95829466065e-06
2.48727958719e-08	-1.87689005315e-06
2.48925361861e-08	-1.61179389124e-06
2.49122765003e-08	-1.18637694868e-06
2.49320168144e-08	-6.49376517003e-07
2.49517571286e-08	-6.64672015205e-08
2.49714974428e-08	4.91998946472e-07
2.4991237757e-08	9.63839994483e-07
2.50109780712e-08	1.30547817889e-06
2.50307183854e-08	1.49757499912e-06
2.50504586995e-08	1.54455210577e-06
2.50701990137e-08	1.46880182683e-06
2.50899393279e-08	1.3016522189e-06
2.51096796421e-08	1.07367708324e-06
2.51294199563e-08	8.07454256346e-07
2.51491602705e-08	5.14503170734e-07
2.51689005847e-08	1.97093939391e-07
2.51886408988e-08	-1.46171068138e-07
2.5208381213e-08	-5.12982410328e-07
2.52281215272e-08	-8.90902072115e-07
2.52478618414e-08	-1.25410713281e-06
2.52676021556e-08	-1.56478535018e-06
2.52873424698e-08	-1.77905263854e-06
2.53070827839e-08	-1.85624679716e-06
2.53268230981e-08	-1.76898350901e-06
2.53465634123e-08	-1.51142108962e-06
2.53663037265e-08	-1.10328363689e-06
2.53860440407e-08	-5.88282375702e-07
2.54057843549e-08	-2.71428355347e-08
2.5425524669e-08	5.1330698625e-07
2.54452649832e-08	9.72175371317e-07
2.54650052974e-08	1.30491741857e-06
2.54847456116e-08	1.48956507928e-06
2.55044859258e-08	1.52742256887e-06
2.552422624e-08	1.43865020164e-06
2.55439665541e-08	1.25414499053e-06
2.55637068683e-08	1.00630137467e-06
2.55834471825e-08	7.21474151533e-07
2.56031874967e-08	4.15910349716e-07
2.56229278109e-08	9.62042676633e-08
2.56426681251e-08	-2.36350395255e-07
2.56624084393e-08	-5.79344174412e-07
2.56821487534e-08	-9.22987794638e-07
2.57018890676e-08	-1.24642645005e-06
2.57216293818e-08	-1.5180650621e-06
2.5741369696e-08	-1.70014516243e-06
2.57611100102e-08	-1.75667707936e-06
2.57808503244e-08	-1.66254289979e-06
2.58005906385e-08	-1.41136354159e-06
2.58203309527e-08	-1.01983556533e-06
2.58400712669e-08	-5.27059881961e-07
2.58598115811e-08	1.11061613239e-08
2.58795518953e-08	5.31628671752e-07
2.58992922095e-08	9.75485534127e-07
2.59190325236e-08	1.29781489022e-06
2.59387728378e-08	1.47456643163e-06
2.5958513152e-08	1.50428479628e-06
2.59782534662e-08	1.4048068806e-06
2.59979937804e-08	1.2062098449e-06
2.60177340946e-08	9.42058818509e-07
2.60374744087e-08	6.41687108782e-07
2.60572147229e-08	3.25411747326e-07
2.60769550371e-08	3.82374576446e-09
2.60966953513e-08	-3.19068405474e-07
2.61164356655e-08	-6.4037274683e-07
2.61361759797e-08	-9.52364530349e-07
2.61559162939e-08	-1.23854687217e-06
2.6175656608e-08	-1.47306212739e-06
2.61953969222e-08	-1.62395787129e-06
2.62151372364e-08	-1.65989143852e-06
2.62348775506e-08	-1.5582156152e-06
2.62546178648e-08	-1.31242052248e-06
2.6274358179e-08	-9.36681942676e-07
2.62940984931e-08	-4.6599352288e-07
2.63138388073e-08	4.84362612241e-08
2.63335791215e-08	5.4749855849e-07
2.63533194357e-08	9.74522095021e-07
2.63730597499e-08	1.28495742047e-06
2.63928000641e-08	1.45329727275e-06
2.64125403782e-08	1.47564293229e-06
2.64322806924e-08	1.36750230695e-06
2.64520210066e-08	1.15775162612e-06
2.64717613208e-08	8.80519024804e-07
2.6491501635e-08	5.6749482269e-07
2.65112419492e-08	2.42462306232e-07
2.65309822634e-08	-8.03532955729e-08
2.65507225775e-08	-3.94340275989e-07
2.65704628917e-08	-6.95843709764e-07
2.65902032059e-08	-9.78747834779e-07
2.66099435201e-08	-1.23028087273e-06
2.66296838343e-08	-1.42970679917e-06
2.66494241485e-08	-1.55058103246e-06
2.66691644626e-08	-1.5661183852e-06
2.66889047768e-08	-1.45636289517e-06
2.6708645091e-08	-1.2150841826e-06
2.67283854052e-08	-8.5440700559e-07
2.67481257194e-08	-4.05523337577e-07
2.67678660336e-08	8.47443430985e-08
2.67876063477e-08	5.6127970538e-07
2.68073466619e-08	9.7004308941e-07
2.68270869761e-08	1.26726956751e-06
2.68468272903e-08	1.42655756008e-06
2.68665676045e-08	1.44198571661e-06
2.68863079187e-08	1.32684613163e-06
2.69060482328e-08	1.10858138669e-06
2.6925788547e-08	8.21353950187e-07
2.69455288612e-08	4.98479124644e-07
2.69652691754e-08	1.6664195357e-07
2.69850094896e-08	-1.56694596853e-07
2.70047498038e-08	-4.62369982301e-07
2.7024490118e-08	-7.45766271848e-07
2.70442304321e-08	-1.00193273056e-06
2.70639707463e-08	-1.22130131786e-06
2.70837110605e-08	-1.38778153769e-06
2.71034513747e-08	-1.48000191302e-06
2.71231916889e-08	-1.47560706409e-06
2.71429320031e-08	-1.35744090812e-06
2.71626723172e-08	-1.11988146045e-06
2.71824126314e-08	-7.73418094013e-07
2.72021529456e-08	-3.45921918665e-07
2.72218932598e-08	1.19996403924e-07
2.7241633574e-08	5.73216340172e-07
2.72613738882e-08	9.62550700478e-07
2.72811142023e-08	1.24547597125e-06
2.73008545165e-08	1.39513491604e-06
2.73205948307e-08	1.40393916581e-06
2.73403351449e-08	1.28314769654e-06
2.73600754591e-08	1.05861897737e-06
2.73798157733e-08	7.64148580856e-07
2.73995560874e-08	4.34114312498e-07
2.74192964016e-08	9.74698224354e-08
2.74390367158e-08	-2.25517545971e-07
2.745877703e-08	-5.23292072785e-07
2.74785173442e-08	-7.90126307493e-07
2.74982576584e-08	-1.0218076909e-06
2.75179979726e-08	-1.21146177889e-06
2.75377382867e-08	-1.34711740429e-06
2.75574786009e-08	-1.41215332405e-06
2.75772189151e-08	-1.38846314712e-06
2.75969592293e-08	-1.26174563775e-06
2.76166995435e-08	-1.02725306306e-06
2.76364398577e-08	-6.94195790629e-07
2.76561801718e-08	-2.87498011176e-07
2.7675920486e-08	1.54147592468e-07
2.76956608002e-08	5.83550558986e-07
2.77154011144e-08	9.52550891498e-07
2.77351414286e-08	1.22022026972e-06
2.77548817428e-08	1.35969384019e-06
2.77746220569e-08	1.36207853529e-06
2.77943623711e-08	1.23674448105e-06
2.78141026853e-08	1.00791874047e-06
2.78338429995e-08	7.0865314683e-07
2.78535833137e-08	3.73921096752e-07
2.78733236279e-08	3.44059198909e-08
2.7893063942e-08	-2.87257094556e-07
2.79128042562e-08	-5.7732003711e-07
2.79325445704e-08	-8.28910657447e-07
2.79522848846e-08	-1.038228163e-06
2.79720251988e-08	-1.20057501363e-06
2.7991765513e-08	-1.30760855654e-06
2.80115058272e-08	-1.34701446086e-06
2.80312461413e-08	-1.30477889115e-06
2.80509864555e-08	-1.16949723861e-06
2.80707267697e-08	-9.37499009979e-07
2.80904670839e-08	-6.17101903799e-07
2.81102073981e-08	-2.30572531734e-07
2.81299477123e-08	1.8706327154e-07
2.81496880264e-08	5.92417421785e-07
2.81694283406e-08	9.40472943967e-07
2.81891686548e-08	1.19215007999e-06
2.8208908969e-08	1.32090139005e-06
2.82286492832e-08	1.31694048378e-06
2.82483895974e-08	1.18795804838e-06
2.82681299115e-08	9.56500088023e-07
2.82878702257e-08	6.54663864452e-07
2.83076105399e-08	3.17515741699e-07
2.83273508541e-08	-2.30125980494e-08
2.83470911683e-08	-3.42347391324e-07
2.83668314825e-08	-6.24779062264e-07
2.83865717967e-08	-8.62239915023e-07
2.84063121108e-08	-1.05111001858e-06
2.8426052425e-08	-1.18843797736e-06
2.84457927392e-08	-1.26904319586e-06
2.84655330534e-08	-1.28450733428e-06
2.84852733676e-08	-1.22463961816e-06
2.85050136818e-08	-1.08091944639e-06
2.85247539959e-08	-8.50935634844e-07
2.85444943101e-08	-5.42425652839e-07
2.85642346243e-08	-1.75348667142e-07
2.85839749385e-08	2.1866362232e-07
2.86037152527e-08	5.99925186862e-07
2.86234555669e-08	9.266313441e-07
2.8643195881e-08	1.16173936249e-06
2.86629361952e-08	1.27937801153e-06
2.86826765094e-08	1.26910850895e-06
2.87024168236e-08	1.13716845362e-06
2.87221571378e-08	9.04487052367e-07
2.8741897452e-08	6.01991047233e-07
2.87616377661e-08	2.64502332925e-07
2.87813780803e-08	-7.52636140078e-08
2.88011183945e-08	-3.91212466866e-07
2.88208587087e-08	-6.65955781187e-07
2.88405990229e-08	-8.90253573971e-07
2.88603393371e-08	-1.06043319192e-06
2.88800796513e-08	-1.17494403185e-06
2.88998199654e-08	-1.23126915241e-06
2.89195602796e-08	-1.22451479001e-06
2.89393005938e-08	-1.14804510076e-06
2.8959040908e-08	-9.96151243271e-07
2.89787812222e-08	-7.67822825765e-07
2.89985215364e-08	-4.70458161317e-07
2.90182618505e-08	-1.22067696395e-07
2.90380021647e-08	2.48862193075e-07
2.90577424789e-08	6.06185210472e-07
2.90774827931e-08	9.11318011276e-07
2.90972231073e-08	1.12945491537e-06
2.91169634215e-08	1.23564080923e-06
2.91367037356e-08	1.21907868333e-06
2.91564440498e-08	1.08476052674e-06
2.9176184364e-08	8.52032513876e-07
2.91959246782e-08	5.50529449583e-07
2.92156649924e-08	2.14558653511e-07
2.92354053066e-08	-1.22801012026e-07
2.92551456207e-08	-4.34319048281e-07
2.92748859349e-08	-7.01199269315e-07
2.92946262491e-08	-9.13117133905e-07
2.93143665633e-08	-1.06621490659e-06
2.93341068775e-08	-1.15997193006e-06
2.93538471917e-08	-1.19413988386e-06
2.93735875059e-08	-1.16692314123e-06
2.939332782e-08	-1.07496754254e-06
2.94130681342e-08	-9.15276842761e-07
2.94328084484e-08	-6.88339611088e-07
2.94525487626e-08	-4.014439412e-07
2.94722890768e-08	-7.09314349479e-08
2.9492029391e-08	2.77551237104e-07
2.95117697051e-08	6.11270081663e-07
2.95315100193e-08	8.94802326457e-07
2.95512503335e-08	1.09570805762e-06
2.95709906477e-08	1.19017511224e-06
2.95907309619e-08	1.16731581556e-06
2.96104712761e-08	1.03107680616e-06
2.96302115902e-08	7.99295861498e-07
2.96499519044e-08	5.00236893686e-07
2.96696922186e-08	1.67423991115e-07
2.96894325328e-08	-1.66029003879e-07
2.9709172847e-08	-4.7211719334e-07
2.97289131612e-08	-7.30897852463e-07
2.97486534753e-08	-9.31069820354e-07
2.97683937895e-08	-1.06850143311e-06
2.97881341037e-08	-1.14343151836e-06
2.98078744179e-08	-1.1574957739e-06
2.98276147321e-08	-1.11159903327e-06
2.98473550463e-08	-1.00536396985e-06
2.98670953605e-08	-8.38365764366e-07
2.98868356746e-08	-6.12642764963e-07
2.99065759888e-08	-3.35572792665e-07
2.9926316303e-08	-2.21174207837e-08
2.99460566172e-08	3.04652147065e-07
2.99657969314e-08	6.15216634969e-07
2.99855372456e-08	8.77281138401e-07
3.00052775597e-08	1.06084530671e-06
3.00250178739e-08	1.14342719826e-06
3.00447581881e-08	1.11427209504e-06
3.00644985023e-08	9.76472449565e-07
3.00842388165e-08	7.46450268707e-07
3.01039791307e-08	4.51066370033e-07
3.01237194448e-08	1.22855183804e-07
3.0143459759e-08	-2.05322486124e-07
3.01632000732e-08	-5.05019642105e-07
3.01829403874e-08	-7.55418170684e-07
3.02026807016e-08	-9.44371947753e-07
3.02224210158e-08	-1.06740361616e-06
3.024216133e-08	-1.12529625085e-06
3.02619016441e-08	-1.12120795848e-06
3.02816419583e-08	-1.05838824993e-06
3.03013822725e-08	-9.39126124422e-07
3.03211225867e-08	-7.65417667026e-07
3.03408629009e-08	-5.40834435014e-07
3.03606032151e-08	-2.73022507713e-07
3.03803435292e-08	2.42002569095e-08
