% time-domain voltage integration by openEMS v0.0.36 @Thu Feb  5 18:55:41 2026
% start-coordinates: (0.0383913,-0.02,0.0015) m -> [123,25,9]
% stop-coordinates: (0.0383913,-0.02,0) m -> [123,25,7]
% t/s	voltage
0	0
1.9740314184e-11	0
3.94806283681e-11	0
5.92209425521e-11	0
7.89612567362e-11	0
9.87015709202e-11	0
1.18441885104e-10	0
1.38182199288e-10	0
1.57922513472e-10	0
1.77662827656e-10	0
1.9740314184e-10	0
2.17143456024e-10	0
2.36883770208e-10	-5.39957140338e-33
2.56624084393e-10	-1.75280453332e-24
2.76364398577e-10	6.06968227988e-18
2.96104712761e-10	8.52213299116e-14
3.15845026945e-10	-3.92961930357e-11
3.35585341129e-10	-2.32576229109e-10
3.55325655313e-10	-1.92863086612e-13
3.75065969497e-10	2.56885679395e-10
3.94806283681e-10	8.42246633548e-10
4.14546597865e-10	2.29486374348e-09
4.34286912049e-10	4.55605020377e-09
4.54027226233e-10	7.57967244525e-09
4.73767540417e-10	1.03181787559e-08
4.93507854601e-10	1.08991811132e-08
5.13248168785e-10	4.62809901514e-09
5.32988482969e-10	-1.21270771203e-08
5.52728797153e-10	-4.38086420473e-08
5.72469111337e-10	-8.98494221246e-08
5.92209425521e-10	-1.41853178093e-07
6.11949739705e-10	-1.83731245329e-07
6.31690053889e-10	-1.87126360629e-07
6.51430368073e-10	-1.20165552175e-07
6.71170682257e-10	4.90355027694e-08
6.90910996441e-10	3.35641374249e-07
7.10651310625e-10	7.32181263174e-07
7.3039162481e-10	1.20975374784e-06
7.50131938994e-10	1.73247127577e-06
7.69872253178e-10	2.29180136557e-06
7.89612567362e-10	2.88044145691e-06
8.09352881546e-10	3.53972257017e-06
8.2909319573e-10	4.26943392995e-06
8.48833509914e-10	4.88205296278e-06
8.68573824098e-10	4.63773676529e-06
8.88314138282e-10	1.86427234894e-06
9.08054452466e-10	-6.35264791526e-06
9.2779476665e-10	-2.40296894845e-05
9.47535080834e-10	-5.51868379262e-05
9.67275395018e-10	-0.000101830497442
9.87015709202e-10	-0.000161116615345
1.00675602339e-09	-0.000222795795707
1.02649633757e-09	-0.000268425239483
1.04623665175e-09	-0.00027394699282
1.06597696594e-09	-0.000216118001845
1.08571728012e-09	-8.17482759885e-05
1.10545759431e-09	0.0001233940784
1.12519790849e-09	0.000370108216885
1.14493822267e-09	0.000609171926044
1.16467853686e-09	0.000783307419624
1.18441885104e-09	0.000844589958433
1.20415916523e-09	0.000771097518736
1.22389947941e-09	0.000575966289034
1.24363979359e-09	0.000304586195853
1.26338010778e-09	2.04835941986e-05
1.28312042196e-09	-0.000214708721614
1.30286073615e-09	-0.000359441924957
1.32260105033e-09	-0.000401870071073
1.34234136451e-09	-0.000358328092261
1.3620816787e-09	-0.000262777379248
1.38182199288e-09	-0.00015274740872
1.40156230707e-09	-5.75335343456e-05
1.42130262125e-09	7.61645560488e-06
1.44104293543e-09	4.09744770877e-05
1.46078324962e-09	4.959880971e-05
1.4805235638e-09	4.35670244769e-05
1.50026387799e-09	3.15532561217e-05
1.52000419217e-09	1.88246222024e-05
1.53974450636e-09	7.22068648429e-06
1.55948482054e-09	-3.70346663203e-06
1.57922513472e-09	-1.53298456098e-05
1.59896544891e-09	-2.87983011731e-05
1.61870576309e-09	-4.41784122813e-05
1.63844607728e-09	-5.9967092966e-05
1.65818639146e-09	-7.3160197644e-05
1.67792670564e-09	-7.99417321105e-05
1.69766701983e-09	-7.69975085859e-05
1.71740733401e-09	-6.29960013612e-05
1.7371476482e-09	-3.96257983084e-05
1.75688796238e-09	-1.15290572467e-05
1.77662827656e-09	1.50216451402e-05
1.79636859075e-09	3.42576404364e-05
1.81610890493e-09	4.29173396697e-05
1.83584921912e-09	4.1204115405e-05
1.8555895333e-09	3.22681116813e-05
1.87532984748e-09	2.05227761398e-05
1.89507016167e-09	9.66251218415e-06
1.91481047585e-09	1.41995212743e-06
1.93455079004e-09	-4.50878792435e-06
1.95429110422e-09	-9.446031072e-06
1.9740314184e-09	-1.43395700434e-05
1.99377173259e-09	-1.88230242202e-05
2.01351204677e-09	-2.11959522858e-05
2.03325236096e-09	-1.92534189409e-05
2.05299267514e-09	-1.15088037091e-05
2.07273298932e-09	1.85492882565e-06
2.09247330351e-09	1.87236955753e-05
2.11221361769e-09	3.55772262992e-05
2.13195393188e-09	4.85429882247e-05
2.15169424606e-09	5.45328275621e-05
2.17143456024e-09	5.20939083799e-05
2.19117487443e-09	4.17600749643e-05
2.21091518861e-09	2.58284735537e-05
2.2306555028e-09	7.70796032157e-06
2.25039581698e-09	-8.95767334441e-06
2.27013613116e-09	-2.11826627492e-05
2.28987644535e-09	-2.73472924164e-05
2.30961675953e-09	-2.75245001831e-05
2.32935707372e-09	-2.33131304412e-05
2.3490973879e-09	-1.71926658368e-05
2.36883770208e-09	-1.15877578537e-05
2.38857801627e-09	-7.95077994553e-06
2.40831833045e-09	-6.22024595032e-06
2.42805864464e-09	-4.90353318128e-06
2.44779895882e-09	-1.78404530971e-06
2.46753927301e-09	4.98040481034e-06
2.48727958719e-09	1.5800629626e-05
2.50701990137e-09	2.90742245852e-05
2.52676021556e-09	4.13725465478e-05
2.54650052974e-09	4.84027441416e-05
2.56624084393e-09	4.64859149361e-05
2.58598115811e-09	3.40547430824e-05
2.60572147229e-09	1.26208847178e-05
2.62546178648e-09	-1.32676477733e-05
2.64520210066e-09	-3.71783044102e-05
2.66494241485e-09	-5.27677548234e-05
2.68468272903e-09	-5.59059080842e-05
2.70442304321e-09	-4.61453691969e-05
2.7241633574e-09	-2.69098645731e-05
2.74390367158e-09	-4.28957423537e-06
2.76364398577e-09	1.50952514559e-05
2.78338429995e-09	2.63185229414e-05
2.80312461413e-09	2.76018217846e-05
2.82286492832e-09	2.0494419914e-05
2.8426052425e-09	8.85103600012e-06
2.86234555669e-09	-2.83574206605e-06
2.88208587087e-09	-1.100926238e-05
2.90182618505e-09	-1.39824219332e-05
2.92156649924e-09	-1.20294630506e-05
2.94130681342e-09	-6.83516555e-06
2.96104712761e-09	-6.79712769625e-07
2.98078744179e-09	4.29605006502e-06
3.00052775597e-09	6.59274178361e-06
3.02026807016e-09	5.61681940781e-06
3.04000838434e-09	1.7758969193e-06
3.05974869853e-09	-3.59537909844e-06
3.07948901271e-09	-8.5358810793e-06
3.09922932689e-09	-1.10337673505e-05
3.11896964108e-09	-9.775705621e-06
3.13870995526e-09	-4.79212963e-06
3.15845026945e-09	2.33854416365e-06
3.17819058363e-09	8.93784226719e-06
3.19793089781e-09	1.22380838548e-05
3.217671212e-09	1.05566737147e-05
3.23741152618e-09	4.090748007e-06
3.25715184037e-09	-5.0843864301e-06
3.27689215455e-09	-1.38264122143e-05
3.29663246873e-09	-1.91801864275e-05
3.31637278292e-09	-1.94871099666e-05
3.3361130971e-09	-1.4850284515e-05
3.35585341129e-09	-6.81362325849e-06
3.37559372547e-09	2.47862783453e-06
3.39533403966e-09	1.11527515401e-05
3.41507435384e-09	1.80795932465e-05
3.43481466802e-09	2.28125445574e-05
3.45455498221e-09	2.51857582043e-05
3.47429529639e-09	2.49481890933e-05
3.49403561058e-09	2.17253573283e-05
3.51377592476e-09	1.53462838171e-05
3.53351623894e-09	6.29973328614e-06
3.55325655313e-09	-4.02944783673e-06
3.57299686731e-09	-1.35698096528e-05
3.5927371815e-09	-2.01908551389e-05
3.61247749568e-09	-2.24659243031e-05
3.63221780986e-09	-2.02013343369e-05
3.65195812405e-09	-1.44863811329e-05
3.67169843823e-09	-7.25319159756e-06
3.69143875242e-09	-5.62132754567e-07
3.7111790666e-09	4.06190679314e-06
3.73091938078e-09	5.99446752858e-06
3.75065969497e-09	5.51122366232e-06
3.77040000915e-09	3.51125891029e-06
3.79014032334e-09	1.14275337637e-06
3.80988063752e-09	-5.23001489228e-07
3.8296209517e-09	-7.15948630159e-07
3.84936126589e-09	8.90552371402e-07
3.86910158007e-09	4.08121218243e-06
3.88884189426e-09	8.06161642686e-06
3.90858220844e-09	1.15547150017e-05
3.92832252262e-09	1.30915000227e-05
3.94806283681e-09	1.14853946798e-05
3.96780315099e-09	6.35696778772e-06
3.98754346518e-09	-1.52630400407e-06
4.00728377936e-09	-1.02938943201e-05
4.02702409354e-09	-1.74785063791e-05
4.04676440773e-09	-2.08428837141e-05
4.06650472191e-09	-1.92255356524e-05
4.0862450361e-09	-1.30522453219e-05
4.10598535028e-09	-4.26954875365e-06
4.12572566446e-09	4.29813144365e-06
4.14546597865e-09	9.94176207314e-06
4.16520629283e-09	1.10259320536e-05
4.18494660702e-09	7.54527445679e-06
4.2046869212e-09	1.07589630716e-06
4.22442723538e-09	-5.84019130656e-06
4.24416754957e-09	-1.06189986582e-05
4.26390786375e-09	-1.15106831799e-05
4.28364817794e-09	-8.11917698229e-06
4.30338849212e-09	-1.41850239288e-06
4.3231288063e-09	6.67277595312e-06
4.34286912049e-09	1.39471399052e-05
4.36260943467e-09	1.8545131752e-05
4.38234974886e-09	1.93868536371e-05
4.40209006304e-09	1.63334188983e-05
4.42183037723e-09	1.01148784779e-05
4.44157069141e-09	2.10893381336e-06
4.46131100559e-09	-5.96365407546e-06
4.48105131978e-09	-1.23933682517e-05
4.50079163396e-09	-1.58585435202e-05
4.52053194815e-09	-1.57660097102e-05
4.54027226233e-09	-1.24524185594e-05
4.56001257651e-09	-7.13675080988e-06
4.5797528907e-09	-1.57550249469e-06
4.59949320488e-09	2.50351195064e-06
4.61923351907e-09	4.00013868784e-06
4.63897383325e-09	2.83355689135e-06
4.65871414743e-09	-4.87486033762e-08
4.67845446162e-09	-3.06408753659e-06
4.6981947758e-09	-4.63354513158e-06
4.71793508999e-09	-3.79501693715e-06
4.73767540417e-09	-5.38813395679e-07
4.75741571835e-09	4.25247708336e-06
4.77715603254e-09	9.19682861422e-06
4.79689634672e-09	1.29305944938e-05
4.81663666091e-09	1.45210433402e-05
4.83637697509e-09	1.36328003464e-05
4.85611728927e-09	1.04587952592e-05
4.87585760346e-09	5.53890754418e-06
4.89559791764e-09	-3.96956210125e-07
4.91533823183e-09	-6.49359685667e-06
4.93507854601e-09	-1.17906783998e-05
4.95481886019e-09	-1.53020919242e-05
4.97455917438e-09	-1.62235692187e-05
4.99429948856e-09	-1.42318158396e-05
5.01403980275e-09	-9.72916041064e-06
5.03378011693e-09	-3.86577607969e-06
5.05352043111e-09	1.74786214302e-06
5.0732607453e-09	5.56763757231e-06
5.09300105948e-09	6.67552490086e-06
5.11274137367e-09	5.12374981554e-06
5.13248168785e-09	1.90387106613e-06
5.15222200203e-09	-1.45094458048e-06
5.17196231622e-09	-3.45720434325e-06
5.1917026304e-09	-3.21526874814e-06
5.21144294459e-09	-6.81810348624e-07
5.23118325877e-09	3.39139478456e-06
5.25092357295e-09	7.77729565016e-06
5.27066388714e-09	1.11883332465e-05
5.29040420132e-09	1.26272011585e-05
5.31014451551e-09	1.15884122351e-05
5.32988482969e-09	8.11380914456e-06
5.34962514388e-09	2.75443267128e-06
5.36936545806e-09	-3.52164045125e-06
5.38910577224e-09	-9.47451644606e-06
5.40884608643e-09	-1.38159934977e-05
5.42858640061e-09	-1.55144189193e-05
5.4483267148e-09	-1.41208265632e-05
5.46806702898e-09	-9.99220173981e-06
5.48780734316e-09	-4.28201178693e-06
5.50754765735e-09	1.36150435992e-06
5.52728797153e-09	5.32267699782e-06
5.54702828572e-09	6.58382191432e-06
5.5667685999e-09	5.10063387082e-06
5.58650891408e-09	1.81966612445e-06
5.60624922827e-09	-1.68179019511e-06
5.62598954245e-09	-3.79466973754e-06
5.64572985664e-09	-3.47555169355e-06
5.66547017082e-09	-6.11248964333e-07
5.685210485e-09	3.97375742978e-06
5.70495079919e-09	8.84347400643e-06
5.72469111337e-09	1.24555431285e-05
5.74443142756e-09	1.3649138964e-05
5.76417174174e-09	1.19549636111e-05
5.78391205592e-09	7.66030666455e-06
5.80365237011e-09	1.66413695979e-06
5.82339268429e-09	-4.78939205095e-06
5.84313299848e-09	-1.04069422378e-05
5.86287331266e-09	-1.41069867823e-05
5.88261362684e-09	-1.52220522978e-05
5.90235394103e-09	-1.36305820888e-05
5.92209425521e-09	-9.79902506515e-06
5.9418345694e-09	-4.70582267553e-06
5.96157488358e-09	3.74657645352e-07
5.98131519776e-09	4.20358787778e-06
6.00105551195e-09	5.942446478e-06
6.02079582613e-09	5.42897191735e-06
6.04053614032e-09	3.24359120896e-06
6.0602764545e-09	5.1712092386e-07
6.08001676868e-09	-1.46959916947e-06
6.09975708287e-09	-1.75086324816e-06
6.11949739705e-09	-2.85114012399e-08
6.13923771124e-09	3.22550329201e-06
6.15897802542e-09	6.95003632245e-06
6.1787183396e-09	9.87840894595e-06
6.19845865379e-09	1.09688508019e-05
6.21819896797e-09	9.72218731476e-06
6.23793928216e-09	6.29034934718e-06
6.25767959634e-09	1.37484937568e-06
6.27741991052e-09	-4.01036618314e-06
6.29716022471e-09	-8.80740753928e-06
6.31690053889e-09	-1.2134618828e-05
6.33664085308e-09	-1.34289098241e-05
6.35638116726e-09	-1.25188967104e-05
6.37612148145e-09	-9.64981654761e-06
6.39586179563e-09	-5.45843795408e-06
6.41560210981e-09	-8.76341857747e-07
6.435342424e-09	3.05921264498e-06
6.45508273818e-09	5.47224226466e-06
6.47482305237e-09	5.92219748796e-06
6.49456336655e-09	4.57920805275e-06
6.51430368073e-09	2.20513459226e-06
6.53404399492e-09	-8.70243965778e-08
6.5537843091e-09	-1.22705898775e-06
6.57352462329e-09	-5.89381755844e-07
6.59326493747e-09	1.7608792291e-06
6.61300525165e-09	5.07811273565e-06
6.63274556584e-09	8.20154082248e-06
6.65248588002e-09	9.96588460112e-06
6.67222619421e-09	9.59507451626e-06
6.69196650839e-09	6.93872379998e-06
6.71170682257e-09	2.48553305937e-06
6.73144713676e-09	-2.81717393591e-06
6.75118745094e-09	-7.84589110481e-06
6.77092776513e-09	-1.15827438094e-05
6.79066807931e-09	-1.3325423879e-05
6.81040839349e-09	-1.28026267703e-05
6.83014870768e-09	-1.02034105112e-05
6.84988902186e-09	-6.13401175542e-06
6.86962933605e-09	-1.50445447389e-06
6.88936965023e-09	2.65774247055e-06
6.90910996441e-09	5.45375905858e-06
6.9288502786e-09	6.36677987131e-06
6.94859059278e-09	5.44024965166e-06
6.96833090697e-09	3.29419526679e-06
6.98807122115e-09	9.41613450323e-07
7.00781153533e-09	-5.55584136919e-07
7.02755184952e-09	-4.74136413686e-07
7.0472921637e-09	1.28947465328e-06
7.06703247789e-09	4.16261946157e-06
7.08677279207e-09	7.09311711944e-06
7.10651310625e-09	8.92448679224e-06
7.12625342044e-09	8.80300694917e-06
7.14599373462e-09	6.46512376079e-06
7.16573404881e-09	2.30768227993e-06
7.18547436299e-09	-2.75943966699e-06
7.20521467717e-09	-7.60371585784e-06
7.22495499136e-09	-1.11869844659e-05
7.24469530554e-09	-1.28127080643e-05
7.26443561973e-09	-1.2250234704e-05
7.28417593391e-09	-9.73723081188e-06
7.3039162481e-09	-5.89112028138e-06
7.32365656228e-09	-1.56178776933e-06
7.34339687646e-09	2.34776314301e-06
7.36313719065e-09	5.07464687871e-06
7.38287750483e-09	6.17576029072e-06
7.40261781902e-09	5.65062782698e-06
7.4223581332e-09	3.95792221752e-06
7.44209844738e-09	1.89444858734e-06
7.46183876157e-09	3.49617124584e-07
7.48157907575e-09	4.55266002675e-09
7.50131938994e-09	1.08056809722e-06
7.52105970412e-09	3.2378038668e-06
7.5408000183e-09	5.67490610592e-06
7.56054033249e-09	7.40119480724e-06
7.58028064667e-09	7.58346914154e-06
7.60002096086e-09	5.83827613809e-06
7.61976127504e-09	2.36464074987e-06
7.63950158922e-09	-2.12186455428e-06
7.65924190341e-09	-6.61626631882e-06
7.67898221759e-09	-1.01202435872e-05
7.69872253178e-09	-1.19056862786e-05
7.71846284596e-09	-1.16708079076e-05
7.73820316014e-09	-9.56859139478e-06
7.75794347433e-09	-6.12687813373e-06
7.77768378851e-09	-2.10251243971e-06
7.7974241027e-09	1.68902852238e-06
7.81716441688e-09	4.54159430774e-06
7.83690473106e-09	6.00338535151e-06
7.85664504525e-09	5.97839698457e-06
7.87638535943e-09	4.7560481562e-06
7.89612567362e-09	2.94406368084e-06
7.9158659878e-09	1.30076858795e-06
7.93560630198e-09	4.98647750646e-07
7.95534661617e-09	8.90922024155e-07
7.97508693035e-09	2.36619018779e-06
7.99482724454e-09	4.35826063949e-06
8.01456755872e-09	6.02369141234e-06
8.0343078729e-09	6.53149731988e-06
8.05404818709e-09	5.36285665476e-06
8.07378850127e-09	2.50789184975e-06
8.09352881546e-09	-1.51177408725e-06
8.11326912964e-09	-5.79976199333e-06
8.13300944382e-09	-9.35775324251e-06
8.15274975801e-09	-1.13737200991e-05
8.17249007219e-09	-1.14321624096e-05
8.19223038638e-09	-9.59077033258e-06
8.21197070056e-09	-6.32443789073e-06
8.23171101475e-09	-2.37431891037e-06
8.25145132893e-09	1.44234911659e-06
8.27119164311e-09	4.41319434685e-06
8.2909319573e-09	6.07362426308e-06
8.31067227148e-09	6.29376449979e-06
8.33041258567e-09	5.29778390046e-06
8.35015289985e-09	3.60558726697e-06
8.36989321403e-09	1.8964385049e-06
8.38963352822e-09	8.13624097873e-07
8.4093738424e-09	7.58255481514e-07
8.42911415659e-09	1.74035125156e-06
8.44885447077e-09	3.34883168307e-06
8.46859478495e-09	4.86907015329e-06
8.48833509914e-09	5.52064943804e-06
8.50807541332e-09	4.73661316391e-06
8.52781572751e-09	2.38204756897e-06
8.54755604169e-09	-1.171848794e-06
8.56729635587e-09	-5.14749262948e-06
8.58703667006e-09	-8.59728970681e-06
8.60677698424e-09	-1.06891448013e-05
8.62651729843e-09	-1.09417032945e-05
8.64625761261e-09	-9.33717910812e-06
8.66599792679e-09	-6.29123474027e-06
8.68573824098e-09	-2.50896096077e-06
8.70547855516e-09	1.21289656363e-06
8.72521886935e-09	4.17732121605e-06
8.74495918353e-09	5.92935020904e-06
8.76469949771e-09	6.33047511656e-06
8.7844398119e-09	5.56324948775e-06
8.80418012608e-09	4.07045718021e-06
8.82392044027e-09	2.43827435042e-06
8.84366075445e-09	1.23927600271e-06
8.86340106863e-09	8.65746301315e-07
8.88314138282e-09	1.39996387816e-06
8.902881697e-09	2.5684113325e-06
8.92262201119e-09	3.81053837373e-06
8.94236232537e-09	4.45495402346e-06
8.96210263955e-09	3.95202391701e-06
8.98184295374e-09	2.0827718572e-06
9.00158326792e-09	-9.34264733132e-07
9.02132358211e-09	-4.48343257631e-06
9.04106389629e-09	-7.72842145125e-06
9.06080421047e-09	-9.86391660263e-06
9.08054452466e-09	-1.03537304312e-05
9.10028483884e-09	-9.07669618755e-06
9.12002515303e-09	-6.34015259493e-06
9.13976546721e-09	-2.77036974694e-06
9.15950578139e-09	8.72010957664e-07
9.17924609558e-09	3.88837202081e-06
9.19898640976e-09	5.79702373216e-06
9.21872672395e-09	6.41691826786e-06
9.23846703813e-09	5.87521549278e-06
9.25820735232e-09	4.54913856629e-06
9.2779476665e-09	2.95877589451e-06
9.29768798068e-09	1.63086224347e-06
9.31742829487e-09	9.5750860396e-07
9.33716860905e-09	1.08178795699e-06
9.35690892324e-09	1.84435333495e-06
9.37664923742e-09	2.81809263925e-06
9.3963895516e-09	3.43434317074e-06
9.41612986579e-09	3.17135072692e-06
9.43587017997e-09	1.74649983364e-06
9.45561049416e-09	-7.56672676516e-07
9.47535080834e-09	-3.87791999401e-06
9.49509112252e-09	-6.8988986186e-06
9.51483143671e-09	-9.05385059013e-06
9.53457175089e-09	-9.76164301392e-06
9.55431206508e-09	-8.79883918969e-06
9.57405237926e-09	-6.35901369606e-06
9.59379269344e-09	-2.98474560623e-06
9.61353300763e-09	5.96209901005e-07
9.63327332181e-09	3.67120719602e-06
9.653013636e-09	5.71684768147e-06
9.67275395018e-09	6.50334163765e-06
9.69249426436e-09	6.11390646554e-06
9.71223457855e-09	4.88774230689e-06
9.73197489273e-09	3.31149647081e-06
9.75171520692e-09	1.88720252936e-06
9.7714555211e-09	1.00291936178e-06
9.79119583528e-09	8.31962779557e-07
9.81093614947e-09	1.28388774101e-06
9.83067646365e-09	2.02529679427e-06
9.85041677784e-09	2.57482838606e-06
9.87015709202e-09	2.45537967203e-06
9.8898974062e-09	1.36205244416e-06
9.90963772039e-09	-7.09500341145e-07
9.92937803457e-09	-3.4232876942e-06
9.94911834876e-09	-6.17634373157e-06
9.96885866294e-09	-8.26770065032e-06
9.98859897712e-09	-9.10984681468e-06
1.00083392913e-08	-8.41094924908e-06
1.00280796055e-08	-6.26552082394e-06
1.00478199197e-08	-3.12507791023e-06
1.00675602339e-08	3.37048376764e-07
1.0087300548e-08	3.41669021964e-06
1.01070408622e-08	5.56262966711e-06
1.01267811764e-08	6.49916000839e-06
1.01465214906e-08	6.26148607807e-06
1.01662618048e-08	5.14751968694e-06
1.0186002119e-08	3.61099273505e-06
1.02057424331e-08	2.13082284972e-06
1.02254827473e-08	1.08805551235e-06
1.02452230615e-08	6.74410728152e-07
1.02649633757e-08	8.49426186278e-07
1.02847036899e-08	1.3559520653e-06
1.03044440041e-08	1.79455690841e-06
1.03241843183e-08	1.74520602059e-06
1.03439246324e-08	9.07951431373e-07
1.03636649466e-08	-7.78736563234e-07
1.03834052608e-08	-3.08410665184e-06
1.0403145575e-08	-5.52235519535e-06
1.04228858892e-08	-7.47954527469e-06
1.04426262034e-08	-8.39370522954e-06
1.04623665175e-08	-7.93035951574e-06
1.04821068317e-08	-6.09299991083e-06
1.05018471459e-08	-3.23001302149e-06
1.05215874601e-08	6.35155075202e-08
1.05413277743e-08	3.11444307499e-06
1.05610680885e-08	5.35324852535e-06
1.05808084026e-08	6.45229852125e-06
1.06005487168e-08	6.38396249997e-06
1.0620289031e-08	5.39144116374e-06
1.06400293452e-08	3.89254455513e-06
1.06597696594e-08	2.35164213791e-06
1.06795099736e-08	1.15549124757e-06
1.06992502878e-08	5.21349051041e-07
1.07189906019e-08	4.54015903983e-07
1.07387309161e-08	7.57001203056e-07
1.07584712303e-08	1.09486057909e-06
1.07782115445e-08	1.09553292305e-06
1.07979518587e-08	4.69679335424e-07
1.08176921729e-08	-8.82949422021e-07
1.0837432487e-08	-2.81425639059e-06
1.08571728012e-08	-4.94107644045e-06
1.08769131154e-08	-6.73654517414e-06
1.08966534296e-08	-7.67866868046e-06
1.09163937438e-08	-7.41082476452e-06
1.0936134058e-08	-5.86187547924e-06
1.09558743721e-08	-3.28206806444e-06
1.09756146863e-08	-1.81428859491e-07
1.09953550005e-08	2.81073596398e-06
1.10150953147e-08	5.11800794811e-06
1.10348356289e-08	6.36536469756e-06
1.10545759431e-08	6.46016133032e-06
1.10743162572e-08	5.58673491469e-06
1.10940565714e-08	4.1259252157e-06
1.11137968856e-08	2.5313486276e-06
1.11335371998e-08	1.2014601225e-06
1.1153277514e-08	3.81232325708e-07
1.11730178282e-08	1.14135783491e-07
1.11927581424e-08	2.49399363383e-07
1.12124984565e-08	4.9864050311e-07
1.12322387707e-08	5.27464010247e-07
1.12519790849e-08	6.0921625078e-08
1.12717193991e-08	-1.02180962358e-06
1.12914597133e-08	-2.63017386715e-06
1.13112000275e-08	-4.46260651188e-06
1.13309403416e-08	-6.07277911513e-06
1.13506806558e-08	-6.98948133504e-06
1.137042097e-08	-6.85748318574e-06
1.13901612842e-08	-5.55565816285e-06
1.14099015984e-08	-3.2514948316e-06
1.14296419126e-08	-3.697603006e-07
1.14493822267e-08	2.51797087003e-06
1.14691225409e-08	4.84791166855e-06
1.14888628551e-08	6.21373601462e-06
1.15086031693e-08	6.46427997708e-06
1.15283434835e-08	5.72178669245e-06
1.15480837977e-08	4.32157548858e-06
1.15678241118e-08	2.69856639079e-06
1.1587564426e-08	1.25878324297e-06
1.16073047402e-08	2.74260870015e-07
1.16270450544e-08	-1.73362423084e-07
1.16467853686e-08	-1.9252339456e-07
1.16665256828e-08	-3.06809564421e-08
1.1686265997e-08	1.01321036006e-08
1.17060063111e-08	-3.30380601099e-07
1.17257466253e-08	-1.18520688375e-06
1.17454869395e-08	-2.50648577094e-06
1.17652272537e-08	-4.05928244618e-06
1.17849675679e-08	-5.47031390852e-06
1.18047078821e-08	-6.32381693322e-06
1.18244481962e-08	-6.28118823442e-06
1.18441885104e-08	-5.19104060004e-06
1.18639288246e-08	-3.15275963203e-06
1.18836691388e-08	-5.08877832317e-07
1.1903409453e-08	2.23605218252e-06
1.19231497672e-08	4.54767950941e-06
1.19428900813e-08	6.00428484177e-06
1.19626303955e-08	6.40419784759e-06
1.19823707097e-08	5.80546384299e-06
1.20021110239e-08	4.48890978078e-06
1.20218513381e-08	2.86057445464e-06
1.20415916523e-08	1.32838187028e-06
1.20613319664e-08	1.91571757568e-07
1.20810722806e-08	-4.26945661047e-07
1.21008125948e-08	-5.91166497088e-07
1.2120552909e-08	-5.10010011112e-07
1.21402932232e-08	-4.58912410295e-07
1.21600335374e-08	-6.88680273697e-07
1.21797738516e-08	-1.34416461606e-06
1.21995141657e-08	-2.4121155775e-06
1.22192544799e-08	-3.71136900412e-06
1.22389947941e-08	-4.92987442158e-06
1.22587351083e-08	-5.70285419599e-06
1.22784754225e-08	-5.71480404687e-06
1.22982157367e-08	-4.79871937387e-06
1.23179560508e-08	-3.00194642477e-06
1.2337696365e-08	-5.94920265939e-07
1.23574366792e-08	1.98519342121e-06
1.23771769934e-08	4.2437097818e-06
1.23969173076e-08	5.75802232561e-06
1.24166576218e-08	6.28809289083e-06
1.24363979359e-08	5.83265705245e-06
1.24561382501e-08	4.61482795799e-06
1.24758785643e-08	3.00419469568e-06
1.24956188785e-08	1.40285709449e-06
1.25153591927e-08	1.32728125379e-07
1.25350995069e-08	-6.42733908762e-07
1.2554839821e-08	-9.4266752626e-07
1.25745801352e-08	-9.38002699513e-07
1.25943204494e-08	-8.80423158378e-07
1.26140607636e-08	-1.01429361621e-06
1.26338010778e-08	-1.49620052525e-06
1.2653541392e-08	-2.34221010942e-06
1.26732817062e-08	-3.41469126397e-06
1.26930220203e-08	-4.45172668151e-06
1.27127623345e-08	-5.13330587637e-06
1.27325026487e-08	-5.16964041708e-06
1.27522429629e-08	-4.38936103819e-06
1.27719832771e-08	-2.80347717307e-06
1.27917235913e-08	-6.23385972176e-07
1.28114639054e-08	1.7771030798e-06
1.28312042196e-08	3.9492531414e-06
1.28509445338e-08	5.48346088181e-06
1.2870684848e-08	6.1162052134e-06
1.28904251622e-08	5.79639731768e-06
1.29101654764e-08	4.69023166261e-06
1.29299057905e-08	3.12387533086e-06
1.29496461047e-08	1.4833141222e-06
1.29693864189e-08	1.04263300216e-07
1.29891267331e-08	-8.13704957636e-07
1.30088670473e-08	-1.24480203567e-06
1.30286073615e-08	-1.31992504748e-06
1.30483476757e-08	-1.26510110476e-06
1.30680879898e-08	-1.31755183475e-06
1.3087828304e-08	-1.6451749616e-06
1.31075686182e-08	-2.29111753924e-06
1.31273089324e-08	-3.15615022828e-06
1.31470492466e-08	-4.02162118007e-06
1.31667895608e-08	-4.60711430605e-06
1.31865298749e-08	-4.6480124638e-06
1.32062701891e-08	-3.97478652303e-06
1.32260105033e-08	-2.57305794094e-06
1.32457508175e-08	-6.06398572245e-07
1.32654911317e-08	1.60836793839e-06
1.32852314459e-08	3.67031748283e-06
1.330497176e-08	5.19232253282e-06
1.33247120742e-08	5.900325732e-06
1.33444523884e-08	5.70398196942e-06
1.33641927026e-08	4.71646353617e-06
1.33839330168e-08	3.21671689107e-06
1.3403673331e-08	1.56552437147e-06
1.34234136451e-08	1.02708686001e-07
1.34431539593e-08	-9.42295628192e-07
1.34628942735e-08	-1.50024288814e-06
1.34826345877e-08	-1.6596359842e-06
1.35023749019e-08	-1.61739592386e-06
1.35221152161e-08	-1.60119259363e-06
1.35418555303e-08	-1.78944833351e-06
1.35615958444e-08	-2.25174187563e-06
1.35813361586e-08	-2.92506513233e-06
1.36010764728e-08	-3.63003186976e-06
1.3620816787e-08	-4.12089639212e-06
1.36405571012e-08	-4.15556019107e-06
1.36602974154e-08	-3.56832833859e-06
1.36800377295e-08	-2.32639547448e-06
1.36997780437e-08	-5.5510432162e-07
1.37195183579e-08	1.4775258137e-06
1.37392586721e-08	3.41597387887e-06
1.37589989863e-08	4.90026218358e-06
1.37787393005e-08	5.65589834878e-06
1.37984796146e-08	5.56442773814e-06
1.38182199288e-08	4.69337601317e-06
1.3837960243e-08	3.27492432461e-06
1.38577005572e-08	1.63871453651e-06
1.38774408714e-08	1.19482042038e-07
1.38971811856e-08	-1.03207139546e-06
1.39169214997e-08	-1.70780577946e-06
1.39366618139e-08	-1.9537907292e-06
1.39564021281e-08	-1.93462989273e-06
1.39761424423e-08	-1.86463199725e-06
1.39958827565e-08	-1.92967439716e-06
1.40156230707e-08	-2.22400774419e-06
1.40353633849e-08	-2.71935323326e-06
1.4055103699e-08	-3.27320969973e-06
1.40748440132e-08	-3.67148902569e-06
1.40945843274e-08	-3.69240524378e-06
1.41143246416e-08	-3.17457295296e-06
1.41340649558e-08	-2.07124423923e-06
1.415380527e-08	-4.76998849308e-07
1.41735455841e-08	1.38126182492e-06
1.41932858983e-08	3.18911259001e-06
1.42130262125e-08	4.6155180371e-06
1.42327665267e-08	5.39295683666e-06
1.42525068409e-08	5.38522886018e-06
1.42722471551e-08	4.62292791781e-06
1.42919874692e-08	3.29488796069e-06
1.43117277834e-08	1.69631272229e-06
1.43314680976e-08	1.4846744989e-07
1.43512084118e-08	-1.08605428295e-06
1.4370948726e-08	-1.867046592e-06
1.43906890402e-08	-2.20020683628e-06
1.44104293543e-08	-2.2152891006e-06
1.44301696685e-08	-2.10829136904e-06
1.44499099827e-08	-2.06778668144e-06
1.44696502969e-08	-2.20944627927e-06
1.44893906111e-08	-2.5381435762e-06
1.45091309253e-08	-2.94738708817e-06
1.45288712395e-08	-3.2537958532e-06
1.45486115536e-08	-3.25507483012e-06
1.45683518678e-08	-2.79433243122e-06
1.4588092182e-08	-1.81332723059e-06
1.46078324962e-08	-3.80702459779e-07
1.46275728104e-08	1.31196799202e-06
1.46473131246e-08	2.9870977869e-06
1.46670534387e-08	4.34208050137e-06
1.46867937529e-08	5.12074302605e-06
1.47065340671e-08	5.17703415426e-06
1.47262743813e-08	4.51277219327e-06
1.47460146955e-08	3.27836141878e-06
1.47657550097e-08	1.73411723381e-06
1.47854953238e-08	1.82221178591e-07
1.4805235638e-08	-1.11147159032e-06
1.48249759522e-08	-1.98233112769e-06
1.48447162664e-08	-2.39968960614e-06
1.48644565806e-08	-2.45782609909e-06
1.48841968948e-08	-2.33014668538e-06
1.4903937209e-08	-2.2024307782e-06
1.49236775231e-08	-2.20725894451e-06
1.49434178373e-08	-2.38024699684e-06
1.49631581515e-08	-2.65028052127e-06
1.49828984657e-08	-2.86493241219e-06
1.50026387799e-08	-2.84167163045e-06
1.50223790941e-08	-2.42856299337e-06
1.50421194082e-08	-1.55715321171e-06
1.50618597224e-08	-2.73133878181e-07
1.50816000366e-08	1.26328149008e-06
1.51013403508e-08	2.80727260815e-06
1.5121080665e-08	4.08287860409e-06
1.51408209792e-08	4.84726319883e-06
1.51605612933e-08	4.94983692079e-06
1.51803016075e-08	4.3708071189e-06
1.52000419217e-08	3.22804305597e-06
1.52197822359e-08	1.74883700765e-06
1.52395225501e-08	2.13180243236e-07
1.52592628643e-08	-1.11662035351e-06
1.52790031784e-08	-2.05942183129e-06
1.52987434926e-08	-2.55377415215e-06
1.53184838068e-08	-2.66002132321e-06
1.5338224121e-08	-2.52623635788e-06
1.53579644352e-08	-2.3301033707e-06
1.53777047494e-08	-2.21566529035e-06
1.53974450636e-08	-2.24544749017e-06
1.54171853777e-08	-2.38220547999e-06
1.54369256919e-08	-2.50485743436e-06
1.54566660061e-08	-2.45172304858e-06
1.54764063203e-08	-2.07721836887e-06
1.54961466345e-08	-1.30428071543e-06
1.55158869487e-08	-1.57591557581e-07
1.55356272628e-08	1.23105155581e-06
1.5555367577e-08	2.64669210992e-06
1.55751078912e-08	3.83824306027e-06
1.55948482054e-08	4.57674241261e-06
1.56145885196e-08	4.71064095109e-06
1.56343288338e-08	4.20415358349e-06
1.56540691479e-08	3.14815633828e-06
1.56738094621e-08	1.74005742792e-06
1.56935497763e-08	2.36589762892e-07
1.57132900905e-08	-1.10840187517e-06
1.57330304047e-08	-2.10436166981e-06
1.57527707189e-08	-2.66550409833e-06
1.5772511033e-08	-2.82135158614e-06
1.57922513472e-08	-2.69367490091e-06
1.58119916614e-08	-2.44751242917e-06
1.58317319756e-08	-2.23249935516e-06
1.58514722898e-08	-2.13311739117e-06
1.5871212604e-08	-2.14348494865e-06
1.58909529182e-08	-2.1737505449e-06
1.59106932323e-08	-2.08488393127e-06
1.59304335465e-08	-1.73989366203e-06
1.59501738607e-08	-1.05512424398e-06
1.59699141749e-08	-3.61352157086e-08
1.59896544891e-08	1.21189481206e-06
1.60093948033e-08	2.50209268415e-06
1.60291351174e-08	3.60689239187e-06
1.60488754316e-08	4.31121065958e-06
1.60686157458e-08	4.46468584414e-06
1.608835606e-08	4.01952593165e-06
1.61080963742e-08	3.04427021547e-06
1.61278366884e-08	1.70980200664e-06
1.61475770025e-08	2.50106523936e-07
1.61673173167e-08	-1.09262504111e-06
1.61870576309e-08	-2.12405882394e-06
1.62067979451e-08	-2.74014450952e-06
1.62265382593e-08	-2.94378492072e-06
1.62462785735e-08	-2.83091026176e-06
1.62660188876e-08	-2.5509415309e-06
1.62857592018e-08	-2.25384542318e-06
1.6305499516e-08	-2.04068578569e-06
1.63252398302e-08	-1.93331692344e-06
1.63449801444e-08	-1.87215925962e-06
1.63647204586e-08	-1.74213175796e-06
1.63844607728e-08	-1.41744237681e-06
1.64042010869e-08	-8.10549835251e-07
1.64239414011e-08	8.98686955964e-08
1.64436817153e-08	1.20374863855e-06
1.64634220295e-08	2.37128426761e-06
1.64831623437e-08	3.38765471497e-06
1.65029026579e-08	4.05178957408e-06
1.6522642972e-08	4.21581535193e-06
1.65423832862e-08	3.82249663744e-06
1.65621236004e-08	2.92164475013e-06
1.65818639146e-08	1.66081440511e-06
1.66016042288e-08	2.52570117709e-07
1.6621344543e-08	-1.07397659121e-06
1.66410848571e-08	-2.12490886042e-06
1.66608251713e-08	-2.78336051451e-06
1.66805654855e-08	-3.03013564462e-06
1.67003057997e-08	-2.93731318379e-06
1.67200461139e-08	-2.63711933712e-06
1.67397864281e-08	-2.2755206146e-06
1.67595267423e-08	-1.9648525722e-06
1.67792670564e-08	-1.75026860916e-06
1.67990073706e-08	-1.60053946274e-06
1.68187476848e-08	-1.42502329936e-06
1.6838487999e-08	-1.11154520255e-06
1.68582283132e-08	-5.71917411207e-07
1.68779686274e-08	2.19468972773e-07
1.68977089415e-08	1.20582438967e-06
1.69174492557e-08	2.25333633352e-06
1.69371895699e-08	3.17994852139e-06
1.69569298841e-08	3.79897448965e-06
1.69766701983e-08	3.96611267206e-06
1.69964105125e-08	3.61675199656e-06
1.70161508266e-08	2.7845404702e-06
1.70358911408e-08	1.59624562457e-06
1.7055631455e-08	2.44480261813e-07
1.70753717692e-08	-1.05520200577e-06
1.70951120834e-08	-2.11203132494e-06
1.71148523976e-08	-2.80070310055e-06
1.71345927117e-08	-3.08429366669e-06
1.71543330259e-08	-3.01374018363e-06
1.71740733401e-08	-2.7039465067e-06
1.71938136543e-08	-2.2937410904e-06
1.72135539685e-08	-1.90189382465e-06
1.72332942827e-08	-1.59218660656e-06
1.72530345969e-08	-1.35860381079e-06
1.7272774911e-08	-1.13474374075e-06
1.72925152252e-08	-8.24020418122e-07
1.73122555394e-08	-3.40768053775e-07
1.73319958536e-08	3.5160672951e-07
1.73517361678e-08	1.21735598668e-06
1.7371476482e-08	2.14778606278e-06
1.73912167961e-08	2.98353006656e-06
1.74109571103e-08	3.55310385203e-06
1.74306974245e-08	3.71703436031e-06
1.74504377387e-08	3.40495478213e-06
1.74701780529e-08	2.63629249275e-06
1.74899183671e-08	1.51901531353e-06
1.75096586812e-08	2.27091511817e-07
1.75293989954e-08	-1.03756434555e-06
1.75491393096e-08	-2.08916060274e-06
1.75688796238e-08	-2.79715266061e-06
1.7588619938e-08	-3.11072199111e-06
1.76083602522e-08	-3.06249421556e-06
1.76281005663e-08	-2.75074569345e-06
1.76478408805e-08	-2.30541240853e-06
1.76675811947e-08	-1.84780890322e-06
1.76873215089e-08	-1.45575660326e-06
1.77070618231e-08	-1.14499260917e-06
1.77268021373e-08	-8.71927710477e-07
1.77465424515e-08	-5.56797772333e-07
1.77662827656e-08	-1.1930588073e-07
1.77860230798e-08	4.84623001284e-07
1.7805763394e-08	1.23750390912e-06
1.78255037082e-08	2.05439641832e-06
1.78452440224e-08	2.7986080795e-06
1.78649843366e-08	3.31486421601e-06
1.78847246507e-08	3.46989747868e-06
1.79044649649e-08	3.18917852837e-06
1.79242052791e-08	2.4795350555e-06
1.79439455933e-08	1.43155210708e-06
1.79636859075e-08	2.01649299925e-07
1.79834262217e-08	-1.02175778238e-06
1.80031665358e-08	-2.05903290862e-06
1.802290685e-08	-2.7768221571e-06
1.80426471642e-08	-3.11356222937e-06
1.80623874784e-08	-3.08629716983e-06
1.80821277926e-08	-2.77790570635e-06
1.81018681068e-08	-2.30851583183e-06
1.81216084209e-08	-1.799009965e-06
1.81413487351e-08	-1.33737682972e-06
1.81610890493e-08	-9.57444171945e-07
1.81808293635e-08	-6.36430371515e-07
1.82005696777e-08	-3.11502731165e-07
1.82203099919e-08	8.99566146018e-08
1.82400503061e-08	6.16289071331e-07
1.82597906202e-08	1.26511787357e-06
1.82795309344e-08	1.97315455353e-06
1.82992712486e-08	2.62595642653e-06
1.83190115628e-08	3.08530718485e-06
1.8338751877e-08	3.22588698509e-06
1.83584921912e-08	2.9708570537e-06
1.83782325053e-08	2.31600017742e-06
1.83979728195e-08	1.33572063987e-06
1.84177131337e-08	1.69482945012e-07
1.84374534479e-08	-1.00783626067e-06
1.84571937621e-08	-2.02345631806e-06
1.84769340763e-08	-2.74305818948e-06
1.84966743904e-08	-3.09664255838e-06
1.85164147046e-08	-3.08810319893e-06
1.85361550188e-08	-2.78645461549e-06
1.8555895333e-08	-2.30181944971e-06
1.85756356472e-08	-1.75267365421e-06
1.85953759614e-08	-1.23371762584e-06
1.86151162756e-08	-7.93393837739e-07
1.86348565897e-08	-4.27251421797e-07
1.86545969039e-08	-8.89009719174e-08
1.86743372181e-08	2.85049779336e-07
1.86940775323e-08	7.44332822933e-07
1.87138178465e-08	1.29846074515e-06
1.87335581607e-08	1.90339363826e-06
1.87532984748e-08	2.46604383847e-06
1.8773038789e-08	2.86569286345e-06
1.87927791032e-08	2.98659676901e-06
1.88125194174e-08	2.7515718557e-06
1.88322597316e-08	2.14712952129e-06
1.88520000458e-08	1.23272906194e-06
1.88717403599e-08	1.31372928536e-07
1.88914806741e-08	-9.95712639451e-07
1.89112209883e-08	-1.98353848191e-06
1.89309613025e-08	-2.69817212484e-06
1.89507016167e-08	-3.06308334075e-06
1.89704419309e-08	-3.07089237594e-06
1.8990182245e-08	-2.77812966942e-06
1.90099225592e-08	-2.28512419653e-06
1.90296628734e-08	-1.70665850874e-06
1.90494031876e-08	-1.1416186112e-06
1.90691435018e-08	-6.49912351491e-07
1.9088883816e-08	-2.42782775217e-07
1.91086241302e-08	1.10832516498e-07
1.91283644443e-08	4.64354940277e-07
1.91481047585e-08	8.66494616503e-07
1.91678450727e-08	1.33556648052e-06
1.91875853869e-08	1.84416035154e-06
1.92073257011e-08	2.31901458392e-06
1.92270660153e-08	2.65712742475e-06
1.92468063294e-08	2.75365073321e-06
1.92665466436e-08	2.53302494002e-06
1.92862869578e-08	1.97441727323e-06
1.9306027272e-08	1.12365017912e-06
1.93257675862e-08	8.78503492174e-08
1.93455079004e-08	-9.85586837032e-07
1.93652482145e-08	-1.94028552869e-06
1.93849885287e-08	-2.64401512595e-06
1.94047288429e-08	-3.01533179936e-06
1.94244691571e-08	-3.03716797134e-06
1.94442094713e-08	-2.75472143585e-06
1.94639497855e-08	-2.25881103688e-06
1.94836900996e-08	-1.65970294574e-06
1.95034304138e-08	-1.05854388721e-06
1.9523170728e-08	-5.24070372876e-07
1.95429110422e-08	-8.08480464798e-08
1.95626513564e-08	2.88308939389e-07
1.95823916706e-08	6.268160746e-07
1.96021319848e-08	9.80622587576e-07
1.96218722989e-08	1.37423040769e-06
1.96416126131e-08	1.79405333256e-06
1.96613529273e-08	2.18477919134e-06
1.96810932415e-08	2.46064757903e-06
1.97008335557e-08	2.52870586337e-06
1.97205738699e-08	2.31694730246e-06
1.9740314184e-08	1.79926013288e-06
1.97600544982e-08	1.0094010463e-06
1.97797948124e-08	3.93220815909e-08
1.97995351266e-08	-9.77643708211e-07
1.98192754408e-08	-1.89456648059e-06
1.9839015755e-08	-2.58219552052e-06
1.98587560691e-08	-2.95550194096e-06
1.98784963833e-08	-2.98911334085e-06
1.98982366975e-08	-2.71785154382e-06
1.99179770117e-08	-2.2234246444e-06
1.99377173259e-08	-1.61104128438e-06
1.99574576401e-08	-9.82560720786e-07
1.99771979542e-08	-4.1345802515e-07
1.99969382684e-08	6.06543206771e-08
2.00166785826e-08	4.44663911026e-07
2.00364188968e-08	7.7216074601e-07
2.0056159211e-08	1.0852786545e-06
2.00758995252e-08	1.41244896668e-06
2.00956398394e-08	1.75132487357e-06
2.01153801535e-08	2.06254344448e-06
2.01351204677e-08	2.27673581321e-06
2.01548607819e-08	2.31327385336e-06
2.01746010961e-08	2.10526650335e-06
2.01943414103e-08	1.62337443044e-06
2.02140817245e-08	8.91022466476e-07
2.02338220386e-08	-1.39988323156e-08
2.02535623528e-08	-9.72340728822e-07
2.0273302667e-08	-1.8473413661e-06
2.02930429812e-08	-2.51400740581e-06
2.03127832954e-08	-2.88522505798e-06
2.03325236096e-08	-2.9284823313e-06
2.03522639237e-08	-2.66907534296e-06
2.03720042379e-08	-2.17981812511e-06
2.03917445521e-08	-1.56038652221e-06
2.04114848663e-08	-9.12233929284e-07
2.04312251805e-08	-3.15845852583e-07
2.04509654947e-08	1.83973789092e-07
2.04707058089e-08	5.81289242518e-07
2.0490446123e-08	9.00527425074e-07
2.05101864372e-08	1.17935127264e-06
2.05299267514e-08	1.44839060567e-06
2.05496670656e-08	1.71425273265e-06
2.05694073798e-08	1.9513662437e-06
2.0589147694e-08	2.10551797863e-06
2.06088880081e-08	2.10847156268e-06
2.06286283223e-08	1.89967454389e-06
2.06483686365e-08	1.44844722172e-06
2.06681089507e-08	7.69714716853e-07
2.06878492649e-08	-7.16365455844e-08
2.07075895791e-08	-9.69999973677e-07
2.07273298932e-08	-1.79960557034e-06
2.07470702074e-08	-2.4409072239e-06
2.07668105216e-08	-2.80611629933e-06
2.07865508358e-08	-2.85683461243e-06
2.080629115e-08	-2.60963679466e-06
2.08260314642e-08	-2.12864460991e-06
2.08457717783e-08	-1.50760064344e-06
2.08655120925e-08	-8.4656198851e-07
2.08852524067e-08	-2.29562999721e-07
2.09049927209e-08	2.91002422159e-07
2.09247330351e-08	6.99728616382e-07
2.09444733493e-08	1.01254590845e-06
2.09642136635e-08	1.26235073594e-06
2.09839539776e-08	1.48066663996e-06
2.10036942918e-08	1.68112308074e-06
2.1023434606e-08	1.84995343488e-06
2.10431749202e-08	1.94664539777e-06
2.10629152344e-08	1.91504318536e-06
2.10826555486e-08	1.70172626213e-06
2.11023958627e-08	1.27622166701e-06
2.11221361769e-08	6.46860144116e-07
2.11418764911e-08	-1.33011404557e-07
2.11616168053e-08	-9.70921860244e-07
2.11813571195e-08	-1.75232366928e-06
2.12010974337e-08	-2.36427877098e-06
2.12208377478e-08	-2.71969270216e-06
2.1240578062e-08	-2.77557967365e-06
2.12603183762e-08	-2.54062842941e-06
2.12800586904e-08	-2.07051789403e-06
2.12997990046e-08	-1.45265693163e-06
2.13195393188e-08	-7.84769639495e-07
2.13392796329e-08	-1.53185503393e-07
2.13590199471e-08	3.8346445308e-07
2.13787602613e-08	8.0149291648e-07
2.13985005755e-08	1.10903960149e-06
2.14182408897e-08	1.33412351033e-06
2.14379812039e-08	1.50824524781e-06
2.14577215181e-08	1.65047623568e-06
2.14774618322e-08	1.75698050953e-06
2.14972021464e-08	1.79951342716e-06
2.15169424606e-08	1.73334979081e-06
2.15366827748e-08	1.51257012249e-06
2.1556423089e-08	1.10827932076e-06
2.15761634032e-08	5.23871193536e-07
2.15959037173e-08	-1.97313369199e-07
2.16156440315e-08	-9.75128386926e-07
2.16353843457e-08	-1.70634046981e-06
2.16551246599e-08	-2.28548879022e-06
2.16748649741e-08	-2.62750700131e-06
2.16946052883e-08	-2.68613098342e-06
2.17143456024e-08	-2.46309957674e-06
2.17340859166e-08	-2.00595809474e-06
2.17538262308e-08	-1.39546511946e-06
2.1773566545e-08	-7.26188233102e-07
2.17933068592e-08	-8.55883115491e-08
2.18130471734e-08	4.62752907993e-07
2.18327874875e-08	8.87949340722e-07
2.18525278017e-08	1.1909195905e-06
2.18722681159e-08	1.3948609876e-06
2.18920084301e-08	1.53054088514e-06
2.19117487443e-08	1.62111712143e-06
2.19314890585e-08	1.67116240846e-06
2.19512293727e-08	1.66327072293e-06
2.19709696868e-08	1.56332129109e-06
2.1990710001e-08	1.3330462707e-06
2.20104503152e-08	9.46010914049e-07
2.20301906294e-08	4.02191446369e-07
2.20499309436e-08	-2.63572815129e-07
2.20696712578e-08	-9.82452661447e-07
2.20894115719e-08	-1.6623299075e-06
2.21091518861e-08	-2.20581682697e-06
2.21288922003e-08	-2.53108396464e-06
2.21486325145e-08	-2.58989177837e-06
2.21683728287e-08	-2.37805568304e-06
2.21881131429e-08	-1.93544912008e-06
2.2207853457e-08	-1.33597251306e-06
2.22275937712e-08	-6.70240495992e-07
2.22473340854e-08	-2.57429757511e-08
2.22670743996e-08	5.30140027877e-07
2.22868147138e-08	9.60322836363e-07
2.2306555028e-08	1.25912862359e-06
2.23262953422e-08	1.44490570619e-06
2.23460356563e-08	1.5471762822e-06
2.23657759705e-08	1.59213379902e-06
2.23855162847e-08	1.59136351385e-06
2.24052565989e-08	1.53700005967e-06
2.24249969131e-08	1.40468847576e-06
2.24447372273e-08	1.16362650715e-06
2.24644775414e-08	7.90506419435e-07
2.24842178556e-08	2.83127405964e-07
2.25039581698e-08	-3.30746374289e-07
2.2523698484e-08	-9.92513434994e-07
2.25434387982e-08	-1.62070608667e-06
2.25631791124e-08	-2.12637462482e-06
2.25829194265e-08	-2.43188628701e-06
2.26026597407e-08	-2.4883062224e-06
2.26224000549e-08	-2.28658427659e-06
2.26421403691e-08	-1.85951910225e-06
2.26618806833e-08	-1.27410379491e-06
2.26816209975e-08	-6.16340713577e-07
2.27013613116e-08	2.72860649631e-08
2.27211016258e-08	5.86765565913e-07
2.274084194e-08	1.01974734434e-06
2.27605822542e-08	1.3145075286e-06
2.27803225684e-08	1.48468842553e-06
2.28000628826e-08	1.55802291602e-06
2.28198031968e-08	1.56284670538e-06
2.28395435109e-08	1.51661890868e-06
2.28592838251e-08	1.41980893886e-06
2.28790241393e-08	1.25698289821e-06
2.28987644535e-08	1.00449636875e-06
2.29185047677e-08	6.4257210397e-07
2.29382450819e-08	1.67827934661e-07
2.2957985396e-08	-3.9780739769e-07
2.29777257102e-08	-1.00477842579e-06
2.29974660244e-08	-1.58166704978e-06
2.30172063386e-08	-2.04804575787e-06
2.30369466528e-08	-2.33125376781e-06
2.3056686967e-08	-2.38278971665e-06
2.30764272811e-08	-2.18982279421e-06
2.30961675953e-08	-1.77878445129e-06
2.31159079095e-08	-1.20986265983e-06
2.31356482237e-08	-5.63939380527e-07
2.31553885379e-08	7.44441450706e-08
2.31751288521e-08	6.33724198451e-07
2.31948691662e-08	1.0672542885e-06
2.32146094804e-08	1.3578811604e-06
2.32343497946e-08	1.51462023723e-06
2.32540901088e-08	1.56304082566e-06
2.3273830423e-08	1.53279927417e-06
2.32935707372e-08	1.44616211628e-06
2.33133110514e-08	1.31090098421e-06
2.33330513655e-08	1.11963828431e-06
2.33527916797e-08	8.55591650861e-07
2.33725319939e-08	5.02732774521e-07
2.33922723081e-08	5.72035396829e-08
2.34120126223e-08	-4.63768955683e-07
2.34317529365e-08	-1.01859018287e-06
2.34514932506e-08	-1.54518301088e-06
2.34712335648e-08	-1.97150529857e-06
2.3490973879e-08	-2.23038830427e-06
2.35107141932e-08	-2.27468990488e-06
2.35304545074e-08	-2.08892367937e-06
2.35501948216e-08	-1.69394002114e-06
2.35699351357e-08	-1.14333789725e-06
2.35896754499e-08	-5.12570494493e-07
2.36094157641e-08	1.16596964972e-07
2.36291560783e-08	6.72078158459e-07
2.36488963925e-08	1.10388464236e-06
2.36686367067e-08	1.39005203437e-06
2.36883770208e-08	1.53512650058e-06
2.3708117335e-08	1.56223791237e-06
2.37278576492e-08	1.50160565227e-06
2.37475979634e-08	1.37935040811e-06
2.37673382776e-08	1.20955269267e-06
2.37870785918e-08	9.92131219846e-07
2.3806818906e-08	7.16748701279e-07
2.38265592201e-08	3.71243174868e-07
2.38462995343e-08	-4.80765507405e-08
2.38660398485e-08	-5.27789950411e-07
2.38857801627e-08	-1.03328642354e-06
2.39055204769e-08	-1.51104774204e-06
2.39252607911e-08	-1.89718582533e-06
2.39450011052e-08	-2.13025577978e-06
2.39647414194e-08	-2.16528667352e-06
2.39844817336e-08	-1.98508905669e-06
2.40042220478e-08	-1.60574131769e-06
2.4023962362e-08	-1.07471100819e-06
2.40437026762e-08	-4.61834531507e-07
2.40634429903e-08	1.54574223643e-07
2.40831833045e-08	7.02852531731e-07
2.41029236187e-08	1.13062310447e-06
2.41226639329e-08	1.41181180879e-06
2.41424042471e-08	1.54668975938e-06
2.41621445613e-08	1.55568864102e-06
2.41818848754e-08	1.46898923958e-06
2.42016251896e-08	1.31563587047e-06
2.42213655038e-08	1.11511855039e-06
2.4241105818e-08	8.73909982602e-07
2.42608461322e-08	5.87707290833e-07
2.42805864464e-08	2.48259993896e-07
2.43003267606e-08	-1.47514938931e-07
2.43200670747e-08	-5.89185106037e-07
2.43398073889e-08	-1.04825079461e-06
2.43595477031e-08	-1.47901891978e-06
2.43792880173e-08	-1.82530823167e-06
2.43990283315e-08	-2.03162062462e-06
2.44187686457e-08	-2.05568846923e-06
2.44385089598e-08	-1.87943197716e-06
2.4458249274e-08	-1.51503149937e-06
2.44779895882e-08	-1.00430065686e-06
2.44977299024e-08	-4.11458344729e-07
2.45174702166e-08	1.89116107663e-07
2.45372105308e-08	7.27064588091e-07
2.45569508449e-08	1.14850877253e-06
2.45766911591e-08	1.42396038427e-06
2.45964314733e-08	1.54978192768e-06
2.46161717875e-08	1.54349390868e-06
2.46359121017e-08	1.43468764691e-06
2.46556524159e-08	1.25452049815e-06
2.46753927301e-08	1.02702261984e-06
2.46951330442e-08	7.64479239024e-07
2.47148733584e-08	4.68196262204e-07
2.47346136726e-08	1.33797115609e-07
2.47543539868e-08	-2.40776216742e-07
2.4774094301e-08	-6.47442533364e-07
2.47938346152e-08	-1.06295982505e-06
2.48135749293e-08	-1.4487388853e-06
2.48333152435e-08	-1.75598603391e-06
2.48530555577e-08	-1.93504087065e-06
2.48727958719e-08	-1.94679807919e-06
2.48925361861e-08	-1.77302308657e-06
2.49122765003e-08	-1.42268407899e-06
2.49320168144e-08	-9.32513728458e-07
2.49517571286e-08	-3.61284335781e-07
2.49714974428e-08	2.20898364489e-07
2.4991237757e-08	7.45661310475e-07
2.50109780712e-08	1.15852623139e-06
2.50307183854e-08	1.42732750419e-06
2.50504586995e-08	1.54490231807e-06
2.50701990137e-08	1.52581156954e-06
2.50899393279e-08	1.3985236933e-06
2.51096796421e-08	1.19559700806e-06
2.51294199563e-08	9.44716930462e-07
2.51491602705e-08	6.6331273274e-07
2.51689005847e-08	3.57864294642e-07
2.51886408988e-08	2.78101612849e-08
2.5208381213e-08	-3.27628171704e-07
2.52281215272e-08	-7.02104046013e-07
2.52478618414e-08	-1.07693040263e-06
2.52676021556e-08	-1.41994615888e-06
2.52873424698e-08	-1.68922639432e-06
2.53070827839e-08	-1.84092186828e-06
2.53268230981e-08	-1.83937794418e-06
2.53465634123e-08	-1.66674396951e-06
2.53663037265e-08	-1.32950106035e-06
2.53860440407e-08	-8.59852008261e-07
2.54057843549e-08	-3.11317990054e-07
2.5425524669e-08	2.50418295877e-07
2.54452649832e-08	7.59520872862e-07
2.54650052974e-08	1.16169258035e-06
2.54847456116e-08	1.42280384807e-06
2.55044859258e-08	1.53261822788e-06
2.552422624e-08	1.50281152855e-06
2.55439665541e-08	1.3603432194e-06
2.55637068683e-08	1.1384465779e-06
2.55834471825e-08	8.67686168249e-07
2.56031874967e-08	5.69920558746e-07
2.56229278109e-08	2.56382961084e-07
2.56426681251e-08	-6.98241500174e-08
2.56624084393e-08	-4.079305711e-07
2.56821487534e-08	-7.52845096486e-07
2.57018890676e-08	-1.08978019853e-06
2.57216293818e-08	-1.39233873142e-06
2.5741369696e-08	-1.62501362411e-06
2.57611100102e-08	-1.74958120169e-06
2.57808503244e-08	-1.73400661652e-06
2.58005906385e-08	-1.56136292162e-06
2.58203309527e-08	-1.23624067783e-06
2.58400712669e-08	-7.86811227727e-07
2.58598115811e-08	-2.61683496205e-07
2.58795518953e-08	2.78021673239e-07
2.58992922095e-08	7.69420637425e-07
2.59190325236e-08	1.15897347541e-06
2.59387728378e-08	1.41130732345e-06
2.5958513152e-08	1.51357818368e-06
2.59782534662e-08	1.47472417211e-06
2.59979937804e-08	1.31998837105e-06
2.60177340946e-08	1.08266618781e-06
2.60374744087e-08	7.95452223201e-07
2.60572147229e-08	4.83877769852e-07
2.60769550371e-08	1.63419016985e-07
2.60966953513e-08	-1.59265056254e-07
2.61164356655e-08	-4.81664145013e-07
2.61361759797e-08	-7.9947048448e-07
2.61559162939e-08	-1.10118270413e-06
2.6175656608e-08	-1.36560572628e-06
2.61953969222e-08	-1.56321345912e-06
2.62151372364e-08	-1.6611919591e-06
2.62348775506e-08	-1.63122155072e-06
2.62546178648e-08	-1.45761299564e-06
2.6274358179e-08	-1.14358175551e-06
2.62940984931e-08	-7.13861112445e-07
2.63138388073e-08	-2.12454224879e-07
2.63335791215e-08	3.0402590312e-07
2.63533194357e-08	7.75957261112e-07
2.63730597499e-08	1.15117916266e-06
2.63928000641e-08	1.39366431995e-06
2.64125403782e-08	1.48846595494e-06
2.64322806924e-08	1.44195763596e-06
2.64520210066e-08	1.27747233591e-06
2.64717613208e-08	1.02791261725e-06
2.6491501635e-08	7.27445097937e-07
2.65112419492e-08	4.04613970773e-07
2.65309822634e-08	7.85828113692e-08
2.65507225775e-08	-2.40642556548e-07
2.65704628917e-08	-5.48746129425e-07
2.65902032059e-08	-8.41771338855e-07
2.66099435201e-08	-1.11092452926e-06
2.66296838343e-08	-1.33959258619e-06
2.66494241485e-08	-1.50376490637e-06
2.66691644626e-08	-1.57585890292e-06
2.66889047768e-08	-1.53130412173e-06
2.6708645091e-08	-1.35598133966e-06
2.67283854052e-08	-1.05216798829e-06
2.67481257194e-08	-6.41546648694e-07
2.67678660336e-08	-1.63882887705e-07
2.67876063477e-08	3.28599512045e-07
2.68073466619e-08	7.7974189594e-07
2.68270869761e-08	1.13915154998e-06
2.68468272903e-08	1.37072197504e-06
2.68665676045e-08	1.4579259755e-06
2.68863079187e-08	1.40483183486e-06
2.69060482328e-08	1.23280989328e-06
2.6925788547e-08	9.73953774519e-07
2.69455288612e-08	6.6326234105e-07
2.69652691754e-08	3.31630872097e-07
2.69850094896e-08	1.4361170031e-09
2.70047498038e-08	-3.14258912226e-07
2.7024490118e-08	-6.09245347505e-07
2.70442304321e-08	-8.79591937064e-07
2.70639707463e-08	-1.11871815989e-06
2.70837110605e-08	-1.3140398778e-06
2.71034513747e-08	-1.44657849432e-06
2.71231916889e-08	-1.49369992641e-06
2.71429320031e-08	-1.43460914614e-06
2.71626723172e-08	-1.2569350929e-06
2.71824126314e-08	-9.62453498232e-07
2.72021529456e-08	-5.70257725485e-07
2.72218932598e-08	-1.16172710563e-07
2.7241633574e-08	3.51829086753e-07
2.72613738882e-08	7.81160906627e-07
2.72811142023e-08	1.12356076443e-06
2.73008545165e-08	1.34328985268e-06
2.73205948307e-08	1.42268299896e-06
2.73403351449e-08	1.36381862603e-06
2.73600754591e-08	1.18609347055e-06
2.73798157733e-08	9.2053011258e-07
2.73995560874e-08	6.02439939712e-07
2.74192964016e-08	2.6443174761e-07
2.74390367158e-08	-6.84409116047e-08
2.745877703e-08	-3.80358926577e-07
2.74785173442e-08	-6.63236164655e-07
2.74982576584e-08	-9.12872337722e-07
2.75179979726e-08	-1.1243975564e-06
2.75377382867e-08	-1.28875836936e-06
2.75574786009e-08	-1.39152456313e-06
2.75772189151e-08	-1.41474174598e-06
2.75969592293e-08	-1.34134148766e-06
2.76166995435e-08	-1.16086363278e-06
2.76364398577e-08	-8.74908806736e-07
2.76561801718e-08	-5.00388637192e-07
2.7675920486e-08	-6.95136463946e-08
2.76956608002e-08	3.73787415242e-07
2.77154011144e-08	7.8057288988e-07
2.77351414286e-08	1.10498115191e-06
2.77548817428e-08	1.31205132448e-06
2.77746220569e-08	1.38340413969e-06
2.77943623711e-08	1.31939219727e-06
2.78141026853e-08	1.13751525532e-06
2.78338429995e-08	8.67517854886e-07
2.78535833137e-08	5.44569559224e-07
2.78733236279e-08	2.02482993927e-07
2.7893063942e-08	-1.31538904213e-07
2.79128042562e-08	-4.39277911823e-07
2.79325445704e-08	-7.10825617034e-07
2.79522848846e-08	-9.41529123111e-07
2.79720251988e-08	-1.12780901418e-06
2.7991765513e-08	-1.26357082308e-06
2.80115058272e-08	-1.33850397788e-06
2.80312461413e-08	-1.33901545496e-06
2.80509864555e-08	-1.2516516108e-06
2.80707267697e-08	-1.0680493574e-06
2.80904670839e-08	-7.8990547081e-07
2.81102073981e-08	-4.32287876606e-07
2.81299477123e-08	-2.41498190334e-08
2.81496880264e-08	3.9448644884e-07
2.81694283406e-08	7.78283975933e-07
2.81891686548e-08	1.08395369125e-06
2.8208908969e-08	1.27767515323e-06
2.82286492832e-08	1.34070700142e-06
2.82483895974e-08	1.27200900124e-06
2.82681299115e-08	1.08727999759e-06
2.82878702257e-08	8.1483179315e-07
2.83076105399e-08	4.8935081054e-07
2.83273508541e-08	1.45331156887e-07
2.83470911683e-08	-1.88344301932e-07
2.83668314825e-08	-4.91401124236e-07
2.83865717967e-08	-7.52225702172e-07
2.84063121108e-08	-9.65568403899e-07
2.8426052425e-08	-1.12878853997e-06
2.84457927392e-08	-1.23827828702e-06
2.84655330534e-08	-1.28738400917e-06
2.84852733676e-08	-1.26651241317e-06
2.85050136818e-08	-1.16569412967e-06
2.85247539959e-08	-9.78761534043e-07
2.85444943101e-08	-7.07745613227e-07
2.85642346243e-08	-3.66233635418e-07
2.85839749385e-08	1.97606073726e-08
2.86037152527e-08	4.13926002807e-07
2.86234555669e-08	7.74491837774e-07
2.8643195881e-08	1.06090601548e-06
2.86629361952e-08	1.24073579855e-06
2.86826765094e-08	1.29521333747e-06
2.87024168236e-08	1.22216459886e-06
2.87221571378e-08	1.03563831999e-06
2.8741897452e-08	7.62429863244e-07
2.87616377661e-08	4.36473698073e-07
2.87813780803e-08	9.25294791898e-08
2.88011183945e-08	-2.39328926455e-07
2.88208587087e-08	-5.37105194098e-07
2.88405990229e-08	-7.87662571611e-07
2.88603393371e-08	-9.85048529856e-07
2.88800796513e-08	-1.12724711698e-06
2.88998199654e-08	-1.21272790921e-06
2.89195602796e-08	-1.23800447227e-06
2.89393005938e-08	-1.19715912206e-06
2.8959040908e-08	-1.08354748818e-06
2.89787812222e-08	-8.93193288221e-07
2.89985215364e-08	-6.28710864703e-07
2.90182618505e-08	-3.02509178596e-07
2.90380021647e-08	6.20488869174e-08
2.90577424789e-08	4.32105522918e-07
2.90774827931e-08	7.69402134893e-07
2.90972231073e-08	1.03622323877e-06
2.91169634215e-08	1.2017364952e-06
2.91367037356e-08	1.2474487221e-06
2.91564440498e-08	1.17031606806e-06
2.9176184364e-08	9.82858296084e-07
2.91959246782e-08	7.10346512278e-07
2.92156649924e-08	3.85727560115e-07
2.92354053066e-08	4.36696758754e-08
2.92551456207e-08	-2.84961089392e-07
2.92748859349e-08	-5.76816148623e-07
2.92946262491e-08	-8.17408420062e-07
2.93143665633e-08	-1.0000636621e-06
2.93341068775e-08	-1.12313477985e-06
2.93538471917e-08	-1.18676808825e-06
2.93735875059e-08	-1.19022189438e-06
2.939332782e-08	-1.13088009357e-06
2.94130681342e-08	-1.00523465107e-06
2.94328084484e-08	-8.11498580333e-07
2.94525487626e-08	-5.53033629558e-07
2.94722890768e-08	-2.41343855123e-07
2.9492029391e-08	1.0254091265e-07
2.95117697051e-08	4.48998875413e-07
2.95315100193e-08	7.63184459629e-07
2.95512503335e-08	1.01023471188e-06
2.95709906477e-08	1.1611350601e-06
2.95907309619e-08	1.19791087627e-06
2.96104712761e-08	1.11688729021e-06
2.96302115902e-08	9.29219936552e-07
2.96499519044e-08	6.58635968875e-07
2.96696922186e-08	3.36943870138e-07
2.96894325328e-08	-1.59821578194e-09
2.9709172847e-08	-3.25696532855e-07
2.97289131612e-08	-6.10965258829e-07
2.97486534753e-08	-8.41783958094e-07
2.97683937895e-08	-1.01074954273e-06
2.97881341037e-08	-1.11642719958e-06
2.98078744179e-08	-1.16026751584e-06
2.98276147321e-08	-1.14387353278e-06
2.98473550463e-08	-1.06758056972e-06
2.98670953605e-08	-9.3075851737e-07
2.98868356746e-08	-7.33778875883e-07
2.99065759888e-08	-4.80887749177e-07
2.9926316303e-08	-1.82929461801e-07
2.99460566172e-08	1.41103484452e-07
2.99657969314e-08	4.64579159143e-07
2.99855372456e-08	7.55958780019e-07
3.00052775597e-08	9.83234315299e-07
3.00250178739e-08	1.119342528e-06
3.00447581881e-08	1.14706244858e-06
3.00644985023e-08	1.06229163066e-06
3.00842388165e-08	8.74984408483e-07
3.01039791307e-08	6.07373436878e-07
3.01237194448e-08	2.89981656465e-07
3.0143459759e-08	-4.35840910029e-08
3.01632000732e-08	-3.61930133863e-07
3.01829403874e-08	-6.39964326865e-07
3.02026807016e-08	-8.61116461692e-07
3.02224210158e-08	-1.01731359337e-06
3.024216133e-08	-1.10715495794e-06
3.02619016441e-08	-1.13312427175e-06
3.02816419583e-08	-1.09880573973e-06
3.03013822725e-08	-1.00711366713e-06
3.03211225867e-08	-8.60064403696e-07
3.03408629009e-08	-6.60111822981e-07
3.03606032151e-08	-4.12428747154e-07
3.03803435292e-08	-1.27453652965e-07
