% time-domain voltage integration by openEMS v0.0.36 @Thu Feb  5 18:55:41 2026
% start-coordinates: (-0.0367826,0.02,0.0015) m -> [29,75,9]
% stop-coordinates: (-0.0367826,0.02,0) m -> [29,75,7]
% t/s	voltage
0	0
1.9740314184e-11	-3.49281723544e-08
3.94806283681e-11	-2.60859593482e-07
5.92209425521e-11	-3.04138040974e-07
7.89612567362e-11	-1.17090273477e-07
9.87015709202e-11	7.38412524015e-07
1.18441885104e-10	2.94172900794e-06
1.38182199288e-10	7.37301252229e-06
1.57922513472e-10	1.47043233483e-05
1.77662827656e-10	2.45615083259e-05
1.9740314184e-10	3.43003448506e-05
2.17143456024e-10	3.77490214305e-05
2.36883770208e-10	2.47577463597e-05
2.56624084393e-10	-1.73825337697e-05
2.76364398577e-10	-9.96630151349e-05
2.96104712761e-10	-0.000224452858674
3.15845026945e-10	-0.000378029973945
3.35585341129e-10	-0.000526131654624
3.55325655313e-10	-0.00061669270508
3.75065969497e-10	-0.000592163472902
3.94806283681e-10	-0.000409641099395
4.14546597865e-10	-6.22071365797e-05
4.34286912049e-10	0.000408101899666
4.54027226233e-10	0.000913746654987
4.73767540417e-10	0.00134344416438
4.93507854601e-10	0.00159566366347
5.13248168785e-10	0.0016109101125
5.32988482969e-10	0.00138944463106
5.52728797153e-10	0.000987455190625
5.72469111337e-10	0.00049452559324
5.92209425521e-10	3.45396256307e-06
6.11949739705e-10	-0.000414430440287
6.31690053889e-10	-0.00072001980152
6.51430368073e-10	-0.000902918953216
6.71170682257e-10	-0.000970267661614
6.90910996441e-10	-0.000936223281315
7.10651310625e-10	-0.000817371794255
7.3039162481e-10	-0.000633795600152
7.50131938994e-10	-0.000411732704379
7.69872253178e-10	-0.000183300260687
7.89612567362e-10	1.83953579835e-05
8.09352881546e-10	0.000167006313859
8.2909319573e-10	0.000249635937507
8.48833509914e-10	0.000269241412752
8.68573824098e-10	0.000241874731728
8.88314138282e-10	0.000190158491023
9.08054452466e-10	0.000135940135806
9.2779476665e-10	9.47747248574e-05
9.47535080834e-10	7.33552878955e-05
9.67275395018e-10	6.977369776e-05
9.87015709202e-10	7.56537665438e-05
1.00675602339e-09	7.93932376837e-05
1.02649633757e-09	6.95583585184e-05
1.04623665175e-09	3.80922738259e-05
1.06597696594e-09	-1.68563865373e-05
1.08571728012e-09	-8.94796212378e-05
1.10545759431e-09	-0.000166915604495
1.12519790849e-09	-0.000232281898207
1.14493822267e-09	-0.000269493160886
1.16467853686e-09	-0.00026840857754
1.18441885104e-09	-0.000228369368415
1.20415916523e-09	-0.000158576018293
1.22389947941e-09	-7.51889165258e-05
1.24363979359e-09	3.91902790398e-06
1.26338010778e-09	6.4496678533e-05
1.28312042196e-09	9.94244182948e-05
1.30286073615e-09	0.000109327829705
1.32260105033e-09	0.000100452474726
1.34234136451e-09	8.12273428892e-05
1.3620816787e-09	5.89924329688e-05
1.38182199288e-09	3.80042347388e-05
1.40156230707e-09	1.92299412447e-05
1.42130262125e-09	1.5204023498e-06
1.44104293543e-09	-1.66000672834e-05
1.46078324962e-09	-3.52203405782e-05
1.4805235638e-09	-5.20310986758e-05
1.50026387799e-09	-6.23619998805e-05
1.52000419217e-09	-6.03722892265e-05
1.53974450636e-09	-4.1130635509e-05
1.55948482054e-09	-2.94609560569e-06
1.57922513472e-09	5.08036082465e-05
1.59896544891e-09	0.000111260123958
1.61870576309e-09	0.000165623700013
1.63844607728e-09	0.000200402580958
1.65818639146e-09	0.000205496042327
1.67792670564e-09	0.000177705296664
1.69766701983e-09	0.000122281198855
1.71740733401e-09	5.17611988471e-05
1.7371476482e-09	-1.765464458e-05
1.75688796238e-09	-7.09708911018e-05
1.77662827656e-09	-9.87604689726e-05
1.79636859075e-09	-9.94931288005e-05
1.81610890493e-09	-7.91074198787e-05
1.83584921912e-09	-4.81598763145e-05
1.8555895333e-09	-1.7860551452e-05
1.87532984748e-09	3.48344917711e-06
1.89507016167e-09	1.2478834833e-05
1.91481047585e-09	1.0675374142e-05
1.93455079004e-09	2.99590021768e-06
1.95429110422e-09	-4.54499263469e-06
1.9740314184e-09	-7.01483531884e-06
1.99377173259e-09	-2.06476840958e-06
2.01351204677e-09	9.49405784922e-06
2.03325236096e-09	2.40062654484e-05
2.05299267514e-09	3.60672165698e-05
2.07273298932e-09	4.02133391617e-05
2.09247330351e-09	3.28299611283e-05
2.11221361769e-09	1.37475635711e-05
2.13195393188e-09	-1.31748543026e-05
2.15169424606e-09	-4.08806135965e-05
2.17143456024e-09	-6.12934636592e-05
2.19117487443e-09	-6.8155615736e-05
2.21091518861e-09	-5.93912591285e-05
2.2306555028e-09	-3.79452412744e-05
2.25039581698e-09	-1.06731986307e-05
2.27013613116e-09	1.4269811345e-05
2.28987644535e-09	3.04019213218e-05
2.30961675953e-09	3.4982635043e-05
2.32935707372e-09	2.93836419587e-05
2.3490973879e-09	1.78010504897e-05
2.36883770208e-09	5.11033317707e-06
2.38857801627e-09	-5.0353592087e-06
2.40831833045e-09	-1.1106976217e-05
2.42805864464e-09	-1.34451638587e-05
2.44779895882e-09	-1.33090907184e-05
2.46753927301e-09	-1.19087681014e-05
2.48727958719e-09	-9.91349907054e-06
2.50701990137e-09	-7.51125207898e-06
2.52676021556e-09	-4.73209183838e-06
2.54650052974e-09	-1.70003875155e-06
2.56624084393e-09	1.36646588089e-06
2.58598115811e-09	4.33429704572e-06
2.60572147229e-09	7.24685332898e-06
2.62546178648e-09	1.01869713944e-05
2.64520210066e-09	1.29793752421e-05
2.66494241485e-09	1.49618276737e-05
2.68468272903e-09	1.50713085532e-05
2.70442304321e-09	1.23107001855e-05
2.7241633574e-09	6.38202391201e-06
2.74390367158e-09	-1.89661972172e-06
2.76364398577e-09	-1.06816873995e-05
2.78338429995e-09	-1.77307401827e-05
2.80312461413e-09	-2.12790509977e-05
2.82286492832e-09	-2.07048387892e-05
2.8426052425e-09	-1.66452500707e-05
2.86234555669e-09	-1.04966934487e-05
2.88208587087e-09	-3.62197488357e-06
2.90182618505e-09	3.26949475493e-06
2.92156649924e-09	1.02130825326e-05
2.94130681342e-09	1.75157083504e-05
2.96104712761e-09	2.50322827924e-05
2.98078744179e-09	3.1664447306e-05
3.00052775597e-09	3.54465882992e-05
3.02026807016e-09	3.42512958014e-05
3.04000838434e-09	2.68063076874e-05
3.05974869853e-09	1.35379600579e-05
3.07948901271e-09	-3.1983563531e-06
3.09922932689e-09	-1.96608525584e-05
3.11896964108e-09	-3.18535476254e-05
3.13870995526e-09	-3.68238033843e-05
3.15845026945e-09	-3.36366556439e-05
3.17819058363e-09	-2.36629512074e-05
3.19793089781e-09	-1.00913434835e-05
3.217671212e-09	3.14064550366e-06
3.23741152618e-09	1.25942374325e-05
3.25715184037e-09	1.63243130373e-05
3.27689215455e-09	1.43131346704e-05
3.29663246873e-09	8.25464076115e-06
3.31637278292e-09	8.30966797594e-07
3.3361130971e-09	-5.21608171766e-06
3.35585341129e-09	-7.9157757682e-06
3.37559372547e-09	-6.57796067571e-06
3.39533403966e-09	-1.88601205764e-06
3.41507435384e-09	4.39267955699e-06
3.43481466802e-09	9.97056031338e-06
3.45455498221e-09	1.27259318106e-05
3.47429529639e-09	1.13598221105e-05
3.49403561058e-09	5.84455210628e-06
3.51377592476e-09	-2.47327261604e-06
3.53351623894e-09	-1.11969970931e-05
3.55325655313e-09	-1.75894720087e-05
3.57299686731e-09	-1.94864496734e-05
3.5927371815e-09	-1.6110902834e-05
3.61247749568e-09	-8.46160810397e-06
3.63221780986e-09	9.25221343095e-07
3.65195812405e-09	8.8204496933e-06
3.67169843823e-09	1.24725193018e-05
3.69143875242e-09	1.06533275357e-05
3.7111790666e-09	4.13657062381e-06
3.73091938078e-09	-4.59893931293e-06
3.75065969497e-09	-1.23247268675e-05
3.77040000915e-09	-1.62709393408e-05
3.79014032334e-09	-1.50845394273e-05
3.80988063752e-09	-9.16554063224e-06
3.8296209517e-09	-3.17804136785e-07
3.84936126589e-09	9.03999671209e-06
3.86910158007e-09	1.67074267665e-05
3.88884189426e-09	2.12448885577e-05
3.90858220844e-09	2.21082491407e-05
3.92832252262e-09	1.94794220079e-05
3.94806283681e-09	1.40148194987e-05
3.96780315099e-09	6.67848348712e-06
3.98754346518e-09	-1.32535978992e-06
4.00728377936e-09	-8.62148999659e-06
4.02702409354e-09	-1.38609730129e-05
4.04676440773e-09	-1.60645049618e-05
4.06650472191e-09	-1.49835782395e-05
4.0862450361e-09	-1.12745046863e-05
4.10598535028e-09	-6.33337458567e-06
4.12572566446e-09	-1.80775583658e-06
4.14546597865e-09	1.02100801769e-06
4.16520629283e-09	1.70317554193e-06
4.18494660702e-09	7.14378501243e-07
4.2046869212e-09	-8.49972167316e-07
4.22442723538e-09	-1.81013217571e-06
4.24416754957e-09	-1.39632516039e-06
4.26390786375e-09	5.17215113405e-07
4.28364817794e-09	3.49526931132e-06
4.30338849212e-09	6.82439895172e-06
4.3231288063e-09	9.79676497082e-06
4.34286912049e-09	1.18443826977e-05
4.36260943467e-09	1.25199030663e-05
4.38234974886e-09	1.14393387776e-05
4.40209006304e-09	8.32376872495e-06
4.42183037723e-09	3.18803188293e-06
4.44157069141e-09	-3.41764996392e-06
4.46131100559e-09	-1.03050169855e-05
4.48105131978e-09	-1.58420407388e-05
4.50079163396e-09	-1.84473738045e-05
4.52053194815e-09	-1.72106119862e-05
4.54027226233e-09	-1.23505215015e-05
4.56001257651e-09	-5.26634494236e-06
4.5797528907e-09	1.89169986697e-06
4.59949320488e-09	6.97860355103e-06
4.61923351907e-09	8.62743399921e-06
4.63897383325e-09	6.7221012614e-06
4.65871414743e-09	2.38476900449e-06
4.67845446162e-09	-2.49311176503e-06
4.6981947758e-09	-5.96036352363e-06
4.71793508999e-09	-6.67076074023e-06
4.73767540417e-09	-4.27041959483e-06
4.75741571835e-09	5.81777982234e-07
4.77715603254e-09	6.50406013847e-06
4.79689634672e-09	1.18407924674e-05
4.81663666091e-09	1.51128097059e-05
4.83637697509e-09	1.53597266035e-05
4.85611728927e-09	1.23358590827e-05
4.87585760346e-09	6.55533858662e-06
4.89559791764e-09	-8.02719370085e-07
4.91533823183e-09	-8.12874486655e-06
4.93507854601e-09	-1.37443466883e-05
4.95481886019e-09	-1.63371641975e-05
4.97455917438e-09	-1.53585865519e-05
4.99429948856e-09	-1.12411676128e-05
5.01403980275e-09	-5.32171452505e-06
5.03378011693e-09	5.51731830001e-07
5.05352043111e-09	4.62396064904e-06
5.0732607453e-09	5.83519067732e-06
5.09300105948e-09	4.189453648e-06
5.11274137367e-09	7.36465892714e-07
5.13248168785e-09	-2.8382154369e-06
5.15222200203e-09	-4.85399345962e-06
5.17196231622e-09	-4.25632970291e-06
5.1917026304e-09	-9.78797629614e-07
5.21144294459e-09	4.07409947911e-06
5.23118325877e-09	9.38711445997e-06
5.25092357295e-09	1.33717885547e-05
5.27066388714e-09	1.48638373503e-05
5.29040420132e-09	1.34133620122e-05
5.31014451551e-09	9.31487329581e-06
5.32988482969e-09	3.43047133811e-06
5.34962514388e-09	-3.07946845624e-06
5.36936545806e-09	-9.01471139514e-06
5.38910577224e-09	-1.33350094984e-05
5.40884608643e-09	-1.53082023644e-05
5.42858640061e-09	-1.46332963595e-05
5.4483267148e-09	-1.15344832921e-05
5.46806702898e-09	-6.77685557093e-06
5.48780734316e-09	-1.54347213766e-06
5.50754765735e-09	2.84980978904e-06
5.52728797153e-09	5.34593732482e-06
5.54702828572e-09	5.50793879484e-06
5.5667685999e-09	3.69182157556e-06
5.58650891408e-09	9.32782597829e-07
5.60624922827e-09	-1.43274644415e-06
5.62598954245e-09	-2.26807867421e-06
5.64572985664e-09	-1.05567852415e-06
5.66547017082e-09	1.93145149296e-06
5.685210485e-09	5.7619670315e-06
5.70495079919e-09	9.20482489164e-06
5.72469111337e-09	1.11507356451e-05
5.74443142756e-09	1.09365587377e-05
5.76417174174e-09	8.4754387899e-06
5.78391205592e-09	4.20344440499e-06
5.80365237011e-09	-1.08521498987e-06
5.82339268429e-09	-6.42409099783e-06
5.84313299848e-09	-1.08401291072e-05
5.86287331266e-09	-1.34980496114e-05
5.88261362684e-09	-1.38504069582e-05
5.90235394103e-09	-1.17911768029e-05
5.92209425521e-09	-7.7613447047e-06
5.9418345694e-09	-2.72782835964e-06
5.96157488358e-09	2.02467538202e-06
5.98131519776e-09	5.26480039298e-06
6.00105551195e-09	6.23395681032e-06
6.02079582613e-09	4.94232222081e-06
6.04053614032e-09	2.19677997393e-06
6.0602764545e-09	-6.79478660004e-07
6.08001676868e-09	-2.34053800341e-06
6.09975708287e-09	-1.92738775695e-06
6.11949739705e-09	6.10611721186e-07
6.13923771124e-09	4.50770653515e-06
6.15897802542e-09	8.47456158226e-06
6.1787183396e-09	1.11580420707e-05
6.19845865379e-09	1.15843017738e-05
6.21819896797e-09	9.43260329223e-06
6.23793928216e-09	5.07601293975e-06
6.25767959634e-09	-5.76682793962e-07
6.27741991052e-09	-6.34807724964e-06
6.29716022471e-09	-1.1074269878e-05
6.31690053889e-09	-1.38409050123e-05
6.33664085308e-09	-1.41512036862e-05
6.35638116726e-09	-1.20213167065e-05
6.37612148145e-09	-7.99220470071e-06
6.39586179563e-09	-3.03673095914e-06
6.41560210981e-09	1.65298297361e-06
6.435342424e-09	4.97441988045e-06
6.45508273818e-09	6.24269205218e-06
6.47482305237e-09	5.42260886505e-06
6.49456336655e-09	3.16083367125e-06
6.51430368073e-09	5.76930119678e-07
6.53404399492e-09	-1.13144710667e-06
6.5537843091e-09	-1.12697887289e-06
6.57352462329e-09	7.5455602655e-07
6.59326493747e-09	3.94078779209e-06
6.61300525165e-09	7.33175784262e-06
6.63274556584e-09	9.69417123997e-06
6.65248588002e-09	1.00843649307e-05
6.67222619421e-09	8.14550912764e-06
6.69196650839e-09	4.18840818384e-06
6.71170682257e-09	-9.42275960369e-07
6.73144713676e-09	-6.13917814007e-06
6.75118745094e-09	-1.03322377072e-05
6.77092776513e-09	-1.27296989376e-05
6.79066807931e-09	-1.29558384288e-05
6.81040839349e-09	-1.10870123535e-05
6.83014870768e-09	-7.60674379308e-06
6.84988902186e-09	-3.30060379383e-06
6.86962933605e-09	9.00626986322e-07
6.88936965023e-09	4.11991732108e-06
6.90910996441e-09	5.74882960791e-06
6.9288502786e-09	5.62460695619e-06
6.94859059278e-09	4.10064876633e-06
6.96833090697e-09	1.96049109036e-06
6.98807122115e-09	1.74485847992e-07
7.00781153533e-09	-4.32552411667e-07
7.02755184952e-09	5.13887556508e-07
7.0472921637e-09	2.78259437891e-06
7.06703247789e-09	5.5990240071e-06
7.08677279207e-09	7.9097330854e-06
7.10651310625e-09	8.7496409833e-06
7.12625342044e-09	7.57279667596e-06
7.14599373462e-09	4.42808436674e-06
7.16573404881e-09	-7.01037805584e-08
7.18547436299e-09	-4.94507003168e-06
7.20521467717e-09	-9.14574548005e-06
7.22495499136e-09	-1.18168982226e-05
7.24469530554e-09	-1.24801404127e-05
7.26443561973e-09	-1.11006356747e-05
7.28417593391e-09	-8.05445233709e-06
7.3039162481e-09	-4.02752061746e-06
7.32365656228e-09	1.29638564772e-07
7.34339687646e-09	3.57516569238e-06
7.36313719065e-09	5.66113999412e-06
7.38287750483e-09	6.10001484347e-06
7.40261781902e-09	5.06004425915e-06
7.4223581332e-09	3.14059843731e-06
7.44209844738e-09	1.20439142393e-06
7.46183876157e-09	9.82108190328e-08
7.48157907575e-09	3.50468454258e-07
7.50131938994e-09	1.95921199975e-06
7.52105970412e-09	4.36376149082e-06
7.5408000183e-09	6.62488946546e-06
7.56054033249e-09	7.75319790591e-06
7.58028064667e-09	7.06304263076e-06
7.60002096086e-09	4.41880592916e-06
7.61976127504e-09	2.85125707933e-07
7.63950158922e-09	-4.42551345259e-06
7.65924190341e-09	-8.6374352577e-06
7.67898221759e-09	-1.14201666293e-05
7.69872253178e-09	-1.22203787214e-05
7.71846284596e-09	-1.09623201752e-05
7.73820316014e-09	-8.0173558672e-06
7.75794347433e-09	-4.07837455896e-06
7.77768378851e-09	1.29845147967e-08
7.7974241027e-09	3.44835041233e-06
7.81716441688e-09	5.61992692383e-06
7.83690473106e-09	6.25155803391e-06
7.85664504525e-09	5.46671071788e-06
7.87638535943e-09	3.76532284463e-06
7.89612567362e-09	1.89189074717e-06
7.9158659878e-09	6.1263173734e-07
7.93560630198e-09	4.60822107584e-07
7.95534661617e-09	1.53683117787e-06
7.97508693035e-09	3.44692330145e-06
7.99482724454e-09	5.41772874385e-06
8.01456755872e-09	6.55775579617e-06
8.0343078729e-09	6.17410773884e-06
8.05404818709e-09	4.02678642786e-06
8.07378850127e-09	4.26606632686e-07
8.09352881546e-09	-3.8563769067e-06
8.11326912964e-09	-7.83198493082e-06
8.13300944382e-09	-1.0585475593e-05
8.15274975801e-09	-1.15254183584e-05
8.17249007219e-09	-1.05146805254e-05
8.19223038638e-09	-7.86163172961e-06
8.21197070056e-09	-4.20184551331e-06
8.23171101475e-09	-3.21151830462e-07
8.25145132893e-09	3.02728699353e-06
8.27119164311e-09	5.27681527274e-06
8.2909319573e-09	6.15283897787e-06
8.31067227148e-09	5.71964233131e-06
8.33041258567e-09	4.35803963228e-06
8.35015289985e-09	2.66875827037e-06
8.36989321403e-09	1.3076434584e-06
8.38963352822e-09	7.87087714116e-07
8.4093738424e-09	1.30034624135e-06
8.42911415659e-09	2.63497292963e-06
8.44885447077e-09	4.21913432547e-06
8.46859478495e-09	5.30189527126e-06
8.48833509914e-09	5.21226752426e-06
8.50807541332e-09	3.60637238828e-06
8.52781572751e-09	6.10759173014e-07
8.54755604169e-09	-3.19331718401e-06
8.56729635587e-09	-6.93942433827e-06
8.58703667006e-09	-9.73568330664e-06
8.60677698424e-09	-1.09237398647e-05
8.62651729843e-09	-1.02512262856e-05
8.64625761261e-09	-7.91346883489e-06
8.66599792679e-09	-4.46893022854e-06
8.68573824098e-09	-6.70576298489e-07
8.70547855516e-09	2.72683212188e-06
8.72521886935e-09	5.1351366892e-06
8.74495918353e-09	6.24381914349e-06
8.76469949771e-09	6.06423077443e-06
8.7844398119e-09	4.90611455461e-06
8.80418012608e-09	3.29080569372e-06
8.82392044027e-09	1.81381403763e-06
8.84366075445e-09	9.78627610948e-07
8.86340106863e-09	1.04149114577e-06
8.88314138282e-09	1.91579323428e-06
8.902881697e-09	3.17888122936e-06
8.92262201119e-09	4.19485695602e-06
8.94236232537e-09	4.32490219282e-06
8.96210263955e-09	3.15868385314e-06
8.98184295374e-09	6.82736327917e-07
9.00158326792e-09	-2.67978930424e-06
9.02132358211e-09	-6.17837122263e-06
9.04106389629e-09	-8.95791117728e-06
9.06080421047e-09	-1.03165634755e-05
9.08054452466e-09	-9.90917578747e-06
9.10028483884e-09	-7.83343421062e-06
9.12002515303e-09	-4.57903161077e-06
9.13976546721e-09	-8.7172026042e-07
9.15950578139e-09	2.52916527188e-06
9.17924609558e-09	5.01564477418e-06
9.19898640976e-09	6.25440293334e-06
9.21872672395e-09	6.23071605332e-06
9.23846703813e-09	5.2175730616e-06
9.25820735232e-09	3.68683788565e-06
9.2779476665e-09	2.18164052512e-06
9.29768798068e-09	1.17404027833e-06
9.31742829487e-09	9.33999757535e-07
9.33716860905e-09	1.44416418379e-06
9.35690892324e-09	2.39174585204e-06
9.37664923742e-09	3.25368125687e-06
9.3963895516e-09	3.46124193129e-06
9.41612986579e-09	2.598806077e-06
9.43587017997e-09	5.6946672089e-07
9.45561049416e-09	-2.33587832099e-06
9.47535080834e-09	-5.49862488697e-06
9.49509112252e-09	-8.14741906652e-06
9.51483143671e-09	-9.59009912549e-06
9.53457175089e-09	-9.42321048569e-06
9.55431206508e-09	-7.64784294915e-06
9.57405237926e-09	-4.65836683361e-06
9.59379269344e-09	-1.11573251615e-06
9.61353300763e-09	2.24365783197e-06
9.63327332181e-09	4.79949585497e-06
9.653013636e-09	6.18489411863e-06
9.67275395018e-09	6.34178491055e-06
9.69249426436e-09	5.49542892259e-06
9.71223457855e-09	4.06759295402e-06
9.73197489273e-09	2.55606835253e-06
9.75171520692e-09	1.40591095033e-06
9.7714555211e-09	8.9608727194e-07
9.79119583528e-09	1.06468928607e-06
9.81093614947e-09	1.6938419094e-06
9.83067646365e-09	2.36743312598e-06
9.85041677784e-09	2.59611681486e-06
9.87015709202e-09	1.98130123863e-06
9.8898974062e-09	3.66815072539e-07
9.90963772039e-09	-2.07519212836e-06
9.92937803457e-09	-4.86261706101e-06
9.94911834876e-09	-7.32836861062e-06
9.96885866294e-09	-8.81572441358e-06
9.98859897712e-09	-8.8791402959e-06
1.00083392913e-08	-7.42238057683e-06
1.00280796055e-08	-4.72820693176e-06
1.00478199197e-08	-1.37246439635e-06
1.00675602339e-08	1.9430234488e-06
1.0087300548e-08	4.58155841443e-06
1.01070408622e-08	6.12634835306e-06
1.01267811764e-08	6.45935597277e-06
1.01465214906e-08	5.75288117943e-06
1.01662618048e-08	4.39045857092e-06
1.0186002119e-08	2.84696636754e-06
1.02057424331e-08	1.56083700631e-06
1.02254827473e-08	8.25512302072e-07
1.02452230615e-08	7.201617791e-07
1.02649633757e-08	1.09355983113e-06
1.02847036899e-08	1.60803875815e-06
1.03044440041e-08	1.83951249255e-06
1.03241843183e-08	1.41331213399e-06
1.03439246324e-08	1.39225697637e-07
1.03636649466e-08	-1.8978597609e-06
1.03834052608e-08	-4.32922206528e-06
1.0403145575e-08	-6.58744670545e-06
1.04228858892e-08	-8.06561274658e-06
1.04426262034e-08	-8.30166072774e-06
1.04623665175e-08	-7.12566338734e-06
1.04821068317e-08	-4.7202265705e-06
1.05018471459e-08	-1.57285495561e-06
1.05215874601e-08	1.66250765687e-06
1.05413277743e-08	4.34703406427e-06
1.05610680885e-08	6.02266686656e-06
1.05808084026e-08	6.51273444419e-06
1.06005487168e-08	5.93561253481e-06
1.0620289031e-08	4.63772789772e-06
1.06400293452e-08	3.07603852434e-06
1.06597696594e-08	1.68722493754e-06
1.06795099736e-08	7.77251955242e-07
1.06992502878e-08	4.53936479516e-07
1.07189906019e-08	6.12292922142e-07
1.07387309161e-08	9.73909493496e-07
1.07584712303e-08	1.17226420571e-06
1.07782115445e-08	8.66555353696e-07
1.07979518587e-08	-1.42421171745e-07
1.08176921729e-08	-1.82772606649e-06
1.0837432487e-08	-3.91310277337e-06
1.08571728012e-08	-5.92802939536e-06
1.08769131154e-08	-7.33205911274e-06
1.08966534296e-08	-7.67451706452e-06
1.09163937438e-08	-6.73861109135e-06
1.0936134058e-08	-4.621157359e-06
1.09558743721e-08	-1.7173881588e-06
1.09756146863e-08	1.38487791901e-06
1.09953550005e-08	4.06767981076e-06
1.10150953147e-08	5.84816575611e-06
1.10348356289e-08	6.49522030471e-06
1.10545759431e-08	6.06541880188e-06
1.10743162572e-08	4.8555803005e-06
1.10940565714e-08	3.2956738778e-06
1.11137968856e-08	1.81907643082e-06
1.11335371998e-08	7.48621545199e-07
1.1153277514e-08	2.24476210064e-07
1.11730178282e-08	1.8586176509e-07
1.11927581424e-08	4.05106533208e-07
1.12124984565e-08	5.63355968097e-07
1.12322387707e-08	3.50073406707e-07
1.12519790849e-08	-4.35955087141e-07
1.12717193991e-08	-1.80924627102e-06
1.12914597133e-08	-3.56850068783e-06
1.13112000275e-08	-5.33057527718e-06
1.13309403416e-08	-6.62524098516e-06
1.13506806558e-08	-7.02913871464e-06
1.137042097e-08	-6.29877786196e-06
1.13901612842e-08	-4.45928162662e-06
1.14099015984e-08	-1.81596874427e-06
1.14296419126e-08	1.11942773628e-06
1.14493822267e-08	3.76550087822e-06
1.14691225409e-08	5.62799891668e-06
1.14888628551e-08	6.4262160322e-06
1.15086031693e-08	6.15107728663e-06
1.15283434835e-08	5.04173931404e-06
1.15480837977e-08	3.494765906e-06
1.15678241118e-08	1.93988142883e-06
1.1587564426e-08	7.209857813e-07
1.16073047402e-08	1.4759805822e-08
1.16270450544e-08	-1.96573957112e-07
1.16467853686e-08	-9.80850813903e-08
1.16665256828e-08	2.71593707524e-08
1.1686265997e-08	-1.09525061021e-07
1.17060063111e-08	-7.10142359139e-07
1.17257466253e-08	-1.81845945235e-06
1.17454869395e-08	-3.28969235852e-06
1.17652272537e-08	-4.81179404233e-06
1.17849675679e-08	-5.9791818785e-06
1.18047078821e-08	-6.40353664494e-06
1.18244481962e-08	-5.83229484619e-06
1.18441885104e-08	-4.23845108344e-06
1.18639288246e-08	-1.84959338867e-06
1.18836691388e-08	8.97844671499e-07
1.1903409453e-08	3.46954868746e-06
1.19231497672e-08	5.37557866664e-06
1.19428900813e-08	6.29945384389e-06
1.19626303955e-08	6.17289992988e-06
1.19823707097e-08	5.17542707712e-06
1.20021110239e-08	3.66325252799e-06
1.20218513381e-08	2.05467199521e-06
1.20415916523e-08	7.09879657279e-07
1.20613319664e-08	-1.59258433996e-07
1.20810722806e-08	-5.27882974666e-07
1.21008125948e-08	-5.40703865681e-07
1.2120552909e-08	-4.4934216703e-07
1.21402932232e-08	-5.25256268702e-07
1.21600335374e-08	-9.71141162154e-07
1.21797738516e-08	-1.85309426115e-06
1.21995141657e-08	-3.06939250549e-06
1.22192544799e-08	-4.36516916125e-06
1.22389947941e-08	-5.39205143468e-06
1.22587351083e-08	-5.800740837e-06
1.22784754225e-08	-5.34403716301e-06
1.22982157367e-08	-3.96157656724e-06
1.23179560508e-08	-1.8176372123e-06
1.2337696365e-08	7.234521604e-07
1.23574366792e-08	3.18321190207e-06
1.23771769934e-08	5.09213646183e-06
1.23969173076e-08	6.11354880675e-06
1.24166576218e-08	6.12865346739e-06
1.24363979359e-08	5.25649011252e-06
1.24561382501e-08	3.80491610485e-06
1.24758785643e-08	2.17065030483e-06
1.24956188785e-08	7.22615055793e-07
1.25153591927e-08	-2.95108364412e-07
1.25350995069e-08	-8.14085211687e-07
1.2554839821e-08	-9.36835533594e-07
1.25745801352e-08	-8.83342863744e-07
1.25943204494e-08	-9.08972538127e-07
1.26140607636e-08	-1.21849586776e-06
1.26338010778e-08	-1.8983175778e-06
1.2653541392e-08	-2.88388582703e-06
1.26732817062e-08	-3.9688011384e-06
1.26930220203e-08	-4.85435748487e-06
1.27127623345e-08	-5.22852838003e-06
1.27325026487e-08	-4.8557340051e-06
1.27522429629e-08	-3.65424989468e-06
1.27719832771e-08	-1.73808217596e-06
1.27917235913e-08	5.93024651607e-07
1.28114639054e-08	2.91766082228e-06
1.28312042196e-08	4.79650339003e-06
1.28509445338e-08	5.88613011132e-06
1.2870684848e-08	6.02819091e-06
1.28904251622e-08	5.28553300683e-06
1.29101654764e-08	3.91402772948e-06
1.29299057905e-08	2.28027397497e-06
1.29496461047e-08	7.53079717697e-07
1.29693864189e-08	-3.96613657472e-07
1.29891267331e-08	-1.0579803984e-06
1.30088670473e-08	-1.28950068756e-06
1.30286073615e-08	-1.27746596945e-06
1.30483476757e-08	-1.26105584286e-06
1.30680879898e-08	-1.44803254898e-06
1.3087828304e-08	-1.94547465071e-06
1.31075686182e-08	-2.72286649761e-06
1.31273089324e-08	-3.6155415728e-06
1.31470492466e-08	-4.36660479863e-06
1.31667895608e-08	-4.69640554002e-06
1.31865298749e-08	-4.38262441094e-06
1.32062701891e-08	-3.33117702667e-06
1.32260105033e-08	-1.61848345215e-06
1.32457508175e-08	5.09532753767e-07
1.32654911317e-08	2.68516703272e-06
1.32852314459e-08	4.50483821623e-06
1.330497176e-08	5.6303817928e-06
1.33247120742e-08	5.87679528508e-06
1.33444523884e-08	5.25887867298e-06
1.33641927026e-08	3.98100746679e-06
1.33839330168e-08	2.37342260334e-06
1.3403673331e-08	7.95403337861e-07
1.34234136451e-08	-4.63694831865e-07
1.34431539593e-08	-1.25518175764e-06
1.34628942735e-08	-1.593918455e-06
1.34826345877e-08	-1.6302388417e-06
1.35023749019e-08	-1.5842671246e-06
1.35221152161e-08	-1.66475172136e-06
1.35418555303e-08	-1.99778867227e-06
1.35615958444e-08	-2.58477575699e-06
1.35813361586e-08	-3.29921329012e-06
1.36010764728e-08	-3.92144602301e-06
1.3620816787e-08	-4.20049263994e-06
1.36405571012e-08	-3.92732704313e-06
1.36602974154e-08	-3.00080773741e-06
1.36800377295e-08	-1.46885895447e-06
1.36997780437e-08	4.66645190045e-07
1.37195183579e-08	2.48626724897e-06
1.37392586721e-08	4.22401831202e-06
1.37589989863e-08	5.35585809303e-06
1.37787393005e-08	5.68225368625e-06
1.37984796146e-08	5.17968760505e-06
1.38182199288e-08	4.00432895731e-06
1.3837960243e-08	2.44611067046e-06
1.38577005572e-08	8.45799348781e-07
1.38774408714e-08	-4.98383428749e-07
1.38971811856e-08	-1.40617822808e-06
1.39169214997e-08	-1.85036503808e-06
1.39366618139e-08	-1.94308506707e-06
1.39564021281e-08	-1.88145361335e-06
1.39761424423e-08	-1.87154427067e-06
1.39958827565e-08	-2.05602771075e-06
1.40156230707e-08	-2.46649858582e-06
1.40353633849e-08	-3.0130106552e-06
1.4055103699e-08	-3.5108442944e-06
1.40748440132e-08	-3.7357480096e-06
1.40945843274e-08	-3.49148660916e-06
1.41143246416e-08	-2.67194786829e-06
1.41340649558e-08	-1.3020978713e-06
1.415380527e-08	4.53367988484e-07
1.41735455841e-08	2.31743661061e-06
1.41932858983e-08	3.9600886339e-06
1.42130262125e-08	5.0756057135e-06
1.42327665267e-08	5.45854163647e-06
1.42525068409e-08	5.05676007378e-06
1.42722471551e-08	3.98482234232e-06
1.42919874692e-08	2.49231823091e-06
1.43117277834e-08	8.9545730475e-07
1.43314680976e-08	-5.08039420311e-07
1.43512084118e-08	-1.51470595711e-06
1.4370948726e-08	-2.05935418762e-06
1.43906890402e-08	-2.21505649733e-06
1.44104293543e-08	-2.15154318539e-06
1.44301696685e-08	-2.06746176445e-06
1.44499099827e-08	-2.11862891319e-06
1.44696502969e-08	-2.36542462062e-06
1.44893906111e-08	-2.7534902074e-06
1.45091309253e-08	-3.13189332246e-06
1.45288712395e-08	-3.30136538196e-06
1.45486115536e-08	-3.07728407734e-06
1.45683518678e-08	-2.34982201164e-06
1.4588092182e-08	-1.12489186677e-06
1.46078324962e-08	4.63848081722e-07
1.46275728104e-08	2.17622414311e-06
1.46473131246e-08	3.71577436908e-06
1.46670534387e-08	4.79721256852e-06
1.46867937529e-08	5.21570882484e-06
1.47065340671e-08	4.89872309117e-06
1.47262743813e-08	3.92580409425e-06
1.47460146955e-08	2.50871960361e-06
1.47657550097e-08	9.36115469585e-07
1.47854953238e-08	-5.01694756849e-07
1.4805235638e-08	-1.58637493541e-06
1.48249759522e-08	-2.221154773e-06
1.48447162664e-08	-2.44220552759e-06
1.48644565806e-08	-2.38987365719e-06
1.48841968948e-08	-2.25011513066e-06
1.4903937209e-08	-2.18639945615e-06
1.49236775231e-08	-2.2837174356e-06
1.49434178373e-08	-2.52152653957e-06
1.49631581515e-08	-2.7827690019e-06
1.49828984657e-08	-2.89381114271e-06
1.50026387799e-08	-2.6823488497e-06
1.50223790941e-08	-2.0355922743e-06
1.50421194082e-08	-9.42407893945e-07
1.50618597224e-08	4.9126285262e-07
1.50816000366e-08	2.05784431273e-06
1.51013403508e-08	3.49099730101e-06
1.5121080665e-08	4.52580297861e-06
1.51408209792e-08	4.96181814924e-06
1.51605612933e-08	4.71318708151e-06
1.51803016075e-08	3.83160715955e-06
1.52000419217e-08	2.49513345807e-06
1.52197822359e-08	9.63929579711e-07
1.52395225501e-08	-4.84999617356e-07
1.52592628643e-08	-1.62651247138e-06
1.52790031784e-08	-2.33923344695e-06
1.52987434926e-08	-2.62567982645e-06
1.53184838068e-08	-2.59545242898e-06
1.5338224121e-08	-2.41739655849e-06
1.53579644352e-08	-2.25707162826e-06
1.53777047494e-08	-2.21966502068e-06
1.53974450636e-08	-2.31614546919e-06
1.54171853777e-08	-2.46281854288e-06
1.54369256919e-08	-2.51243397997e-06
1.54566660061e-08	-2.30617899888e-06
1.54764063203e-08	-1.72973045665e-06
1.54961466345e-08	-7.56888624664e-07
1.55158869487e-08	5.31472721832e-07
1.55356272628e-08	1.95754273591e-06
1.5555367577e-08	3.28295243435e-06
1.55751078912e-08	4.26270457865e-06
1.55948482054e-08	4.70296549793e-06
1.56145885196e-08	4.50900120086e-06
1.56343288338e-08	3.71010378331e-06
1.56540691479e-08	2.45479679961e-06
1.56738094621e-08	9.75982345608e-07
1.56935497763e-08	-4.65486436951e-07
1.57132900905e-08	-1.64363694921e-06
1.57330304047e-08	-2.41937061674e-06
1.57527707189e-08	-2.76667879007e-06
1.5772511033e-08	-2.76563150692e-06
1.57922513472e-08	-2.5651308988e-06
1.58119916614e-08	-2.32731019878e-06
1.58317319756e-08	-2.17177546347e-06
1.58514722898e-08	-2.13718976738e-06
1.5871212604e-08	-2.17214289933e-06
1.58909529182e-08	-2.15693694372e-06
1.59106932323e-08	-1.94841857137e-06
1.59304335465e-08	-1.43290463939e-06
1.59501738607e-08	-5.70678679424e-07
1.59699141749e-08	5.80942895567e-07
1.59896544891e-08	1.87198986623e-06
1.60093948033e-08	3.09026950163e-06
1.60291351174e-08	4.00964245273e-06
1.60488754316e-08	4.44381089437e-06
1.60686157458e-08	4.29226543019e-06
1.608835606e-08	3.56665282197e-06
1.61080963742e-08	2.39049097672e-06
1.61278366884e-08	9.71348583789e-07
1.61475770025e-08	-4.47418671001e-07
1.61673173167e-08	-1.64383772017e-06
1.61870576309e-08	-2.46731974585e-06
1.62067979451e-08	-2.86853901343e-06
1.62265382593e-08	-2.90039190531e-06
1.62462785735e-08	-2.69038957867e-06
1.62660188876e-08	-2.39291216531e-06
1.62857592018e-08	-2.13655641801e-06
1.6305499516e-08	-1.98318900857e-06
1.63252398302e-08	-1.91133227645e-06
1.63449801444e-08	-1.82896866363e-06
1.63647204586e-08	-1.61056493653e-06
1.63844607728e-08	-1.14577375143e-06
1.64042010869e-08	-3.83986588304e-07
1.64239414011e-08	6.38963058464e-07
1.64436817153e-08	1.7995570829e-06
1.64634220295e-08	2.91098808702e-06
1.64831623437e-08	3.76580408101e-06
1.65029026579e-08	4.18599915974e-06
1.6522642972e-08	4.06741787629e-06
1.65423832862e-08	3.40708822932e-06
1.65621236004e-08	2.30678926982e-06
1.65818639146e-08	9.51231214685e-07
1.66016042288e-08	-4.33791413457e-07
1.6621344543e-08	-1.63298318512e-06
1.66410848571e-08	-2.48929939062e-06
1.66608251713e-08	-2.93538937512e-06
1.66805654855e-08	-3.00057001823e-06
1.67003057997e-08	-2.79110031443e-06
1.67200461139e-08	-2.45037972491e-06
1.67397864281e-08	-2.11079179735e-06
1.67595267423e-08	-1.85216850923e-06
1.67792670564e-08	-1.67983250776e-06
1.67990073706e-08	-1.52900747707e-06
1.68187476848e-08	-1.29358187451e-06
1.6838487999e-08	-8.69490463629e-07
1.68582283132e-08	-1.9809732521e-07
1.68779686274e-08	7.04133043428e-07
1.68977089415e-08	1.73890862243e-06
1.69174492557e-08	2.74412138879e-06
1.69371895699e-08	3.53112886842e-06
1.69569298841e-08	3.93103914575e-06
1.69766701983e-08	3.83755480016e-06
1.69964105125e-08	3.2355071653e-06
1.70161508266e-08	2.20758556679e-06
1.70358911408e-08	9.17668245393e-07
1.7055631455e-08	-4.25537507454e-07
1.70753717692e-08	-1.61508580732e-06
1.70951120834e-08	-2.49100276051e-06
1.71148523976e-08	-2.97249846426e-06
1.71345927117e-08	-3.06890683532e-06
1.71543330259e-08	-2.86666454485e-06
1.71740733401e-08	-2.49644665473e-06
1.71938136543e-08	-2.09021095543e-06
1.72135539685e-08	-1.74073534254e-06
1.72332942827e-08	-1.47621756241e-06
1.72530345969e-08	-1.25759186176e-06
1.7272774911e-08	-9.9926552366e-07
1.72925152252e-08	-6.06132573466e-07
1.73122555394e-08	-1.46669432155e-08
1.73319958536e-08	7.75416566512e-07
1.73517361678e-08	1.68948838564e-06
1.7371476482e-08	2.58957163624e-06
1.73912167961e-08	3.30604166265e-06
1.74109571103e-08	3.67998234196e-06
1.74306974245e-08	3.60464571258e-06
1.74504377387e-08	3.05473304252e-06
1.74701780529e-08	2.0959844278e-06
1.74899183671e-08	8.72890979053e-07
1.75096586812e-08	-4.22500747277e-07
1.75293989954e-08	-1.59264766353e-06
1.75491393096e-08	-2.47716934609e-06
1.75688796238e-08	-2.98512634345e-06
1.7588619938e-08	-3.10906784762e-06
1.76083602522e-08	-2.91758874482e-06
1.76281005663e-08	-2.52848406035e-06
1.76478408805e-08	-2.07055666124e-06
1.76675811947e-08	-1.64514318612e-06
1.76873215089e-08	-1.29876985966e-06
1.77070618231e-08	-1.01525949958e-06
1.77268021373e-08	-7.29354582063e-07
1.77465424515e-08	-3.57428490361e-07
1.77662827656e-08	1.65146630593e-07
1.77860230798e-08	8.52152254538e-07
1.7805763394e-08	1.65069997138e-06
1.78255037082e-08	2.44672378358e-06
1.78452440224e-08	3.09035499413e-06
1.78649843366e-08	3.43379781498e-06
1.78847246507e-08	3.37098401815e-06
1.79044649649e-08	2.86776935354e-06
1.79242052791e-08	1.97457654849e-06
1.79439455933e-08	8.18196127739e-07
1.79636859075e-08	-4.25042259167e-07
1.79834262217e-08	-1.56759261927e-06
1.80031665358e-08	-2.45075671046e-06
1.802290685e-08	-2.97663984838e-06
1.80426471642e-08	-3.12417421355e-06
1.80623874784e-08	-2.94587027838e-06
1.80821277926e-08	-2.54647613929e-06
1.81018681068e-08	-2.04953846605e-06
1.81216084209e-08	-1.56155107334e-06
1.81413487351e-08	-1.14374950044e-06
1.81610890493e-08	-8.00071546792e-07
1.81808293635e-08	-4.84592703742e-07
1.82005696777e-08	-1.26153850033e-07
1.82203099919e-08	3.38267241773e-07
1.82400503061e-08	9.32463166237e-07
1.82597906202e-08	1.62244390367e-06
1.82795309344e-08	2.3166187475e-06
1.82992712486e-08	2.88522608116e-06
1.83190115628e-08	3.19321759434e-06
1.8338751877e-08	3.13718373945e-06
1.83584921912e-08	2.67587256531e-06
1.83782325053e-08	1.84552476412e-06
1.83979728195e-08	7.55916602202e-07
1.84177131337e-08	-4.32025586861e-07
1.84374534479e-08	-1.5409596017e-06
1.84571937621e-08	-2.41494740294e-06
1.84769340763e-08	-2.9512365245e-06
1.84966743904e-08	-3.11774749662e-06
1.85164147046e-08	-2.95317704513e-06
1.85361550188e-08	-2.54990436588e-06
1.8555895333e-08	-2.02496266866e-06
1.85756356472e-08	-1.4870345808e-06
1.85953759614e-08	-1.00845863926e-06
1.86151162756e-08	-6.10255767697e-07
1.86348565897e-08	-2.64602562083e-07
1.86545969039e-08	8.65456470933e-08
1.86743372181e-08	5.02466548369e-07
1.86940775323e-08	1.01398183006e-06
1.87138178465e-08	1.60316267284e-06
1.87335581607e-08	2.19911794375e-06
1.87532984748e-08	2.69185875368e-06
1.8773038789e-08	2.96006351164e-06
1.87927791032e-08	2.90497973765e-06
1.88125194174e-08	2.48034336892e-06
1.88322597316e-08	1.70983497583e-06
1.88520000458e-08	6.86969144681e-07
1.88717403599e-08	-4.42822127411e-07
1.88914806741e-08	-1.51296410422e-06
1.89112209883e-08	-2.37142592141e-06
1.89309613025e-08	-2.91194987767e-06
1.89507016167e-08	-3.09327958803e-06
1.89704419309e-08	-2.94201947781e-06
1.8990182245e-08	-2.5392741918e-06
1.90099225592e-08	-1.99520388833e-06
1.90296628734e-08	-1.41865393744e-06
1.90494031876e-08	-8.89871643039e-07
1.90691435018e-08	-4.43903303449e-07
1.9088883816e-08	-6.89658392616e-08
1.91086241302e-08	2.7984310691e-07
1.91283644443e-08	6.56093618545e-07
1.91481047585e-08	1.09478645527e-06
1.91678450727e-08	1.59126744848e-06
1.91875853869e-08	2.09348934277e-06
1.92073257011e-08	2.51063340784e-06
1.92270660153e-08	2.73582895716e-06
1.92468063294e-08	2.67646657903e-06
1.92665466436e-08	2.2831577553e-06
1.92862869578e-08	1.56878638791e-06
1.9306027272e-08	6.11740659906e-07
1.93257675862e-08	-4.57692962641e-07
1.93455079004e-08	-1.48430859781e-06
1.93652482145e-08	-2.32124523336e-06
1.93849885287e-08	-2.8604504223e-06
1.94047288429e-08	-3.05306980408e-06
1.94244691571e-08	-2.91487174309e-06
1.94442094713e-08	-2.51620508607e-06
1.94639497855e-08	-1.96012490505e-06
1.94836900996e-08	-1.35430855153e-06
1.95034304138e-08	-7.84769696338e-07
1.9523170728e-08	-2.98005275567e-07
1.95429110422e-08	1.03734585366e-07
1.95626513564e-08	4.53067116268e-07
1.95823916706e-08	7.97063648861e-07
1.96021319848e-08	1.17256865906e-06
1.96218722989e-08	1.58524505878e-06
1.96416126131e-08	1.99939722734e-06
1.96613529273e-08	2.34221261053e-06
1.96810932415e-08	2.52166171322e-06
1.97008335557e-08	2.45295234436e-06
1.97205738699e-08	2.08567530535e-06
1.9740314184e-08	1.42366457112e-06
1.97600544982e-08	5.31259786385e-07
1.97797948124e-08	-4.76213429579e-07
1.97995351266e-08	-1.4555291159e-06
1.98192754408e-08	-2.26594340802e-06
1.9839015755e-08	-2.79893470179e-06
1.98587560691e-08	-2.99941086723e-06
1.98784963833e-08	-2.87348734673e-06
1.98982366975e-08	-2.48158289651e-06
1.99179770117e-08	-1.91948925021e-06
1.99377173259e-08	-1.29267942839e-06
1.99574576401e-08	-6.91072472137e-07
1.99771979542e-08	-1.70355761497e-07
1.99969382684e-08	2.5518197333e-07
2.00166785826e-08	6.06790678148e-07
2.00364188968e-08	9.2457415235e-07
2.0056159211e-08	1.24550393821e-06
2.00758995252e-08	1.58305437026e-06
2.00956398394e-08	1.91544455674e-06
2.01153801535e-08	2.18641980609e-06
2.01351204677e-08	2.31865476508e-06
2.01548607819e-08	2.2362925165e-06
2.01746010961e-08	1.88980294524e-06
2.01943414103e-08	1.27590152488e-06
2.02140817245e-08	4.46177281788e-07
2.02338220386e-08	-4.98576667951e-07
2.02535623528e-08	-1.42742260323e-06
2.0273302667e-08	-2.206777026e-06
2.02930429812e-08	-2.72893305464e-06
2.03127832954e-08	-2.93392599815e-06
2.03325236096e-08	-2.81940469904e-06
2.03522639237e-08	-2.43651197707e-06
2.03720042379e-08	-1.87360785731e-06
2.03917445521e-08	-1.23309462197e-06
2.04114848663e-08	-6.07113378237e-07
2.04312251805e-08	-5.8669032299e-08
2.04509654947e-08	3.87471899899e-07
2.04707058089e-08	7.42070767501e-07
2.0490446123e-08	1.03821008679e-06
2.05101864372e-08	1.31185879582e-06
2.05299267514e-08	1.58247121362e-06
2.05496670656e-08	1.84003715731e-06
2.05694073798e-08	2.04299067263e-06
2.0589147694e-08	2.12787927012e-06
2.06088880081e-08	2.02828061902e-06
2.06286283223e-08	1.69724722809e-06
2.06483686365e-08	1.12656044848e-06
2.06681089507e-08	3.56887312591e-07
2.06878492649e-08	-5.24780745081e-07
2.07075895791e-08	-1.400296469e-06
2.07273298932e-08	-2.14447663893e-06
2.07470702074e-08	-2.65179573944e-06
2.07668105216e-08	-2.85855776383e-06
2.07865508358e-08	-2.75462821264e-06
2.080629115e-08	-2.38222878579e-06
2.08260314642e-08	-1.82253006642e-06
2.08457717783e-08	-1.17436763958e-06
2.08655120925e-08	-5.31072743115e-07
2.08852524067e-08	3.87645524569e-08
2.09049927209e-08	5.01766010075e-07
2.09247330351e-08	8.59479001747e-07
2.09444733493e-08	1.13802008173e-06
2.09642136635e-08	1.37119889132e-06
2.09839539776e-08	1.58252817073e-06
2.10036942918e-08	1.771779921e-06
2.1023434606e-08	1.91061565147e-06
2.10431749202e-08	1.94886888494e-06
2.10629152344e-08	1.82981443686e-06
2.10826555486e-08	1.51004974214e-06
2.11023958627e-08	9.77945205705e-07
2.11221361769e-08	2.64824407736e-07
2.11418764911e-08	-5.54907018113e-07
2.11616168053e-08	-1.3754857946e-06
2.11813571195e-08	-2.08079438835e-06
2.12010974337e-08	-2.56896669271e-06
2.12208377478e-08	-2.77416324934e-06
2.1240578062e-08	-2.67977532076e-06
2.12603183762e-08	-2.3195493668e-06
2.12800586904e-08	-1.76703781563e-06
2.12997990046e-08	-1.11673938363e-06
2.13195393188e-08	-4.62077963448e-07
2.13392796329e-08	1.23914290384e-07
2.13590199471e-08	6.00360976932e-07
2.13787602613e-08	9.60561294505e-07
2.13985005755e-08	1.2241145555e-06
2.14182408897e-08	1.42232130429e-06
2.14379812039e-08	1.58148844775e-06
2.14577215181e-08	1.70927933141e-06
2.14774618322e-08	1.78878843826e-06
2.14972021464e-08	1.78197564082e-06
2.15169424606e-08	1.64174298334e-06
2.15366827748e-08	1.32928408902e-06
2.1556423089e-08	8.31152419778e-07
2.15761634032e-08	1.70958124102e-07
2.15959037173e-08	-5.88312900618e-07
2.16156440315e-08	-1.35304054538e-06
2.16353843457e-08	-2.016653184e-06
2.16551246599e-08	-2.48203741648e-06
2.16748649741e-08	-2.68262954251e-06
2.16946052883e-08	-2.59638375155e-06
2.17143456024e-08	-2.24919449465e-06
2.17340859166e-08	-1.70707795633e-06
2.17538262308e-08	-1.05956479501e-06
2.1773566545e-08	-3.99137405793e-07
2.17933068592e-08	1.97906651067e-07
2.18130471734e-08	6.84436997744e-07
2.18327874875e-08	1.04635893194e-06
2.18525278017e-08	1.29713254182e-06
2.18722681159e-08	1.46520471844e-06
2.18920084301e-08	1.57856715077e-06
2.19117487443e-08	1.65127647733e-06
2.19314890585e-08	1.67628292047e-06
2.19512293727e-08	1.62654231417e-06
2.19709696868e-08	1.4644052726e-06
2.1990710001e-08	1.15616069252e-06
2.20104503152e-08	6.87795335352e-07
2.20301906294e-08	7.66973542454e-08
2.20499309436e-08	-6.24417424433e-07
2.20696712578e-08	-1.33334771135e-06
2.20894115719e-08	-1.95323445951e-06
2.21091518861e-08	-2.39258667989e-06
2.21288922003e-08	-2.58536078945e-06
2.21486325145e-08	-2.50545622293e-06
2.21683728287e-08	-2.17177182549e-06
2.21881131429e-08	-1.64286882409e-06
2.2207853457e-08	-1.00268869119e-06
2.22275937712e-08	-3.41657425906e-07
2.22473340854e-08	2.61842146188e-07
2.22670743996e-08	7.55422206566e-07
2.22868147138e-08	1.11824266469e-06
2.2306555028e-08	1.35784063104e-06
2.23262953422e-08	1.49970389884e-06
2.23460356563e-08	1.57282136115e-06
2.23657759705e-08	1.59649965781e-06
2.23855162847e-08	1.57208768314e-06
2.24052565989e-08	1.4822763319e-06
2.24249969131e-08	1.2981480495e-06
2.24447372273e-08	9.91484967017e-07
2.24644775414e-08	5.48857371996e-07
2.24842178556e-08	-1.70622307394e-08
2.25039581698e-08	-6.62530510454e-07
2.2523698484e-08	-1.31619219701e-06
2.25434387982e-08	-1.89100245507e-06
2.25631791124e-08	-2.30180626204e-06
2.25829194265e-08	-2.4840713877e-06
2.26026597407e-08	-2.40861436396e-06
2.26224000549e-08	-2.08825770187e-06
2.26421403691e-08	-1.57446066851e-06
2.26618806833e-08	-9.45395640883e-07
2.26816209975e-08	-2.88655712666e-07
2.27013613116e-08	3.16676377565e-07
2.27211016258e-08	8.14125968418e-07
2.274084194e-08	1.17693940638e-06
2.27605822542e-08	1.40698728046e-06
2.27803225684e-08	1.52627245598e-06
2.28000628826e-08	1.56411499574e-06
2.28198031968e-08	1.54409730158e-06
2.28395435109e-08	1.47495569536e-06
2.28592838251e-08	1.34815917363e-06
2.28790241393e-08	1.142805786e-06
2.28987644535e-08	8.36040044305e-07
2.29185047677e-08	4.1564672415e-07
2.29382450819e-08	-1.09138152737e-07
2.2957985396e-08	-7.02065534597e-07
2.29777257102e-08	-1.30167717316e-06
2.29974660244e-08	-1.83060018344e-06
2.30172063386e-08	-2.21065010919e-06
2.30369466528e-08	-2.3798862685e-06
2.3056686967e-08	-2.30711441418e-06
2.30764272811e-08	-1.99972328119e-06
2.30961675953e-08	-1.50241419306e-06
2.31159079095e-08	-8.87500533509e-07
2.31356482237e-08	-2.39151333403e-07
2.31553885379e-08	3.63703037465e-07
2.31751288521e-08	8.61702886823e-07
2.31948691662e-08	1.22321313256e-06
2.32146094804e-08	1.44487859188e-06
2.32343497946e-08	1.54502265559e-06
2.32540901088e-08	1.55237341914e-06
2.3273830423e-08	1.49371595626e-06
2.32935707372e-08	1.3841831219e-06
2.33133110514e-08	1.22328890484e-06
2.33330513655e-08	9.97752692911e-07
2.33527916797e-08	6.89931567877e-07
2.33725319939e-08	2.89105457796e-07
2.33922723081e-08	-1.98186242528e-07
2.34120126223e-08	-7.42035751955e-07
2.34317529365e-08	-1.28965399426e-06
2.34514932506e-08	-1.77272994506e-06
2.34712335648e-08	-2.12027816815e-06
2.3490973879e-08	-2.27396174068e-06
2.35107141932e-08	-2.20184324462e-06
2.35304545074e-08	-1.90684738754e-06
2.35501948216e-08	-1.42726270269e-06
2.35699351357e-08	-8.29176144634e-07
2.35896754499e-08	-1.92752118267e-07
2.36094157641e-08	4.04003174026e-07
2.36291560783e-08	8.99615315575e-07
2.36488963925e-08	1.25831923015e-06
2.36686367067e-08	1.47210573687e-06
2.36883770208e-08	1.55578231897e-06
2.3708117335e-08	1.53705582306e-06
2.37278576492e-08	1.44482629594e-06
2.37475979634e-08	1.29941491878e-06
2.37673382776e-08	1.10741621029e-06
2.37870785918e-08	8.62687983272e-07
2.3806818906e-08	5.52907124529e-07
2.38265592201e-08	1.69320976795e-07
2.38462995343e-08	-2.83541751855e-07
2.38660398485e-08	-7.81365713465e-07
2.38857801627e-08	-1.27926290361e-06
2.39055204769e-08	-1.71735678123e-06
2.39252607911e-08	-2.0316501832e-06
2.39450011052e-08	-2.16784621898e-06
2.39647414194e-08	-2.09427196296e-06
2.39844817336e-08	-1.81046567604e-06
2.40042220478e-08	-1.34908162863e-06
2.4023962362e-08	-7.70077036805e-07
2.40437026762e-08	-1.48941055045e-07
2.40634429903e-08	4.38182055973e-07
2.40831833045e-08	9.28647324372e-07
2.41029236187e-08	1.2832365428e-06
2.41226639329e-08	1.48961652258e-06
2.41424042471e-08	1.55907690669e-06
2.41621445613e-08	1.51797615899e-06
2.41818848754e-08	1.39670868293e-06
2.42016251896e-08	1.21981349821e-06
2.42213655038e-08	9.99950373171e-07
2.4241105818e-08	7.37447408028e-07
2.42608461322e-08	4.25132739679e-07
2.42805864464e-08	5.66176332484e-08
2.43003267606e-08	-3.64815960552e-07
2.43200670747e-08	-8.19592088419e-07
2.43398073889e-08	-1.27004824435e-06
2.43595477031e-08	-1.66424752024e-06
2.43792880173e-08	-1.94508891127e-06
2.43990283315e-08	-2.06252843782e-06
2.44187686457e-08	-1.98572070076e-06
2.44385089598e-08	-1.71177021002e-06
2.4458249274e-08	-1.2684512285e-06
2.44779895882e-08	-7.10013921434e-07
2.44977299024e-08	-1.0702211739e-07
2.45174702166e-08	4.67110524482e-07
2.45372105308e-08	9.496439759e-07
2.45569508449e-08	1.29872512389e-06
2.45766911591e-08	1.49807584648e-06
2.45964314733e-08	1.5553999333e-06
2.46161717875e-08	1.49525828874e-06
2.46359121017e-08	1.34896328063e-06
2.46556524159e-08	1.14458867984e-06
2.46753927301e-08	9.00116646108e-07
2.46951330442e-08	6.21644318244e-07
2.47148733584e-08	3.06729631916e-07
2.47346136726e-08	-4.8564977817e-08
2.47543539868e-08	-4.41535277673e-07
2.4774094301e-08	-8.56412839312e-07
2.47938346152e-08	-1.2618402252e-06
2.48135749293e-08	-1.6133490135e-06
2.48333152435e-08	-1.8606877461e-06
2.48530555577e-08	-1.95843472284e-06
2.48727958719e-08	-1.87711873423e-06
2.48925361861e-08	-1.611947539e-06
2.49122765003e-08	-1.18636808111e-06
2.49320168144e-08	-6.49276671538e-07
2.49517571286e-08	-6.63915393773e-08
2.49714974428e-08	4.91988288331e-07
2.4991237757e-08	9.63804126286e-07
2.50109780712e-08	1.30557339162e-06
2.50307183854e-08	1.49782238168e-06
2.50504586995e-08	1.54481546133e-06
2.50701990137e-08	1.46893313513e-06
2.50899393279e-08	1.30157911826e-06
2.51096796421e-08	1.07352491341e-06
2.51294199563e-08	8.07378768286e-07
2.51491602705e-08	5.14569563848e-07
2.51689005847e-08	1.97196236229e-07
2.51886408988e-08	-1.46178507521e-07
2.5208381213e-08	-5.1313008953e-07
2.52281215272e-08	-8.91070527587e-07
2.52478618414e-08	-1.25415203911e-06
2.52676021556e-08	-1.56467865509e-06
2.52873424698e-08	-1.77894617082e-06
2.53070827839e-08	-1.8562870423e-06
2.53268230981e-08	-1.76919098749e-06
2.53465634123e-08	-1.5116509644e-06
2.53663037265e-08	-1.10335963655e-06
2.53860440407e-08	-5.88183070249e-07
2.54057843549e-08	-2.69737707725e-08
2.5425524669e-08	5.13378296318e-07
2.54452649832e-08	9.72141151578e-07
2.54650052974e-08	1.30490985839e-06
2.54847456116e-08	1.48969587599e-06
2.55044859258e-08	1.52768848238e-06
2.552422624e-08	1.43888581761e-06
2.55439665541e-08	1.25418688413e-06
2.55637068683e-08	1.00615977772e-06
2.55834471825e-08	7.21293162087e-07
2.56031874967e-08	4.15851872049e-07
2.56229278109e-08	9.62864241671e-08
2.56426681251e-08	-2.36252695629e-07
2.56624084393e-08	-5.79368986564e-07
2.56821487534e-08	-9.23142096099e-07
2.57018890676e-08	-1.24657969991e-06
2.57216293818e-08	-1.51810451143e-06
2.5741369696e-08	-1.70006450162e-06
2.57611100102e-08	-1.75660818513e-06
2.57808503244e-08	-1.66259388834e-06
2.58005906385e-08	-1.41152941069e-06
2.58203309527e-08	-1.01999120261e-06
2.58400712669e-08	-5.27094272229e-07
2.58598115811e-08	1.11930749114e-08
2.58795518953e-08	5.31764783318e-07
2.58992922095e-08	9.75586715413e-07
2.59190325236e-08	1.29787724745e-06
2.59387728378e-08	1.47464686506e-06
2.5958513152e-08	1.50441422875e-06
2.59782534662e-08	1.40495478718e-06
2.59979937804e-08	1.20628220657e-06
2.60177340946e-08	9.42024030337e-07
2.60374744087e-08	6.41602980522e-07
2.60572147229e-08	3.25354264419e-07
2.60769550371e-08	3.82457354675e-09
2.60966953513e-08	-3.19071730814e-07
2.61164356655e-08	-6.40423536424e-07
2.61361759797e-08	-9.52460624148e-07
2.61559162939e-08	-1.23863361523e-06
2.6175656608e-08	-1.4730629232e-06
2.61953969222e-08	-1.62391512504e-06
2.62151372364e-08	-1.65987376022e-06
2.62348775506e-08	-1.55828780635e-06
2.62546178648e-08	-1.31256564373e-06
2.6274358179e-08	-9.36793952633e-07
2.62940984931e-08	-4.65984086873e-07
2.63138388073e-08	4.85298752295e-08
2.63335791215e-08	5.47605822021e-07
2.63533194357e-08	9.74576494173e-07
2.63730597499e-08	1.28498425056e-06
2.63928000641e-08	1.45337776303e-06
2.64125403782e-08	1.47580084331e-06
2.64322806924e-08	1.36767926051e-06
2.64520210066e-08	1.157826091e-06
2.64717613208e-08	8.80472981635e-07
2.6491501635e-08	5.67378492633e-07
2.65112419492e-08	2.42382931503e-07
2.65309822634e-08	-8.03483644063e-08
2.65507225775e-08	-3.94303611984e-07
2.65704628917e-08	-6.9587358098e-07
2.65902032059e-08	-9.78859645784e-07
2.66099435201e-08	-1.23039967548e-06
2.66296838343e-08	-1.42974448636e-06
2.66494241485e-08	-1.55052345008e-06
2.66691644626e-08	-1.56605466373e-06
2.66889047768e-08	-1.45639666016e-06
2.6708645091e-08	-1.21522396057e-06
2.67283854052e-08	-8.54537944406e-07
2.67481257194e-08	-4.05551247695e-07
2.67678660336e-08	8.48421173316e-08
2.67876063477e-08	5.61421558132e-07
2.68073466619e-08	9.70123039679e-07
2.68270869761e-08	1.26728599525e-06
2.68468272903e-08	1.42659138191e-06
2.68665676045e-08	1.4421032688e-06
2.68863079187e-08	1.32702228939e-06
2.69060482328e-08	1.10870621484e-06
2.6925788547e-08	8.21338034029e-07
2.69455288612e-08	4.98355575473e-07
2.69652691754e-08	1.66518830724e-07
2.69850094896e-08	-1.567228054e-07
2.70047498038e-08	-4.62324138084e-07
2.7024490118e-08	-7.45759535903e-07
2.70442304321e-08	-1.00201845044e-06
2.70639707463e-08	-1.22143785575e-06
2.70837110605e-08	-1.38786975867e-06
2.71034513747e-08	-1.47997235445e-06
2.71231916889e-08	-1.47552043472e-06
2.71429320031e-08	-1.35741282747e-06
2.71626723172e-08	-1.11997491103e-06
2.71824126314e-08	-7.7356983752e-07
2.72021529456e-08	-3.45998756757e-07
2.72218932598e-08	1.2006803729e-07
2.7241633574e-08	5.73376809143e-07
2.72613738882e-08	9.62687494166e-07
2.72811142023e-08	1.24551797853e-06
2.73008545165e-08	1.39513031172e-06
2.73205948307e-08	1.40399043858e-06
2.73403351449e-08	1.28328525761e-06
2.73600754591e-08	1.05877489887e-06
2.73798157733e-08	7.64213183402e-07
2.73995560874e-08	4.34029701069e-07
2.74192964016e-08	9.73202531895e-08
2.74390367158e-08	-2.25623871586e-07
2.745877703e-08	-5.2330096878e-07
2.74785173442e-08	-7.90089103475e-07
2.74982576584e-08	-1.02182269757e-06
2.75179979726e-08	-1.21154664612e-06
2.75377382867e-08	-1.34722415623e-06
2.75574786009e-08	-1.41219885563e-06
2.75772189151e-08	-1.38842585784e-06
2.75969592293e-08	-1.26170192516e-06
2.76166995435e-08	-1.02726670548e-06
2.76364398577e-08	-6.94278526225e-07
2.76561801718e-08	-2.87568298063e-07
2.7675920486e-08	1.54152807852e-07
2.76956608002e-08	5.83643497976e-07
2.77154011144e-08	9.52671939558e-07
2.77351414286e-08	1.22030752436e-06
2.77548817428e-08	1.35974318027e-06
2.77746220569e-08	1.36213481028e-06
2.77943623711e-08	1.23684554865e-06
2.78141026853e-08	1.0080126458e-06
2.78338429995e-08	7.08692567741e-07
2.78535833137e-08	3.73867763415e-07
2.78733236279e-08	3.43038504269e-08
2.7893063942e-08	-2.8733397528e-07
2.79128042562e-08	-5.7734897041e-07
2.79325445704e-08	-8.28919041851e-07
2.79522848846e-08	-1.03827341036e-06
2.79720251988e-08	-1.20065857345e-06
2.7991765513e-08	-1.30767926976e-06
2.80115058272e-08	-1.34702730747e-06
2.80312461413e-08	-1.30473267745e-06
2.80509864555e-08	-1.16946438311e-06
2.80707267697e-08	-9.37537095069e-07
2.80904670839e-08	-6.17189755303e-07
2.81102073981e-08	-2.30629296993e-07
2.81299477123e-08	1.87101697691e-07
2.81496880264e-08	5.92532245491e-07
2.81694283406e-08	9.40582708608e-07
2.81891686548e-08	1.19219481576e-06
2.8208908969e-08	1.32091741989e-06
2.82286492832e-08	1.31698749328e-06
2.82483895974e-08	1.1880778743e-06
2.82681299115e-08	9.56643475547e-07
2.82878702257e-08	6.54714511938e-07
2.83076105399e-08	3.17432068186e-07
2.83273508541e-08	-2.31543761942e-08
2.83470911683e-08	-3.42446597301e-07
2.83668314825e-08	-6.24778749625e-07
2.83865717967e-08	-8.62199385665e-07
2.84063121108e-08	-1.05112906112e-06
2.8426052425e-08	-1.18855575693e-06
2.84457927392e-08	-1.26917842636e-06
2.84655330534e-08	-1.28455542381e-06
2.84852733676e-08	-1.22456651752e-06
2.85050136818e-08	-1.08081042072e-06
2.85247539959e-08	-8.50923896678e-07
2.85444943101e-08	-5.42527459402e-07
2.85642346243e-08	-1.75473388708e-07
2.85839749385e-08	2.18645247685e-07
2.86037152527e-08	6.00057603606e-07
2.86234555669e-08	9.26815800995e-07
2.8643195881e-08	1.16184560284e-06
2.86629361952e-08	1.27936624494e-06
2.86826765094e-08	1.26907144704e-06
2.87024168236e-08	1.13721853268e-06
2.87221571378e-08	9.04630979903e-07
2.8741897452e-08	6.02128210403e-07
2.87616377661e-08	2.64503185576e-07
2.87813780803e-08	-7.54123092861e-08
2.88011183945e-08	-3.91396810073e-07
2.88208587087e-08	-6.66037237806e-07
2.88405990229e-08	-8.90214465699e-07
2.88603393371e-08	-1.0603768601e-06
2.88800796513e-08	-1.17497023666e-06
2.88998199654e-08	-1.23140335972e-06
2.89195602796e-08	-1.22464524566e-06
2.89393005938e-08	-1.14806141482e-06
2.8959040908e-08	-9.9604881143e-07
2.89787812222e-08	-7.67719711803e-07
2.89985215364e-08	-4.70459895041e-07
2.90182618505e-08	-1.22169460326e-07
2.90380021647e-08	2.48761736543e-07
2.90577424789e-08	6.06219686006e-07
2.90774827931e-08	9.11477144427e-07
2.90972231073e-08	1.12962936782e-06
2.91169634215e-08	1.23571834365e-06
2.91367037356e-08	1.21906248296e-06
2.91564440498e-08	1.08473687987e-06
2.9176184364e-08	8.52074293789e-07
2.91959246782e-08	5.50633984631e-07
2.92156649924e-08	2.14625437422e-07
2.92354053066e-08	-1.22851162132e-07
2.92551456207e-08	-4.34460616816e-07
2.92748859349e-08	-7.01335977737e-07
2.92946262491e-08	-9.13174375228e-07
2.93143665633e-08	-1.06619677354e-06
2.93341068775e-08	-1.15996243721e-06
2.93538471917e-08	-1.19419081557e-06
2.93735875059e-08	-1.16700329045e-06
2.939332782e-08	-1.07501273305e-06
2.94130681342e-08	-9.15243902e-07
2.94328084484e-08	-6.88279982342e-07
2.94525487626e-08	-4.01419981699e-07
2.94722890768e-08	-7.0970468613e-08
2.9492029391e-08	2.77499367485e-07
2.95117697051e-08	6.11289578956e-07
2.95315100193e-08	8.94908282589e-07
2.95512503335e-08	1.09583703534e-06
2.95709906477e-08	1.19025293088e-06
2.95907309619e-08	1.16732798006e-06
2.96104712761e-08	1.0310755556e-06
2.96302115902e-08	7.99335367674e-07
2.96499519044e-08	5.00318293462e-07
2.96696922186e-08	1.6746828635e-07
2.96894325328e-08	-1.66074705987e-07
2.9709172847e-08	-4.72244181537e-07
2.97289131612e-08	-7.31023703793e-07
2.97486534753e-08	-9.31129363835e-07
2.97683937895e-08	-1.06849444137e-06
2.97881341037e-08	-1.14342515189e-06
2.98078744179e-08	-1.15754039598e-06
2.98276147321e-08	-1.11167349814e-06
2.98473550463e-08	-1.00540677295e-06
2.98670953605e-08	-8.38346181808e-07
2.98868356746e-08	-6.1257438233e-07
2.99065759888e-08	-3.35538516083e-07
2.9926316303e-08	-2.21399165667e-08
2.99460566172e-08	3.04609983459e-07
2.99657969314e-08	6.15226610989e-07
2.99855372456e-08	8.77373878438e-07
3.00052775597e-08	1.06095751562e-06
3.00250178739e-08	1.14350888225e-06
3.00447581881e-08	1.11428926175e-06
3.00644985023e-08	9.76465912572e-07
3.00842388165e-08	7.4649420867e-07
3.01039791307e-08	4.5113598901e-07
3.01237194448e-08	1.22895620791e-07
3.0143459759e-08	-2.05364273143e-07
3.01632000732e-08	-5.05144640783e-07
3.01829403874e-08	-7.55540213504e-07
3.02026807016e-08	-9.44425522675e-07
3.02224210158e-08	-1.06739702233e-06
3.024216133e-08	-1.12528510954e-06
3.02619016441e-08	-1.1212612776e-06
3.02816419583e-08	-1.05847556142e-06
3.03013822725e-08	-9.39177851933e-07
3.03211225867e-08	-7.65380406165e-07
3.03408629009e-08	-5.40744053978e-07
3.03606032151e-08	-2.72969941761e-07
3.03803435292e-08	2.41681945568e-08
