% time-domain voltage integration by openEMS v0.0.36 @Thu Feb  5 18:55:41 2026
% start-coordinates: (-0.0367826,-0.02,0.0015) m -> [29,25,9]
% stop-coordinates: (-0.0367826,-0.02,0) m -> [29,25,7]
% t/s	voltage
0	0
1.9740314184e-11	0
3.94806283681e-11	0
5.92209425521e-11	0
7.89612567362e-11	-3.75807314087e-33
9.87015709202e-11	-3.60091526733e-21
1.18441885104e-10	-9.77550390624e-15
1.38182199288e-10	-4.27363595901e-11
1.57922513472e-10	-1.65022023824e-09
1.77662827656e-10	1.07629169466e-10
1.9740314184e-10	2.85340739925e-09
2.17143456024e-10	2.55287935236e-09
2.36883770208e-10	9.59784518528e-09
2.56624084393e-10	1.71482854583e-08
2.76364398577e-10	2.46968765438e-08
2.96104712761e-10	2.9425163639e-08
3.15845026945e-10	1.66591656026e-08
3.35585341129e-10	-1.98251264294e-08
3.55325655313e-10	-9.35444326444e-08
3.75065969497e-10	-1.98410546659e-07
3.94806283681e-10	-3.12560501925e-07
4.14546597865e-10	-3.79334650802e-07
4.34286912049e-10	-3.35208198976e-07
4.54027226233e-10	-1.05071922718e-07
4.73767540417e-10	3.42207854942e-07
4.93507854601e-10	1.00435369177e-06
5.13248168785e-10	1.82361156931e-06
5.32988482969e-10	2.67908365004e-06
5.52728797153e-10	3.4925849377e-06
5.72469111337e-10	4.2243777898e-06
5.92209425521e-10	4.71802559332e-06
6.11949739705e-10	4.55375629826e-06
6.31690053889e-10	2.69961583399e-06
6.51430368073e-10	-2.72208080787e-06
6.71170682257e-10	-1.4261695469e-05
6.90910996441e-10	-3.44120107911e-05
7.10651310625e-10	-6.4157997258e-05
7.3039162481e-10	-0.000101157856989
7.50131938994e-10	-0.000138290233735
7.69872253178e-10	-0.000163576456544
7.89612567362e-10	-0.000162297263159
8.09352881546e-10	-0.000121407432744
8.2909319573e-10	-3.51930066245e-05
8.48833509914e-10	8.99572114577e-05
8.68573824098e-10	0.000234093226027
8.88314138282e-10	0.000367124128388
9.08054452466e-10	0.000456852751086
9.2779476665e-10	0.000479099995573
9.47535080834e-10	0.000426107973908
9.67275395018e-10	0.000309729526634
9.87015709202e-10	0.000157846821821
1.00675602339e-09	5.35479603059e-06
1.02649633757e-09	-0.000116741917736
1.04623665175e-09	-0.000189909085748
1.06597696594e-09	-0.000211468730413
1.08571728012e-09	-0.000192231294932
1.10545759431e-09	-0.000150350599142
1.12519790849e-09	-0.000104317430669
1.14493822267e-09	-6.7795132054e-05
1.16467853686e-09	-4.75245615235e-05
1.18441885104e-09	-4.3789481424e-05
1.20415916523e-09	-5.23012095073e-05
1.22389947941e-09	-6.61772901367e-05
1.24363979359e-09	-7.72933417466e-05
1.26338010778e-09	-7.72589482949e-05
1.28312042196e-09	-5.8663667005e-05
1.30286073615e-09	-1.68990300153e-05
1.32260105033e-09	4.76874884043e-05
1.34234136451e-09	0.000128086016048
1.3620816787e-09	0.000210670528759
1.38182199288e-09	0.000277559316601
1.40156230707e-09	0.000311247102218
1.42130262125e-09	0.000300082334434
1.44104293543e-09	0.00024271341681
1.46078324962e-09	0.000149520419654
1.4805235638e-09	4.02163677791e-05
1.50026387799e-09	-6.17664372839e-05
1.52000419217e-09	-0.00013607407891
1.53974450636e-09	-0.000170957042428
1.55948482054e-09	-0.000165624704096
1.57922513472e-09	-0.000128824358399
1.59896544891e-09	-7.47343510739e-05
1.61870576309e-09	-1.79916423804e-05
1.63844607728e-09	3.01877462334e-05
1.65818639146e-09	6.37180091871e-05
1.67792670564e-09	8.11304053059e-05
1.69766701983e-09	8.3715585788e-05
1.71740733401e-09	7.34694040148e-05
1.7371476482e-09	5.1875023928e-05
1.75688796238e-09	1.98980105779e-05
1.77662827656e-09	-2.09635672945e-05
1.79636859075e-09	-6.72429632687e-05
1.81610890493e-09	-0.000112637375423
1.83584921912e-09	-0.000148429709952
1.8555895333e-09	-0.000165469413332
1.87532984748e-09	-0.000157182032126
1.89507016167e-09	-0.000122491874208
1.91481047585e-09	-6.72912356094e-05
1.93455079004e-09	-3.50565915141e-06
1.95429110422e-09	5.41839235666e-05
1.9740314184e-09	9.28917106648e-05
1.99377173259e-09	0.000105581009848
2.01351204677e-09	9.30001842789e-05
2.03325236096e-09	6.27729859843e-05
2.05299267514e-09	2.61662935372e-05
2.07273298932e-09	-6.0286201915e-06
2.09247330351e-09	-2.68029898507e-05
2.11221361769e-09	-3.42860766978e-05
2.13195393188e-09	-3.10047789753e-05
2.15169424606e-09	-2.17625747609e-05
2.17143456024e-09	-1.13305595733e-05
2.19117487443e-09	-2.85333555894e-06
2.21091518861e-09	2.67984160018e-06
2.2306555028e-09	6.07461720392e-06
2.25039581698e-09	9.09802884053e-06
2.27013613116e-09	1.36026001201e-05
2.28987644535e-09	2.07893772313e-05
2.30961675953e-09	3.06403826471e-05
2.32935707372e-09	4.16373150074e-05
2.3490973879e-09	5.08824650751e-05
2.36883770208e-09	5.4803032981e-05
2.38857801627e-09	5.03794708493e-05
2.40831833045e-09	3.65528885595e-05
2.42805864464e-09	1.51778376676e-05
2.44779895882e-09	-9.03983936951e-06
2.46753927301e-09	-2.98381592074e-05
2.48727958719e-09	-4.15174581576e-05
2.50701990137e-09	-4.10465418099e-05
2.52676021556e-09	-2.92174336209e-05
2.54650052974e-09	-1.02959515971e-05
2.56624084393e-09	9.66072184383e-06
2.58598115811e-09	2.50641769526e-05
2.60572147229e-09	3.25980818161e-05
2.62546178648e-09	3.18732127198e-05
2.64520210066e-09	2.47942161877e-05
2.66494241485e-09	1.41868108585e-05
2.68468272903e-09	2.48702008321e-06
2.70442304321e-09	-8.89974990059e-06
2.7241633574e-09	-1.94181084225e-05
2.74390367158e-09	-2.87050270344e-05
2.76364398577e-09	-3.60034591722e-05
2.78338429995e-09	-4.00620428991e-05
2.80312461413e-09	-3.95818788093e-05
2.82286492832e-09	-3.39145371981e-05
2.8426052425e-09	-2.35882116613e-05
2.86234555669e-09	-1.03666861833e-05
2.88208587087e-09	3.20202411785e-06
2.90182618505e-09	1.45364047057e-05
2.92156649924e-09	2.1741881028e-05
2.94130681342e-09	2.40413319261e-05
2.96104712761e-09	2.18259683606e-05
2.98078744179e-09	1.63828581208e-05
3.00052775597e-09	9.45729789237e-06
3.02026807016e-09	2.80095855487e-06
3.04000838434e-09	-2.20681113206e-06
3.05974869853e-09	-4.83513690597e-06
3.07948901271e-09	-5.14651719641e-06
3.09922932689e-09	-3.96970881411e-06
3.11896964108e-09	-2.65579933512e-06
3.13870995526e-09	-2.62012122221e-06
3.15845026945e-09	-4.76118702863e-06
3.17819058363e-09	-8.96715755516e-06
3.19793089781e-09	-1.39497774398e-05
3.217671212e-09	-1.75623481482e-05
3.23741152618e-09	-1.75490931724e-05
3.25715184037e-09	-1.24915704873e-05
3.27689215455e-09	-2.56925557096e-06
3.29663246873e-09	1.02171065919e-05
3.31637278292e-09	2.25165158554e-05
3.3361130971e-09	3.06860792989e-05
3.35585341129e-09	3.20648105117e-05
3.37559372547e-09	2.59952093984e-05
3.39533403966e-09	1.41737314152e-05
3.41507435384e-09	1.56435362442e-07
3.43481466802e-09	-1.18269631457e-05
3.45455498221e-09	-1.83198681043e-05
3.47429529639e-09	-1.78025129571e-05
3.49403561058e-09	-1.11312619993e-05
3.51377592476e-09	-1.10842540835e-06
3.53351623894e-09	8.60799309521e-06
3.55325655313e-09	1.480080482e-05
3.57299686731e-09	1.56933911057e-05
3.5927371815e-09	1.13331216198e-05
3.61247749568e-09	3.31756734795e-06
3.63221780986e-09	-5.90788886257e-06
3.65195812405e-09	-1.38538457577e-05
3.67169843823e-09	-1.86239203686e-05
3.69143875242e-09	-1.92651541511e-05
3.7111790666e-09	-1.5845703274e-05
3.73091938078e-09	-9.34536228669e-06
3.75065969497e-09	-1.41604260762e-06
3.77040000915e-09	5.97924349677e-06
3.79014032334e-09	1.10365572255e-05
3.80988063752e-09	1.26196714518e-05
3.8296209517e-09	1.06505540316e-05
3.84936126589e-09	6.20005835117e-06
3.86910158007e-09	1.16347899848e-06
3.88884189426e-09	-2.42253645411e-06
3.90858220844e-09	-3.1743169302e-06
3.92832252262e-09	-9.27889999502e-07
3.94806283681e-09	3.19173511798e-06
3.96780315099e-09	7.24925075701e-06
3.98754346518e-09	9.31575732466e-06
4.00728377936e-09	8.25021015771e-06
4.02702409354e-09	4.0949967115e-06
4.04676440773e-09	-2.05532319342e-06
4.06650472191e-09	-8.58762405187e-06
4.0862450361e-09	-1.40017564263e-05
4.10598535028e-09	-1.73305088538e-05
4.12572566446e-09	-1.82094199772e-05
4.14546597865e-09	-1.66817944773e-05
4.16520629283e-09	-1.29625441332e-05
4.18494660702e-09	-7.35693788556e-06
4.2046869212e-09	-3.77167850729e-07
4.22442723538e-09	7.08019842932e-06
4.24416754957e-09	1.37076408464e-05
4.26390786375e-09	1.8044054741e-05
4.28364817794e-09	1.89668808162e-05
4.30338849212e-09	1.61919642778e-05
4.3231288063e-09	1.05126155177e-05
4.34286912049e-09	3.61310594599e-06
4.36260943467e-09	-2.50334687735e-06
4.38234974886e-09	-6.22987431598e-06
4.40209006304e-09	-6.90333149578e-06
4.42183037723e-09	-4.95966150993e-06
4.44157069141e-09	-1.66388610978e-06
4.46131100559e-09	1.43183586943e-06
4.48105131978e-09	3.04846832933e-06
4.50079163396e-09	2.54734436567e-06
4.52053194815e-09	1.8334020524e-08
4.54027226233e-09	-3.85863882002e-06
4.56001257651e-09	-8.05717399999e-06
4.5797528907e-09	-1.14495433081e-05
4.59949320488e-09	-1.30173384605e-05
4.61923351907e-09	-1.20467866509e-05
4.63897383325e-09	-8.3278287093e-06
4.65871414743e-09	-2.31735975831e-06
4.67845446162e-09	4.82555606141e-06
4.6981947758e-09	1.14318254418e-05
4.71793508999e-09	1.57578779181e-05
4.73767540417e-09	1.65570882018e-05
4.75741571835e-09	1.35746658998e-05
4.77715603254e-09	7.73418696554e-06
4.79689634672e-09	8.94328252343e-07
4.81663666091e-09	-4.77265871268e-06
4.83637697509e-09	-7.55449377721e-06
4.85611728927e-09	-6.81683309267e-06
4.87585760346e-09	-3.21830088978e-06
4.89559791764e-09	1.56501425863e-06
4.91533823183e-09	5.48300999981e-06
4.93507854601e-09	6.86345947543e-06
4.95481886019e-09	4.98339340993e-06
4.97455917438e-09	2.64571440312e-07
4.99429948856e-09	-5.93761296841e-06
5.01403980275e-09	-1.18280759125e-05
5.03378011693e-09	-1.57417125592e-05
5.05352043111e-09	-1.65961146195e-05
5.0732607453e-09	-1.411390258e-05
5.09300105948e-09	-8.80740299181e-06
5.11274137367e-09	-1.79046980975e-06
5.13248168785e-09	5.49763763047e-06
5.15222200203e-09	1.15940374599e-05
5.17196231622e-09	1.53033070092e-05
5.1917026304e-09	1.5951518435e-05
5.21144294459e-09	1.35637069434e-05
5.23118325877e-09	8.89823104444e-06
5.25092357295e-09	3.28693886331e-06
5.27066388714e-09	-1.72199082726e-06
5.29040420132e-09	-4.83169014842e-06
5.31014451551e-09	-5.42315933671e-06
5.32988482969e-09	-3.76804803182e-06
5.34962514388e-09	-9.2530754614e-07
5.36936545806e-09	1.65886137893e-06
5.38910577224e-09	2.69631073024e-06
5.40884608643e-09	1.53362196897e-06
5.42858640061e-09	-1.62793054415e-06
5.4483267148e-09	-5.84066583542e-06
5.46806702898e-09	-9.78301977739e-06
5.48780734316e-09	-1.22240730889e-05
5.50754765735e-09	-1.23962608995e-05
5.52728797153e-09	-1.01584319054e-05
5.54702828572e-09	-5.94166954215e-06
5.5667685999e-09	-5.57094239184e-07
5.58650891408e-09	5.02312423123e-06
5.60624922827e-09	9.83921609077e-06
5.62598954245e-09	1.30661046569e-05
5.64572985664e-09	1.41210198308e-05
5.66547017082e-09	1.27857288135e-05
5.685210485e-09	9.32335296966e-06
5.70495079919e-09	4.51421578873e-06
5.72469111337e-09	-4.66081729655e-07
5.74443142756e-09	-4.34997718912e-06
5.76417174174e-09	-6.18507851868e-06
5.78391205592e-09	-5.68860241401e-06
5.80365237011e-09	-3.38342158557e-06
5.82339268429e-09	-4.30093791692e-07
5.84313299848e-09	1.79962330549e-06
5.86287331266e-09	2.23930203447e-06
5.88261362684e-09	5.24022141235e-07
5.90235394103e-09	-2.89030697331e-06
5.92209425521e-09	-6.91677814757e-06
5.9418345694e-09	-1.02371495814e-05
5.96157488358e-09	-1.17411027531e-05
5.98131519776e-09	-1.08445406113e-05
6.00105551195e-09	-7.60360944696e-06
6.02079582613e-09	-2.63651884325e-06
6.04053614032e-09	3.07255186272e-06
6.0602764545e-09	8.40471784613e-06
6.08001676868e-09	1.23222080219e-05
6.09975708287e-09	1.40556103361e-05
6.11949739705e-09	1.326349593e-05
6.13923771124e-09	1.01431537587e-05
6.15897802542e-09	5.44432032257e-06
6.1787183396e-09	3.35791767725e-07
6.19845865379e-09	-3.88927867334e-06
6.21819896797e-09	-6.20339369561e-06
6.23793928216e-09	-6.19818433734e-06
6.25767959634e-09	-4.25042253482e-06
6.27741991052e-09	-1.40901363466e-06
6.29716022471e-09	9.80026698016e-07
6.31690053889e-09	1.77466677087e-06
6.33664085308e-09	4.67364884571e-07
6.35638116726e-09	-2.62683840901e-06
6.37612148145e-09	-6.49281400911e-06
6.39586179563e-09	-9.7890260804e-06
6.41560210981e-09	-1.13166452138e-05
6.435342424e-09	-1.04046202978e-05
6.45508273818e-09	-7.08738207322e-06
6.47482305237e-09	-2.04493539968e-06
6.49456336655e-09	3.63285471394e-06
6.51430368073e-09	8.75479418028e-06
6.53404399492e-09	1.23088325381e-05
6.5537843091e-09	1.36594198921e-05
6.57352462329e-09	1.26450813696e-05
6.59326493747e-09	9.58800592343e-06
6.61300525165e-09	5.22394725522e-06
6.63274556584e-09	5.5413482869e-07
6.65248588002e-09	-3.37580911491e-06
6.67222619421e-09	-5.73834427087e-06
6.69196650839e-09	-6.16334114056e-06
6.71170682257e-09	-4.86848284709e-06
6.73144713676e-09	-2.60983085809e-06
6.75118745094e-09	-4.42622038577e-07
6.77092776513e-09	6.42350812541e-07
6.79066807931e-09	7.76948922976e-08
6.81040839349e-09	-2.06393826829e-06
6.83014870768e-09	-5.08466837346e-06
6.84988902186e-09	-7.90549802332e-06
6.86962933605e-09	-9.443457202e-06
6.88936965023e-09	-8.97929294297e-06
6.90910996441e-09	-6.38286087451e-06
6.9288502786e-09	-2.13088537748e-06
6.94859059278e-09	2.86455906462e-06
6.96833090697e-09	7.533415328e-06
6.98807122115e-09	1.09283205347e-05
7.00781153533e-09	1.24291673274e-05
7.02755184952e-09	1.18396274047e-05
7.0472921637e-09	9.38623088587e-06
7.06703247789e-09	5.6456326547e-06
7.08677279207e-09	1.42424664773e-06
7.10651310625e-09	-2.40055942413e-06
7.12625342044e-09	-5.06817036694e-06
7.14599373462e-09	-6.12383655607e-06
7.16573404881e-09	-5.55864403395e-06
7.18547436299e-09	-3.83956239602e-06
7.20521467717e-09	-1.78762024916e-06
7.22495499136e-09	-3.19216852063e-07
7.24469530554e-09	-1.25567837017e-07
7.26443561973e-09	-1.40784140967e-06
7.28417593391e-09	-3.77715662125e-06
7.3039162481e-09	-6.37107746115e-06
7.32365656228e-09	-8.15035446067e-06
7.34339687646e-09	-8.26498262541e-06
7.36313719065e-09	-6.3517838953e-06
7.38287750483e-09	-2.65724497694e-06
7.40261781902e-09	2.04832826967e-06
7.4223581332e-09	6.71556017551e-06
7.44209844738e-09	1.03207930806e-05
7.46183876157e-09	1.21274888443e-05
7.48157907575e-09	1.18372308862e-05
7.50131938994e-09	9.61419664236e-06
7.52105970412e-09	6.00813496021e-06
7.5408000183e-09	1.81270479516e-06
7.56054033249e-09	-2.10591031191e-06
7.58028064667e-09	-4.98991630593e-06
7.60002096086e-09	-6.35842525298e-06
7.61976127504e-09	-6.13108682046e-06
7.63950158922e-09	-4.66449887426e-06
7.65924190341e-09	-2.66698202722e-06
7.67898221759e-09	-9.90655678379e-07
7.69872253178e-09	-3.50603315269e-07
7.71846284596e-09	-1.06413688172e-06
7.73820316014e-09	-2.91286846732e-06
7.75794347433e-09	-5.19377931596e-06
7.77768378851e-09	-6.95350399837e-06
7.7974241027e-09	-7.32530065761e-06
7.81716441688e-09	-5.84233976042e-06
7.83690473106e-09	-2.61026673343e-06
7.85664504525e-09	1.72035606738e-06
7.87638535943e-09	6.16192664893e-06
7.89612567362e-09	9.69152824837e-06
7.9158659878e-09	1.15371458378e-05
7.93560630198e-09	1.13607393359e-05
7.95534661617e-09	9.30046235226e-06
7.97508693035e-09	5.88879379393e-06
7.99482724454e-09	1.89306786069e-06
8.01456755872e-09	-1.86957737469e-06
8.0343078729e-09	-4.70489567306e-06
8.05404818709e-09	-6.17918976786e-06
8.07378850127e-09	-6.20568903287e-06
8.09352881546e-09	-5.06179048898e-06
8.11326912964e-09	-3.32103002165e-06
8.13300944382e-09	-1.69766008185e-06
8.15274975801e-09	-8.31538613966e-07
8.17249007219e-09	-1.07280601469e-06
8.19223038638e-09	-2.34390597598e-06
8.21197070056e-09	-4.13983093495e-06
8.23171101475e-09	-5.68244536225e-06
8.25145132893e-09	-6.18552644482e-06
8.27119164311e-09	-5.13721442985e-06
8.2909319573e-09	-2.49531785812e-06
8.31067227148e-09	1.2767149542e-06
8.33041258567e-09	5.34535570296e-06
8.35015289985e-09	8.76019976204e-06
8.36989321403e-09	1.07318560367e-05
8.38963352822e-09	1.08414942588e-05
8.4093738424e-09	9.12511632123e-06
8.42911415659e-09	6.0245952227e-06
8.44885447077e-09	2.24328084641e-06
8.46859478495e-09	-1.43996999213e-06
8.48833509914e-09	-4.34731373389e-06
8.50807541332e-09	-6.03571970714e-06
8.52781572751e-09	-6.37362791167e-06
8.54755604169e-09	-5.55285305381e-06
8.56729635587e-09	-4.03365311286e-06
8.58703667006e-09	-2.42483724833e-06
8.60677698424e-09	-1.31484705435e-06
8.62651729843e-09	-1.0919695228e-06
8.64625761261e-09	-1.80742148359e-06
8.66599792679e-09	-3.13572729738e-06
8.68573824098e-09	-4.46166336587e-06
8.70547855516e-09	-5.07879485667e-06
8.72521886935e-09	-4.43810085926e-06
8.74495918353e-09	-2.35860784414e-06
8.76469949771e-09	8.79474043813e-07
8.7844398119e-09	4.59785610474e-06
8.80418012608e-09	7.91888305685e-06
8.82392044027e-09	1.00295151242e-05
8.84366075445e-09	1.04169862425e-05
8.86340106863e-09	9.00215718502e-06
8.88314138282e-09	6.1359630763e-06
8.902881697e-09	2.47688285526e-06
8.92262201119e-09	-1.19852836633e-06
8.94236232537e-09	-4.19081970904e-06
8.96210263955e-09	-6.02824025009e-06
8.98184295374e-09	-6.54739710626e-06
9.00158326792e-09	-5.90039599047e-06
9.02132358211e-09	-4.49534627478e-06
9.04106389629e-09	-2.88422802441e-06
9.06080421047e-09	-1.61651115604e-06
9.08054452466e-09	-1.08608156779e-06
9.10028483884e-09	-1.4085023281e-06
9.12002515303e-09	-2.3704171781e-06
9.13976546721e-09	-3.4797801618e-06
9.15950578139e-09	-4.11557698499e-06
9.17924609558e-09	-3.73864224912e-06
9.19898640976e-09	-2.09432892007e-06
9.21872672395e-09	6.67848865987e-07
9.23846703813e-09	4.00739804718e-06
9.25820735232e-09	7.14144266567e-06
9.2779476665e-09	9.27907740333e-06
9.29768798068e-09	9.86019949778e-06
9.31742829487e-09	8.7173684733e-06
9.33716860905e-09	6.11092332292e-06
9.35690892324e-09	2.63553602053e-06
9.37664923742e-09	-9.59266316158e-07
9.3963895516e-09	-3.97088911086e-06
9.41612986579e-09	-5.90734020989e-06
9.43587017997e-09	-6.57745363242e-06
9.45561049416e-09	-6.09807943874e-06
9.47535080834e-09	-4.83191456624e-06
9.49509112252e-09	-3.27777854636e-06
9.51483143671e-09	-1.9392049353e-06
9.53457175089e-09	-1.19344935001e-06
9.55431206508e-09	-1.18849300179e-06
9.57405237926e-09	-1.79503507525e-06
9.59379269344e-09	-2.63476954387e-06
9.61353300763e-09	-3.18963986956e-06
9.63327332181e-09	-2.96934797461e-06
9.653013636e-09	-1.68924606214e-06
9.67275395018e-09	6.04214875466e-07
9.69249426436e-09	3.5102906395e-06
9.71223457855e-09	6.37044126961e-06
9.73197489273e-09	8.45852355269e-06
9.75171520692e-09	9.20059301279e-06
9.7714555211e-09	8.35001173982e-06
9.79119583528e-09	6.05860327596e-06
9.81093614947e-09	2.82441430954e-06
9.83067646365e-09	-6.58450716173e-07
9.85041677784e-09	-3.69373879039e-06
9.87015709202e-09	-5.75769649913e-06
9.8898974062e-09	-6.60773025629e-06
9.90963772039e-09	-6.30574322713e-06
9.92937803457e-09	-5.16487125424e-06
9.94911834876e-09	-3.64440359135e-06
9.96885866294e-09	-2.22232119995e-06
9.98859897712e-09	-1.27378126535e-06
1.00083392913e-08	-9.77847946615e-07
1.00280796055e-08	-1.27210228129e-06
1.00478199197e-08	-1.86894129683e-06
1.00675602339e-08	-2.33745765854e-06
1.0087300548e-08	-2.23721951897e-06
1.01070408622e-08	-1.27024350149e-06
1.01267811764e-08	5.96404277076e-07
1.01465214906e-08	3.0834056588e-06
1.01662618048e-08	5.6531014252e-06
1.0186002119e-08	7.65505865274e-06
1.02057424331e-08	8.52025686982e-06
1.02254827473e-08	7.93831077317e-06
1.02452230615e-08	5.95772826273e-06
1.02649633757e-08	2.9749770647e-06
1.02847036899e-08	-3.80758109486e-07
1.03044440041e-08	-3.42610667303e-06
1.03241843183e-08	-5.60489502277e-06
1.03439246324e-08	-6.61764011056e-06
1.03636649466e-08	-6.46814191896e-06
1.03834052608e-08	-5.42506563761e-06
1.0403145575e-08	-3.92102833757e-06
1.04228858892e-08	-2.42409271323e-06
1.04426262034e-08	-1.31476969045e-06
1.04623665175e-08	-7.9520896179e-07
1.04821068317e-08	-8.47018668537e-07
1.05018471459e-08	-1.24424462911e-06
1.05215874601e-08	-1.62229542866e-06
1.05413277743e-08	-1.58852128607e-06
1.05610680885e-08	-8.51534366575e-07
1.05808084026e-08	6.6758454409e-07
1.06005487168e-08	2.77919366454e-06
1.0620289031e-08	5.05035654896e-06
1.06400293452e-08	6.91336049385e-06
1.06597696594e-08	7.82935012467e-06
1.06795099736e-08	7.4555887295e-06
1.06992502878e-08	5.76034176447e-06
1.07189906019e-08	3.04410139051e-06
1.07387309161e-08	-1.40667367532e-07
1.07584712303e-08	-3.14442888794e-06
1.07782115445e-08	-5.39756842954e-06
1.07979518587e-08	-6.55349845147e-06
1.08176921729e-08	-6.55700091556e-06
1.0837432487e-08	-5.62531477044e-06
1.08571728012e-08	-4.15819022237e-06
1.08769131154e-08	-2.61123113887e-06
1.08966534296e-08	-1.37052666105e-06
1.09163937438e-08	-6.60046850953e-07
1.0936134058e-08	-4.98377829672e-07
1.09558743721e-08	-7.10355124056e-07
1.09756146863e-08	-9.87181408618e-07
1.09953550005e-08	-9.82049868981e-07
1.10150953147e-08	-4.20198276174e-07
1.10348356289e-08	8.0343937725e-07
1.10545759431e-08	2.56750649896e-06
1.10743162572e-08	4.53148004453e-06
1.10940565714e-08	6.21373078502e-06
1.11137968856e-08	7.12356995791e-06
1.11335371998e-08	6.9106142746e-06
1.1153277514e-08	5.48226103092e-06
1.11730178282e-08	3.04837033127e-06
1.11927581424e-08	7.47203685592e-08
1.12124984565e-08	-2.84230031866e-06
1.12322387707e-08	-5.13805684932e-06
1.12519790849e-08	-6.4277810452e-06
1.12717193991e-08	-6.59404940961e-06
1.12914597133e-08	-5.79205016038e-06
1.13112000275e-08	-4.37818334831e-06
1.13309403416e-08	-2.79146854609e-06
1.13506806558e-08	-1.42719903806e-06
1.137042097e-08	-5.374906209e-07
1.13901612842e-08	-1.81145374256e-07
1.14099015984e-08	-2.29009899044e-07
1.14296419126e-08	-4.17625642513e-07
1.14493822267e-08	-4.35261540588e-07
1.14691225409e-08	-2.05329762082e-08
1.14888628551e-08	9.49722959831e-07
1.15086031693e-08	2.40597194079e-06
1.15283434835e-08	4.08291771237e-06
1.15480837977e-08	5.57572343496e-06
1.15678241118e-08	6.4458884026e-06
1.1587564426e-08	6.35045626041e-06
1.16073047402e-08	5.15511510457e-06
1.16270450544e-08	2.9930221217e-06
1.16467853686e-08	2.45599096615e-07
1.16665256828e-08	-2.55252723491e-06
1.1686265997e-08	-4.85633358949e-06
1.17060063111e-08	-6.25556913292e-06
1.17257466253e-08	-6.57632381262e-06
1.17454869395e-08	-5.90967897551e-06
1.17652272537e-08	-4.5624226459e-06
1.17849675679e-08	-2.95192216981e-06
1.18047078821e-08	-1.48107437781e-06
1.18244481962e-08	-4.31329056028e-07
1.18441885104e-08	9.77673231262e-08
1.18639288246e-08	1.93128542492e-07
1.18836691388e-08	8.11360294506e-08
1.1903409453e-08	4.69343834908e-08
1.19231497672e-08	3.4195726073e-07
1.19428900813e-08	1.10166041623e-06
1.19626303955e-08	2.29382192174e-06
1.19823707097e-08	3.71101066321e-06
1.20021110239e-08	5.01316799273e-06
1.20218513381e-08	5.81352105655e-06
1.20415916523e-08	5.78870435675e-06
1.20613319664e-08	4.78229685541e-06
1.20810722806e-08	2.86877877897e-06
1.21008125948e-08	3.54012868797e-07
1.2120552909e-08	-2.29337911151e-06
1.21402932232e-08	-4.56220664091e-06
1.21600335374e-08	-6.03397552368e-06
1.21797738516e-08	-6.4910555011e-06
1.21995141657e-08	-5.96367476646e-06
1.22192544799e-08	-4.70393183605e-06
1.22389947941e-08	-3.09773611207e-06
1.22587351083e-08	-1.54667395691e-06
1.22784754225e-08	-3.57049444233e-07
1.22982157367e-08	3.31766528916e-07
1.23179560508e-08	5.63434468859e-07
1.2337696365e-08	5.2769317449e-07
1.23574366792e-08	4.85397748662e-07
1.23771769934e-08	6.79791185121e-07
1.23969173076e-08	1.25697295061e-06
1.24166576218e-08	2.21519815113e-06
1.24363979359e-08	3.39430596341e-06
1.24561382501e-08	4.50928064311e-06
1.24758785643e-08	5.22173718309e-06
1.24956188785e-08	5.23380413142e-06
1.25153591927e-08	4.38015285908e-06
1.25350995069e-08	2.6918075946e-06
1.2554839821e-08	4.09164996995e-07
1.25745801352e-08	-2.06509196232e-06
1.25943204494e-08	-4.26319911639e-06
1.26140607636e-08	-5.77325954509e-06
1.26338010778e-08	-6.34673665445e-06
1.2653541392e-08	-5.95906544731e-06
1.26732817062e-08	-4.80468634123e-06
1.26930220203e-08	-3.22939513353e-06
1.27127623345e-08	-1.6238174112e-06
1.27325026487e-08	-3.12698134053e-07
1.27522429629e-08	5.259362581e-07
1.27719832771e-08	8.90709173973e-07
1.27917235913e-08	9.32447647983e-07
1.28114639054e-08	8.87426665486e-07
1.28312042196e-08	9.92354387108e-07
1.28509445338e-08	1.40521871117e-06
1.2870684848e-08	2.15265072256e-06
1.28904251622e-08	3.11544533815e-06
1.29101654764e-08	4.05526498071e-06
1.29299057905e-08	4.67555923933e-06
1.29496461047e-08	4.70342070003e-06
1.29693864189e-08	3.97190251533e-06
1.29891267331e-08	2.48090657351e-06
1.30088670473e-08	4.17253104956e-07
1.30286073615e-08	-1.87615739833e-06
1.30483476757e-08	-3.97803796659e-06
1.30680879898e-08	-5.49365859115e-06
1.3087828304e-08	-6.15693647887e-06
1.31075686182e-08	-5.89839919485e-06
1.31273089324e-08	-4.85761825075e-06
1.31470492466e-08	-3.33544289788e-06
1.31667895608e-08	-1.70252275211e-06
1.31865298749e-08	-2.93520912464e-07
1.32062701891e-08	6.79863802588e-07
1.32260105033e-08	1.17205894412e-06
1.32457508175e-08	1.2930610751e-06
1.32654911317e-08	1.25274158336e-06
1.32852314459e-08	1.28069325456e-06
1.330497176e-08	1.54649609385e-06
1.33247120742e-08	2.10371672438e-06
1.33444523884e-08	2.86990496079e-06
1.33641927026e-08	3.64694938071e-06
1.33839330168e-08	4.17435239797e-06
1.3403673331e-08	4.20226660935e-06
1.34234136451e-08	3.56633836418e-06
1.34431539593e-08	2.24498751322e-06
1.34628942735e-08	3.8285942594e-07
1.34826345877e-08	-1.72915883923e-06
1.35023749019e-08	-3.71563089629e-06
1.35221152161e-08	-5.20632102052e-06
1.35418555303e-08	-5.92982655689e-06
1.35615958444e-08	-5.78357980885e-06
1.35813361586e-08	-4.85837676933e-06
1.36010764728e-08	-3.40861174664e-06
1.3620816787e-08	-1.77709017635e-06
1.36405571012e-08	-2.98205691251e-07
1.36602974154e-08	7.90986291577e-07
1.36800377295e-08	1.40383014013e-06
1.36997780437e-08	1.60833673135e-06
1.37195183579e-08	1.5842675225e-06
1.37392586721e-08	1.55027333903e-06
1.37589989863e-08	1.6853574607e-06
1.37787393005e-08	2.06845663797e-06
1.37984796146e-08	2.65213702733e-06
1.38182199288e-08	3.27548855239e-06
1.3837960243e-08	3.71047337921e-06
1.38577005572e-08	3.72831004825e-06
1.38774408714e-08	3.16892555929e-06
1.38971811856e-08	1.99504336251e-06
1.39169214997e-08	3.17503179303e-07
1.39366618139e-08	-1.61734476478e-06
1.39564021281e-08	-3.47716468241e-06
1.39761424423e-08	-4.91983564643e-06
1.39958827565e-08	-5.67751021663e-06
1.40156230707e-08	-5.62491459277e-06
1.40353633849e-08	-4.81165716337e-06
1.4055103699e-08	-3.44716852396e-06
1.40748440132e-08	-1.84155271654e-06
1.40945843274e-08	-3.19908735946e-07
1.41143246416e-08	8.63975373022e-07
1.41340649558e-08	1.58793449145e-06
1.415380527e-08	1.87853959233e-06
1.41735455841e-08	1.88216392871e-06
1.41932858983e-08	1.80189198318e-06
1.42130262125e-08	1.82217689826e-06
1.42327665267e-08	2.04525269965e-06
1.42525068409e-08	2.45767978413e-06
1.42722471551e-08	2.93472055546e-06
1.42919874692e-08	3.27899272179e-06
1.43117277834e-08	3.28113844716e-06
1.43314680976e-08	2.78511072338e-06
1.43512084118e-08	1.740962432e-06
1.4370948726e-08	2.31454777122e-07
1.43906890402e-08	-1.53488747401e-06
1.44104293543e-08	-3.26427402797e-06
1.44301696685e-08	-4.64302775072e-06
1.44499099827e-08	-5.41243139196e-06
1.44696502969e-08	-5.43335681868e-06
1.44893906111e-08	-4.7226596962e-06
1.45091309253e-08	-3.44903662608e-06
1.45288712395e-08	-1.88821115898e-06
1.45486115536e-08	-3.49312671233e-07
1.45683518678e-08	9.05916863303e-07
1.4588092182e-08	1.72690471345e-06
1.46078324962e-08	2.10201517348e-06
1.46275728104e-08	2.14275348753e-06
1.46473131246e-08	2.03232491458e-06
1.46670534387e-08	1.95557390725e-06
1.46867937529e-08	2.03420790967e-06
1.47065340671e-08	2.28667295232e-06
1.47262743813e-08	2.62355342784e-06
1.47460146955e-08	2.87785098863e-06
1.47657550097e-08	2.8592066883e-06
1.47854953238e-08	2.41586053562e-06
1.4805235638e-08	1.48693641222e-06
1.48249759522e-08	1.30931667286e-07
1.48447162664e-08	-1.47644959725e-06
1.48644565806e-08	-3.07554239498e-06
1.48841968948e-08	-4.37977769252e-06
1.4903937209e-08	-5.14253679285e-06
1.49236775231e-08	-5.2176887948e-06
1.49434178373e-08	-4.59724697066e-06
1.49631581515e-08	-3.41494364875e-06
1.49828984657e-08	-1.91289137774e-06
1.50026387799e-08	-3.79732227884e-07
1.50223790941e-08	9.22899431544e-07
1.50421194082e-08	1.82408587079e-06
1.50618597224e-08	2.27872283176e-06
1.50816000366e-08	2.36397124809e-06
1.51013403508e-08	2.23928293508e-06
1.5121080665e-08	2.08433971238e-06
1.51408209792e-08	2.03526690257e-06
1.51605612933e-08	2.13929183701e-06
1.51803016075e-08	2.34141384681e-06
1.52000419217e-08	2.50527818935e-06
1.52197822359e-08	2.46041827268e-06
1.52395225501e-08	2.06041545425e-06
1.52592628643e-08	1.23484085179e-06
1.52790031784e-08	2.04745767007e-08
1.52987434926e-08	-1.43637402061e-06
1.53184838068e-08	-2.9070159826e-06
1.5338224121e-08	-4.13023212786e-06
1.53579644352e-08	-4.87286865791e-06
1.53777047494e-08	-4.98619874634e-06
1.53974450636e-08	-4.44369607067e-06
1.54171853777e-08	-3.34963363002e-06
1.54369256919e-08	-1.91489567669e-06
1.54566660061e-08	-4.05592629704e-07
1.54764063203e-08	9.22620017718e-07
1.54961466345e-08	1.88594373185e-06
1.55158869487e-08	2.41181896854e-06
1.55356272628e-08	2.54517578924e-06
1.5555367577e-08	2.41981331328e-06
1.55751078912e-08	2.20523475036e-06
1.55948482054e-08	2.04625359856e-06
1.56145885196e-08	2.01460750304e-06
1.56343288338e-08	2.08784592814e-06
1.56540691479e-08	2.16069304315e-06
1.56738094621e-08	2.08410324376e-06
1.56935497763e-08	1.71872324017e-06
1.57132900905e-08	9.86319264484e-07
1.57330304047e-08	-9.63595248038e-08
1.57527707189e-08	-1.41032472811e-06
1.5772511033e-08	-2.75545130535e-06
1.57922513472e-08	-3.89426713809e-06
1.58119916614e-08	-4.607230494e-06
1.58317319756e-08	-4.74572107123e-06
1.58514722898e-08	-4.26937913289e-06
1.5871212604e-08	-3.25803864598e-06
1.58909529182e-08	-1.89473212231e-06
1.59106932323e-08	-4.22783017484e-07
1.59304335465e-08	9.12090769134e-07
1.59501738607e-08	1.91947395933e-06
1.59699141749e-08	2.50561663506e-06
1.59896544891e-08	2.68679957571e-06
1.60093948033e-08	2.57105193668e-06
1.60291351174e-08	2.31400190387e-06
1.60488754316e-08	2.0635918645e-06
1.60686157458e-08	1.91093010926e-06
1.608835606e-08	1.86301315352e-06
1.61080963742e-08	1.84516630952e-06
1.61278366884e-08	1.73118155544e-06
1.61475770025e-08	1.39137000588e-06
1.61673173167e-08	7.41998007925e-07
1.61870576309e-08	-2.18272901975e-07
1.62067979451e-08	-1.39608766858e-06
1.62265382593e-08	-2.61854268047e-06
1.62462785735e-08	-3.67090513009e-06
1.62660188876e-08	-4.34722801401e-06
1.62857592018e-08	-4.50060133517e-06
1.6305499516e-08	-4.08002256336e-06
1.63252398302e-08	-3.14514682032e-06
1.63449801444e-08	-1.85444321232e-06
1.63647204586e-08	-4.29421390891e-07
1.63844607728e-08	8.96394993788e-07
1.64042010869e-08	1.93093512735e-06
1.64239414011e-08	2.56503005858e-06
1.64436817153e-08	2.79087475974e-06
1.64634220295e-08	2.6918542062e-06
1.64831623437e-08	2.40736051182e-06
1.65029026579e-08	2.08361564091e-06
1.6522642972e-08	1.82571130836e-06
1.65423832862e-08	1.66612664998e-06
1.65621236004e-08	1.55922498379e-06
1.65818639146e-08	1.40284328154e-06
1.66016042288e-08	1.07937819394e-06
1.6621344543e-08	5.02620480347e-07
1.66410848571e-08	-3.44399637697e-07
1.66608251713e-08	-1.39241427632e-06
1.66805654855e-08	-2.49472930136e-06
1.67003057997e-08	-3.45901150922e-06
1.67200461139e-08	-4.09325866713e-06
1.67397864281e-08	-4.25339862886e-06
1.67595267423e-08	-3.88012745134e-06
1.67792670564e-08	-3.01586305795e-06
1.67990073706e-08	-1.79731091521e-06
1.68187476848e-08	-4.25576956786e-07
1.6838487999e-08	8.79010173094e-07
1.68582283132e-08	1.92607171812e-06
1.68779686274e-08	2.59592331986e-06
1.68977089415e-08	2.86104216229e-06
1.69174492557e-08	2.78252036878e-06
1.69371895699e-08	2.48266690051e-06
1.69569298841e-08	2.10229950426e-06
1.69766701983e-08	1.75537252289e-06
1.69964105125e-08	1.49523685877e-06
1.70161508266e-08	1.30289447497e-06
1.70358911408e-08	1.10033869305e-06
1.7055631455e-08	7.84400725706e-07
1.70753717692e-08	2.69640253237e-07
1.70951120834e-08	-4.73637655318e-07
1.71148523976e-08	-1.39830513035e-06
1.71345927117e-08	-2.38309098677e-06
1.71543330259e-08	-3.25810810864e-06
1.71740733401e-08	-3.84583483992e-06
1.71938136543e-08	-4.00612407248e-06
1.72135539685e-08	-3.6730825741e-06
1.72332942827e-08	-2.87407431188e-06
1.72530345969e-08	-1.72630689121e-06
1.7272774911e-08	-4.11943403833e-07
1.72925152252e-08	8.6206978267e-07
1.73122555394e-08	1.90938487776e-06
1.73319958536e-08	2.60357296611e-06
1.73517361678e-08	2.90146977022e-06
1.7371476482e-08	2.84461282263e-06
1.73912167961e-08	2.53851555954e-06
1.74109571103e-08	2.11609892631e-06
1.74306974245e-08	1.69584757259e-06
1.74504377387e-08	1.34746659342e-06
1.74701780529e-08	1.07534481231e-06
1.74899183671e-08	8.24808296329e-07
1.75096586812e-08	5.08652789222e-07
1.75293989954e-08	4.51855672878e-08
1.75491393096e-08	-6.0459984752e-07
1.75688796238e-08	-1.41321203273e-06
1.7588619938e-08	-2.28362227972e-06
1.76083602522e-08	-3.06842389364e-06
1.76281005663e-08	-3.60546516731e-06
1.76478408805e-08	-3.75997842639e-06
1.76675811947e-08	-3.4610276316e-06
1.76873215089e-08	-2.72262514045e-06
1.77070618231e-08	-1.64412131198e-06
1.77268021373e-08	-3.89858684002e-07
1.77465424515e-08	8.46551785116e-07
1.77662827656e-08	1.88414406921e-06
1.77860230798e-08	2.59254636603e-06
1.7805763394e-08	2.91638912131e-06
1.78255037082e-08	2.88048636321e-06
1.78452440224e-08	2.5746016945e-06
1.78649843366e-08	2.12239251596e-06
1.78847246507e-08	1.64347613918e-06
1.79044649649e-08	1.21958299815e-06
1.79242052791e-08	8.74962296393e-07
1.79439455933e-08	5.76531306251e-07
1.79636859075e-08	2.5378186308e-07
1.79834262217e-08	-1.68545241763e-07
1.80031665358e-08	-7.35483467906e-07
1.802290685e-08	-1.43618308357e-06
1.80426471642e-08	-2.19620267217e-06
1.80623874784e-08	-2.89038268875e-06
1.80821277926e-08	-3.37300627962e-06
1.81018681068e-08	-3.51618552941e-06
1.81216084209e-08	-3.24564166476e-06
1.81413487351e-08	-2.5636176133e-06
1.81610890493e-08	-1.55283453296e-06
1.81808293635e-08	-3.60609490713e-07
1.82005696777e-08	8.32694070141e-07
1.82203099919e-08	1.85249331253e-06
1.82400503061e-08	2.56645910213e-06
1.82597906202e-08	2.90978653084e-06
1.82795309344e-08	2.89310014523e-06
1.82992712486e-08	2.59174726125e-06
1.83190115628e-08	2.11965618746e-06
1.8338751877e-08	1.59505231068e-06
1.83584921912e-08	1.10808844056e-06
1.83782325053e-08	6.99240871427e-07
1.83979728195e-08	3.54864141627e-07
1.84177131337e-08	2.10163353387e-08
1.84374534479e-08	-3.69299982594e-07
1.84571937621e-08	-8.63989896516e-07
1.84769340763e-08	-1.46573222537e-06
1.84966743904e-08	-2.12047314108e-06
1.85164147046e-08	-2.7246467198e-06
1.85361550188e-08	-3.14964370318e-06
1.8555895333e-08	-3.27614782236e-06
1.85756356472e-08	-3.02843363897e-06
1.85953759614e-08	-2.39860980855e-06
1.86151162756e-08	-1.45396234075e-06
1.86348565897e-08	-3.25268288748e-07
1.86545969039e-08	8.20472280338e-07
1.86743372181e-08	1.81586324288e-06
1.86940775323e-08	2.52817744695e-06
1.87138178465e-08	2.88516912406e-06
1.87335581607e-08	2.88543230909e-06
1.87532984748e-08	2.59134117186e-06
1.8773038789e-08	2.10710197734e-06
1.87927791032e-08	1.54801222152e-06
1.88125194174e-08	1.00967810113e-06
1.88322597316e-08	5.45456884993e-07
1.88520000458e-08	1.58601977773e-07
1.88717403599e-08	-1.89119987226e-07
1.88914806741e-08	-5.55229291876e-07
1.89112209883e-08	-9.87856651591e-07
1.89309613025e-08	-1.50005530486e-06
1.89507016167e-08	-2.05565265787e-06
1.89704419309e-08	-2.57155295458e-06
1.8990182245e-08	-2.93659786621e-06
1.90099225592e-08	-3.0414938692e-06
1.90296628734e-08	-2.81105201339e-06
1.90494031876e-08	-2.22907306124e-06
1.90691435018e-08	-1.34857560852e-06
1.9088883816e-08	-2.8439691846e-07
1.91086241302e-08	8.10022726228e-07
1.91283644443e-08	1.77530785095e-06
1.91481047585e-08	2.47970478995e-06
1.91678450727e-08	2.84522695893e-06
1.91875853869e-08	2.86016097562e-06
1.92073257011e-08	2.57512760982e-06
1.92270660153e-08	2.08486528663e-06
1.92468063294e-08	1.50072509086e-06
1.92665466436e-08	9.21522598674e-07
1.92862869578e-08	4.10694681818e-07
1.9306027272e-08	-1.41770950535e-08
1.93257675862e-08	-3.76841867933e-07
1.93455079004e-08	-7.24962205823e-07
1.93652482145e-08	-1.10485638061e-06
1.93849885287e-08	-1.53707878781e-06
1.94047288429e-08	-2.00063107059e-06
1.94244691571e-08	-2.43118915932e-06
1.94442094713e-08	-2.73495732017e-06
1.94639497855e-08	-2.81387303858e-06
1.94836900996e-08	-2.59517605627e-06
1.95034304138e-08	-2.05635922157e-06
1.9523170728e-08	-1.23762509929e-06
1.95429110422e-08	-2.3845738184e-07
1.95626513564e-08	8.01503233561e-07
1.95823916706e-08	1.73171844153e-06
1.96021319848e-08	2.42268822603e-06
1.96218722989e-08	2.79222490462e-06
1.96416126131e-08	2.81961990822e-06
1.96613529273e-08	2.5448167662e-06
1.96810932415e-08	2.05346020721e-06
1.97008335557e-08	1.4522098013e-06
1.97205738699e-08	8.41403675622e-07
1.9740314184e-08	2.92254142664e-07
1.97600544982e-08	-1.6558710314e-07
1.97797948124e-08	-5.43017875998e-07
1.97995351266e-08	-8.77840960811e-07
1.98192754408e-08	-1.21320005064e-06
1.9839015755e-08	-1.57470583417e-06
1.98587560691e-08	-1.95381767298e-06
1.98784963833e-08	-2.30313253269e-06
1.98982366975e-08	-2.54550229783e-06
1.99179770117e-08	-2.59484363596e-06
1.99377173259e-08	-2.38264442487e-06
1.99574576401e-08	-1.88202761819e-06
1.99771979542e-08	-1.12208613245e-06
1.99969382684e-08	-1.87722392297e-07
2.00166785826e-08	7.95265208353e-07
2.00364188968e-08	1.68603071415e-06
2.0056159211e-08	2.3586047746e-06
2.00758995252e-08	2.72797319667e-06
2.00956398394e-08	2.76573564406e-06
2.01153801535e-08	2.50202219831e-06
2.01351204677e-08	2.01359807761e-06
2.01548607819e-08	1.40193287734e-06
2.01746010961e-08	7.67656956668e-07
2.01943414103e-08	1.8782135669e-07
2.02140817245e-08	-2.97867742916e-07
2.02338220386e-08	-6.88886018452e-07
2.02535623528e-08	-1.01377338524e-06
2.0273302667e-08	-1.31157082706e-06
2.02930429812e-08	-1.61097779028e-06
2.03127832954e-08	-1.91353655055e-06
2.03325236096e-08	-2.1865726012e-06
2.03522639237e-08	-2.36856567426e-06
2.03720042379e-08	-2.38574341438e-06
2.03917445521e-08	-2.1752214252e-06
2.04114848663e-08	-1.70776382902e-06
2.04312251805e-08	-1.00306027662e-06
2.04509654947e-08	-1.32558135135e-07
2.04707058089e-08	7.91682509771e-07
2.0490446123e-08	1.63923186847e-06
2.05101864372e-08	2.28886210607e-06
2.05299267514e-08	2.65410471911e-06
2.05496670656e-08	2.70013185855e-06
2.05694073798e-08	2.44805096372e-06
2.0589147694e-08	1.96595499347e-06
2.06088880081e-08	1.34971435273e-06
2.06286283223e-08	6.99113030578e-07
2.06483686365e-08	9.55264631841e-08
2.06681089507e-08	-4.13026199908e-07
2.06878492649e-08	-8.15986709313e-07
2.07075895791e-08	-1.13317537398e-06
2.07273298932e-08	-1.3991761989e-06
2.07470702074e-08	-1.64429815186e-06
2.07668105216e-08	-1.87802402252e-06
2.07865508358e-08	-2.08035328342e-06
2.080629115e-08	-2.20408003315e-06
2.08260314642e-08	-2.18755860715e-06
2.08457717783e-08	-1.97454835416e-06
2.08655120925e-08	-1.53523421886e-06
2.08852524067e-08	-8.81783421391e-07
2.09049927209e-08	-7.34465146479e-08
2.09247330351e-08	7.91079401097e-07
2.09444733493e-08	1.59226652841e-06
2.09642136635e-08	2.21483287532e-06
2.09839539776e-08	2.57219562627e-06
2.10036942918e-08	2.62430978637e-06
2.1023434606e-08	2.3840624408e-06
2.10431749202e-08	1.91113707615e-06
2.10629152344e-08	1.29541729166e-06
2.10826555486e-08	6.34892643347e-07
2.11023958627e-08	1.38637510361e-08
2.11221361769e-08	-5.12809350539e-07
2.11418764911e-08	-9.25777641214e-07
2.11616168053e-08	-1.23681166997e-06
2.11813571195e-08	-1.47579413579e-06
2.12010974337e-08	-1.67349929825e-06
2.12208377478e-08	-1.84566476946e-06
2.1240578062e-08	-1.98311556687e-06
2.12603183762e-08	-2.05153185107e-06
2.12800586904e-08	-2.00085560209e-06
2.12997990046e-08	-1.78206244072e-06
2.13195393188e-08	-1.36617188673e-06
2.13392796329e-08	-7.59635497616e-07
2.13590199471e-08	-1.09859641384e-08
2.13787602613e-08	7.93685728695e-07
2.13985005755e-08	1.54608000003e-06
2.14182408897e-08	2.13782459468e-06
2.14379812039e-08	2.48367211952e-06
2.14577215181e-08	2.53963014529e-06
2.14774618322e-08	2.31117792282e-06
2.14972021464e-08	1.84979018059e-06
2.15169424606e-08	1.23902680116e-06
2.15366827748e-08	5.74233979478e-07
2.1556423089e-08	-5.85169850353e-08
2.15761634032e-08	-5.987942302e-07
2.15959037173e-08	-1.01965429167e-06
2.16156440315e-08	-1.32547722842e-06
2.16353843457e-08	-1.54136603214e-06
2.16551246599e-08	-1.69779917769e-06
2.16748649741e-08	-1.81522699449e-06
2.16946052883e-08	-1.89363777281e-06
2.17143456024e-08	-1.91016812323e-06
2.17340859166e-08	-1.8256940848e-06
2.17538262308e-08	-1.59868039873e-06
2.1773566545e-08	-1.20207829468e-06
2.17933068592e-08	-6.38115324136e-07
2.18130471734e-08	5.38499662639e-08
2.18327874875e-08	7.99465510681e-07
2.18525278017e-08	1.50149304545e-06
2.18722681159e-08	2.05926392027e-06
2.18920084301e-08	2.39010637415e-06
2.19117487443e-08	2.44742420819e-06
2.19314890585e-08	2.23029985591e-06
2.19512293727e-08	1.78235711701e-06
2.19709696868e-08	1.18051059417e-06
2.1990710001e-08	5.16613397394e-07
2.20104503152e-08	-1.22619439935e-07
2.20301906294e-08	-6.7235433221e-07
2.20499309436e-08	-1.09898968503e-06
2.20696712578e-08	-1.40011110261e-06
2.20894115719e-08	-1.59614955919e-06
2.21091518861e-08	-1.7166379962e-06
2.21288922003e-08	-1.7856190766e-06
2.21486325145e-08	-1.81073346539e-06
2.21683728287e-08	-1.77919918087e-06
2.21881131429e-08	-1.66199612295e-06
2.2207853457e-08	-1.42505507483e-06
2.22275937712e-08	-1.04409690493e-06
2.22473340854e-08	-5.18526093174e-07
2.22670743996e-08	1.20082610522e-07
2.22868147138e-08	8.08053215451e-07
2.2306555028e-08	1.45898764004e-06
2.23262953422e-08	1.98032557819e-06
2.23460356563e-08	2.2930448722e-06
2.23657759705e-08	2.34919082231e-06
2.23855162847e-08	2.14247836539e-06
2.24052565989e-08	1.70928336729e-06
2.24249969131e-08	1.11969819727e-06
2.24447372273e-08	4.61388921735e-07
2.24644775414e-08	-1.79365606812e-07
2.24842178556e-08	-7.34567692007e-07
2.25039581698e-08	-1.16488604363e-06
2.2523698484e-08	-1.46165939441e-06
2.25434387982e-08	-1.64062680597e-06
2.25631791124e-08	-1.72983516222e-06
2.25829194265e-08	-1.75602303898e-06
2.26026597407e-08	-1.73326367303e-06
2.26224000549e-08	-1.65764970461e-06
2.26421403691e-08	-1.50938467414e-06
2.26618806833e-08	-1.26161199887e-06
2.26816209975e-08	-8.93267753099e-07
2.27013613116e-08	-4.02084765483e-07
2.27211016258e-08	1.86752458831e-07
2.274084194e-08	8.19135067331e-07
2.27605822542e-08	1.41890120631e-06
2.27803225684e-08	1.90193964045e-06
2.28000628826e-08	2.19377500343e-06
2.28198031968e-08	2.24628297474e-06
2.28395435109e-08	2.04889170163e-06
2.28592838251e-08	1.63123485208e-06
2.28790241393e-08	1.0566243418e-06
2.28987644535e-08	4.0798941825e-07
2.29185047677e-08	-2.29828636122e-07
2.29382450819e-08	-7.86634473116e-07
2.2957985396e-08	-1.21839354961e-06
2.29777257102e-08	-1.51083332867e-06
2.29974660244e-08	-1.67506129856e-06
2.30172063386e-08	-1.737302739e-06
2.30369466528e-08	-1.72599322923e-06
2.3056686967e-08	-1.66051319184e-06
2.30764272811e-08	-1.54473354996e-06
2.30961675953e-08	-1.36728232292e-06
2.31159079095e-08	-1.10825641286e-06
2.31356482237e-08	-7.50176042175e-07
2.31553885379e-08	-2.89876268766e-07
2.31751288521e-08	2.52733428852e-07
2.31948691662e-08	8.32000381479e-07
2.32146094804e-08	1.38134186045e-06
2.32343497946e-08	1.82501634072e-06
2.32540901088e-08	2.09368806736e-06
2.3273830423e-08	2.14011288335e-06
2.32935707372e-08	1.95055133645e-06
2.33133110514e-08	1.54871389668e-06
2.33330513655e-08	9.91288175101e-07
2.33527916797e-08	3.5595620318e-07
2.33725319939e-08	-2.74739861084e-07
2.33922723081e-08	-8.29557876614e-07
2.34120126223e-08	-1.26060865568e-06
2.34317529365e-08	-1.54852949663e-06
2.34514932506e-08	-1.69999577793e-06
2.34712335648e-08	-1.73899275069e-06
2.3490973879e-08	-1.69499156755e-06
2.35107141932e-08	-1.59167996117e-06
2.35304545074e-08	-1.43969037936e-06
2.35501948216e-08	-1.23525728668e-06
2.35699351357e-08	-9.64999344433e-07
2.35896754499e-08	-6.15230590029e-07
2.36094157641e-08	-1.82592899023e-07
2.36291560783e-08	3.17231808822e-07
2.36488963925e-08	8.46035362656e-07
2.36686367067e-08	1.3461598769e-06
2.36883770208e-08	1.75000275249e-06
2.3708117335e-08	1.99379530841e-06
2.37278576492e-08	2.032017278e-06
2.37475979634e-08	1.84872919817e-06
2.37673382776e-08	1.46251647948e-06
2.37870785918e-08	9.23790281604e-07
2.3806818906e-08	3.04772328263e-07
2.38265592201e-08	-3.15048438893e-07
2.38462995343e-08	-8.64366796804e-07
2.38660398485e-08	-1.2924418229e-06
2.38857801627e-08	-1.57547236768e-06
2.39055204769e-08	-1.71584417785e-06
2.39252607911e-08	-1.7350056396e-06
2.39450011052e-08	-1.66275839319e-06
2.39647414194e-08	-1.52621765892e-06
2.39844817336e-08	-1.34182965894e-06
2.40042220478e-08	-1.11269906711e-06
2.4023962362e-08	-8.31593581552e-07
2.40437026762e-08	-4.8865732083e-07
2.40634429903e-08	-8.08927396179e-08
2.40831833045e-08	3.7945898157e-07
2.41029236187e-08	8.60638863287e-07
2.41226639329e-08	1.3131510741e-06
2.41424042471e-08	1.67727046119e-06
2.41621445613e-08	1.89496688563e-06
2.41818848754e-08	1.92314917058e-06
2.42016251896e-08	1.74453685986e-06
2.42213655038e-08	1.37342539119e-06
2.4241105818e-08	8.54399900163e-07
2.42608461322e-08	2.54125424703e-07
2.42805864464e-08	-3.51530871967e-07
2.43003267606e-08	-8.92100075589e-07
2.43200670747e-08	-1.31492402033e-06
2.43398073889e-08	-1.59245382747e-06
2.43595477031e-08	-1.72304794432e-06
2.43792880173e-08	-1.72540768517e-06
2.43990283315e-08	-1.62903933187e-06
2.44187686457e-08	-1.46361827547e-06
2.44385089598e-08	-1.25055379385e-06
2.4458249274e-08	-9.99084875275e-07
2.44779895882e-08	-7.07769601149e-07
2.44977299024e-08	-3.70542593942e-07
2.45174702166e-08	1.48413450418e-08
2.45372105308e-08	4.38783018808e-07
2.45569508449e-08	8.7523241632e-07
2.45766911591e-08	1.28204999328e-06
2.45964314733e-08	1.60699795515e-06
2.46161717875e-08	1.79788332844e-06
2.46359121017e-08	1.81448882586e-06
2.46556524159e-08	1.63903706607e-06
2.46753927301e-08	1.28229027041e-06
2.46951330442e-08	7.83488246725e-07
2.47148733584e-08	2.03825607059e-07
2.47346136726e-08	-3.84874155657e-07
2.47543539868e-08	-9.13744258924e-07
2.4774094301e-08	-1.32907604211e-06
2.47938346152e-08	-1.60030077723e-06
2.48135749293e-08	-1.72208933691e-06
2.48333152435e-08	-1.71028472096e-06
2.48530555577e-08	-1.5935863189e-06
2.48727958719e-08	-1.40343234989e-06
2.48925361861e-08	-1.16532498851e-06
2.49122765003e-08	-8.9396158387e-07
2.49320168144e-08	-5.93224598333e-07
2.49517571286e-08	-2.60841133581e-07
2.49714974428e-08	1.04329565431e-07
2.4991237757e-08	4.94768158887e-07
2.50109780712e-08	8.89298917173e-07
2.50307183854e-08	1.25252648786e-06
2.50504586995e-08	1.53923599555e-06
2.50701990137e-08	1.70301245817e-06
2.50899393279e-08	1.70689975221e-06
2.51096796421e-08	1.53322446295e-06
2.51294199563e-08	1.1899293213e-06
2.51491602705e-08	7.11474740456e-07
2.51689005847e-08	1.53780611356e-07
2.51886408988e-08	-4.15662640307e-07
2.5208381213e-08	-9.30206311978e-07
2.52281215272e-08	-1.33588770268e-06
2.52478618414e-08	-1.59985717119e-06
2.52676021556e-08	-1.71350791334e-06
2.52873424698e-08	-1.68981858906e-06
2.53070827839e-08	-1.5562286535e-06
2.53268230981e-08	-1.34523679662e-06
2.53465634123e-08	-1.0856288668e-06
2.53663037265e-08	-7.96822774873e-07
2.53860440407e-08	-4.87642154212e-07
2.54057843549e-08	-1.5948145915e-07
2.5425524669e-08	1.87403109919e-07
2.54452649832e-08	5.47029287645e-07
2.54650052974e-08	9.02440035588e-07
2.54847456116e-08	1.22429094063e-06
2.55044859258e-08	1.47397253158e-06
2.552422624e-08	1.61071295679e-06
2.55439665541e-08	1.60105213354e-06
2.55637068683e-08	1.42792993074e-06
2.55834471825e-08	1.09712817675e-06
2.56031874967e-08	6.38867845737e-07
2.56229278109e-08	1.04025300374e-07
2.56426681251e-08	-4.44339065098e-07
2.56624084393e-08	-9.42295997675e-07
2.56821487534e-08	-1.33633920996e-06
2.57018890676e-08	-1.59200158123e-06
2.57216293818e-08	-1.6978937083e-06
2.5741369696e-08	-1.6642119931e-06
2.57611100102e-08	-1.51682587557e-06
2.57808503244e-08	-1.28863712234e-06
2.58005906385e-08	-1.01094997262e-06
2.58203309527e-08	-7.07209380835e-07
2.58400712669e-08	-3.90676859752e-07
2.58598115811e-08	-6.63490702379e-08
2.58795518953e-08	2.63973092274e-07
2.58992922095e-08	5.95303731643e-07
2.59190325236e-08	9.14296890642e-07
2.59387728378e-08	1.19706982105e-06
2.5958513152e-08	1.41114378494e-06
2.59782534662e-08	1.5212340827e-06
2.59979937804e-08	1.49747535261e-06
2.60177340946e-08	1.32388186103e-06
2.60374744087e-08	1.00460511021e-06
2.60572147229e-08	5.6614160826e-07
2.60769550371e-08	5.46726628414e-08
2.60966953513e-08	-4.71229995469e-07
2.61164356655e-08	-9.50715900672e-07
2.61361759797e-08	-1.33130970426e-06
2.61559162939e-08	-1.57761610353e-06
2.6175656608e-08	-1.67590042111e-06
2.61953969222e-08	-1.63376466844e-06
2.62151372364e-08	-1.47529465266e-06
2.62348775506e-08	-1.2332687902e-06
2.62546178648e-08	-9.40784701697e-07
2.6274358179e-08	-6.24626807166e-07
2.62940984931e-08	-3.01993566154e-07
2.63138388073e-08	1.87291107068e-08
2.63335791215e-08	3.339807364e-07
2.63533194357e-08	6.39392283119e-07
2.63730597499e-08	9.24604307784e-07
2.63928000641e-08	1.17062029403e-06
2.64125403782e-08	1.35066204621e-06
2.64322806924e-08	1.43471038427e-06
2.64520210066e-08	1.39659744036e-06
2.64717613208e-08	1.22169541328e-06
2.6491501635e-08	9.12999240654e-07
2.65112419492e-08	4.93805629276e-07
2.65309822634e-08	5.8785687429e-09
2.65507225775e-08	-4.96581208154e-07
2.65704628917e-08	-9.56051707135e-07
2.65902032059e-08	-1.32163222588e-06
2.66099435201e-08	-1.55752491082e-06
2.66296838343e-08	-1.64819260817e-06
2.66494241485e-08	-1.59884103823e-06
2.66691644626e-08	-1.43164703559e-06
2.66889047768e-08	-1.17883496387e-06
2.6708645091e-08	-8.74653011351e-07
2.67283854052e-08	-5.485535155e-07
2.67481257194e-08	-2.21173948489e-07
2.67678660336e-08	9.59470298767e-08
2.67876063477e-08	3.97429332111e-07
2.68073466619e-08	6.79113611568e-07
2.68270869761e-08	9.33116155011e-07
2.68468272903e-08	1.14474426027e-06
2.68665676045e-08	1.29245671587e-06
2.68863079187e-08	1.35126606438e-06
2.69060482328e-08	1.29873302512e-06
2.6925788547e-08	1.12183886358e-06
2.69455288612e-08	8.22859107075e-07
2.69652691754e-08	4.22298441549e-07
2.69850094896e-08	-4.21293151476e-08
2.70047498038e-08	-5.20517289715e-07
2.7024490118e-08	-9.58808243468e-07
2.70442304321e-08	-1.3080434087e-06
2.70639707463e-08	-1.53255564328e-06
2.70837110605e-08	-1.61545841593e-06
2.71034513747e-08	-1.55983639161e-06
2.71231916889e-08	-1.38593719612e-06
2.71429320031e-08	-1.12508178063e-06
2.71626723172e-08	-8.12111608184e-07
2.71824126314e-08	-4.78497497625e-07
2.72021529456e-08	-1.47798473904e-07
2.72218932598e-08	1.65568529553e-07
2.7241633574e-08	4.54374159631e-07
2.72613738882e-08	7.14363125098e-07
2.72811142023e-08	9.39628591823e-07
2.73008545165e-08	1.11922435053e-06
2.73205948307e-08	1.2364141071e-06
2.73403351449e-08	1.2709771795e-06
2.73600754591e-08	1.20414665616e-06
2.73798157733e-08	1.02474137975e-06
2.73995560874e-08	7.34657817247e-07
2.74192964016e-08	3.52023803885e-07
2.74390367158e-08	-8.9165517636e-08
2.745877703e-08	-5.4312198472e-07
2.74785173442e-08	-9.5937159017e-07
2.74982576584e-08	-1.29115534264e-06
2.75179979726e-08	-1.50343942096e-06
2.75377382867e-08	-1.57837502002e-06
2.75574786009e-08	-1.51721752673e-06
2.75772189151e-08	-1.33831974836e-06
2.75969592293e-08	-1.07183018372e-06
2.76166995435e-08	-7.52720524133e-07
2.76364398577e-08	-4.13935339338e-07
2.76561801718e-08	-8.14092224743e-08
2.7675920486e-08	2.27883212744e-07
2.76956608002e-08	5.04894956066e-07
2.77154011144e-08	7.45055103835e-07
2.77351414286e-08	9.43964920452e-07
2.77548817428e-08	1.0938995274e-06
2.77746220569e-08	1.18244884106e-06
2.77943623711e-08	1.19386567121e-06
2.78141026853e-08	1.11301972083e-06
2.78338429995e-08	9.30720688075e-07
2.78535833137e-08	6.48792479296e-07
2.78733236279e-08	2.83350601649e-07
2.7893063942e-08	-1.35001002377e-07
2.79128042562e-08	-5.6443639096e-07
2.79325445704e-08	-9.58050435429e-07
2.79522848846e-08	-1.27156391727e-06
2.79720251988e-08	-1.47086888092e-06
2.7991765513e-08	-1.53758401211e-06
2.80115058272e-08	-1.47143884988e-06
2.80312461413e-08	-1.28895936768e-06
2.80509864555e-08	-1.01896733895e-06
2.80707267697e-08	-6.96145718848e-07
2.80904670839e-08	-3.54387552193e-07
2.81102073981e-08	-2.15370823398e-08
2.81299477123e-08	2.83239941723e-07
2.81496880264e-08	5.49170238173e-07
2.81694283406e-08	7.71168885194e-07
2.81891686548e-08	9.45968764654e-07
2.8208908969e-08	1.06857817173e-06
2.82286492832e-08	1.13042790417e-06
2.82483895974e-08	1.11994120289e-06
2.82681299115e-08	1.02551621239e-06
2.82878702257e-08	8.40057140294e-07
2.83076105399e-08	5.65603045288e-07
2.83273508541e-08	2.16598174063e-07
2.83470911683e-08	-1.7944687869e-07
2.83668314825e-08	-5.8447156448e-07
2.83865717967e-08	-9.55122658297e-07
2.84063121108e-08	-1.24973314541e-06
2.8426052425e-08	-1.43544247067e-06
2.84457927392e-08	-1.4936931052e-06
2.84655330534e-08	-1.42296431704e-06
2.84852733676e-08	-1.23809138586e-06
2.85050136818e-08	-9.66438960859e-07
2.85247539959e-08	-6.42092516046e-07
2.85444943101e-08	-2.99417791894e-07
2.85642346243e-08	3.23127000712e-08
2.85839749385e-08	3.32040130502e-07
2.86037152527e-08	5.87417872566e-07
2.86234555669e-08	7.9272513176e-07
2.8643195881e-08	9.45505433947e-07
2.86629361952e-08	1.04306815274e-06
2.86826765094e-08	1.08021379219e-06
2.87024168236e-08	1.04919519117e-06
2.87221571378e-08	9.41765904372e-07
2.8741897452e-08	7.52989933517e-07
2.87616377661e-08	4.85363912617e-07
2.87813780803e-08	1.5201054282e-07
2.88011183945e-08	-2.22351069112e-07
2.88208587087e-08	-6.03218637707e-07
2.88405990229e-08	-9.50755463691e-07
2.88603393371e-08	-1.22605035813e-06
2.88800796513e-08	-1.39771185559e-06
2.88998199654e-08	-1.44729710883e-06
2.89195602796e-08	-1.37229488928e-06
2.89393005938e-08	-1.18596199172e-06
2.8959040908e-08	-9.14216315095e-07
2.89787812222e-08	-5.90274908063e-07
2.89985215364e-08	-2.48588406748e-07
2.90182618505e-08	8.05694000405e-08
2.90380021647e-08	3.74653481572e-07
2.90577424789e-08	6.19867080331e-07
2.90774827931e-08	8.09813656133e-07
2.90972231073e-08	9.42541447557e-07
2.91169634215e-08	1.01722571344e-06
2.91367037356e-08	1.03165223209e-06
2.91564440498e-08	9.81521907306e-07
2.9176184364e-08	8.61799037466e-07
2.91959246782e-08	6.69699545597e-07
2.92156649924e-08	4.08364414284e-07
2.92354053066e-08	8.98619276768e-08
2.92551456207e-08	-2.63546169776e-07
2.92748859349e-08	-6.20687927722e-07
2.92946262491e-08	-9.45166760857e-07
2.93143665633e-08	-1.2008827639e-06
2.93341068775e-08	-1.35813934321e-06
2.93538471917e-08	-1.39887964679e-06
2.93735875059e-08	-1.31984143081e-06
2.939332782e-08	-1.13287165959e-06
2.94130681342e-08	-8.62364544219e-07
2.94328084484e-08	-5.40511820191e-07
2.94525487626e-08	-2.01525359955e-07
2.94722890768e-08	1.23723154388e-07
2.9492029391e-08	4.1151572816e-07
2.95117697051e-08	6.46824844353e-07
2.95315100193e-08	8.22538453349e-07
2.95512503335e-08	9.37018171498e-07
2.95709906477e-08	9.90911530607e-07
2.95907309619e-08	9.84590428743e-07
2.96104712761e-08	9.16856237154e-07
2.96302115902e-08	7.85640651202e-07
2.96499519044e-08	5.90317398519e-07
2.96696922186e-08	3.34789859835e-07
2.96894325328e-08	3.03621252584e-08
2.9709172847e-08	-3.02895287518e-07
2.97289131612e-08	-6.3687255647e-07
2.97486534753e-08	-9.38491609759e-07
2.97683937895e-08	-1.17452708537e-06
2.97881341037e-08	-1.31714079998e-06
2.98078744179e-08	-1.34891553216e-06
2.98276147321e-08	-1.26604771822e-06
2.98473550463e-08	-1.07909477265e-06
2.98670953605e-08	-8.109560099e-07
2.98868356746e-08	-4.92639742333e-07
2.99065759888e-08	-1.57871838269e-07
2.9926316303e-08	1.62207761889e-07
2.99460566172e-08	4.43037549758e-07
2.99657969314e-08	6.68572027962e-07
2.99855372456e-08	8.31046435223e-07
3.00052775597e-08	9.2893543524e-07
3.00250178739e-08	9.64052787822e-07
3.00447581881e-08	9.38910574177e-07
3.00644985023e-08	8.55068208239e-07
3.00842388165e-08	7.13244844519e-07
3.01039791307e-08	5.14887801728e-07
3.01237194448e-08	2.64804498329e-07
3.0143459759e-08	-2.62850967658e-08
3.01632000732e-08	-3.40210903005e-07
3.01829403874e-08	-6.51716931088e-07
3.02026807016e-08	-9.30876467464e-07
3.02224210158e-08	-1.14729652978e-06
3.024216133e-08	-1.27513828829e-06
3.02619016441e-08	-1.29781068381e-06
3.02816419583e-08	-1.21124418229e-06
3.03013822725e-08	-1.02486734477e-06
3.03211225867e-08	-7.60080439477e-07
3.03408629009e-08	-4.46591414516e-07
3.03606032151e-08	-1.17381119935e-07
3.03803435292e-08	1.96427322408e-07
