% time-domain voltage integration by openEMS v0.0.36 @Thu Feb  5 18:55:41 2026
% start-coordinates: (0.037587,-0.02,0.0015) m -> [122,25,9]
% stop-coordinates: (0.037587,-0.02,0) m -> [122,25,7]
% t/s	voltage
0	0
1.9740314184e-11	0
3.94806283681e-11	0
5.92209425521e-11	0
7.89612567362e-11	0
9.87015709202e-11	0
1.18441885104e-10	0
1.38182199288e-10	0
1.57922513472e-10	0
1.77662827656e-10	0
1.9740314184e-10	0
2.17143456024e-10	0
2.36883770208e-10	-6.63899358184e-32
2.56624084393e-10	-8.56021643349e-24
2.76364398577e-10	2.73543748206e-17
2.96104712761e-10	3.40429602368e-13
3.15845026945e-10	4.09240002996e-12
3.35585341129e-10	-2.56375254359e-10
3.55325655313e-10	-1.05752698265e-10
3.75065969497e-10	1.10977130263e-11
3.94806283681e-10	3.56015175673e-10
4.14546597865e-10	1.3793425846e-09
4.34286912049e-10	3.1411705459e-09
4.54027226233e-10	5.98893357129e-09
4.73767540417e-10	9.27733712075e-09
4.93507854601e-10	1.14892433345e-08
5.13248168785e-10	8.77016459455e-09
5.32988482969e-10	-2.961379586e-09
5.52728797153e-10	-2.86260135596e-08
5.72469111337e-10	-6.98583626502e-08
5.92209425521e-10	-1.22599921326e-07
6.11949739705e-10	-1.73052974617e-07
6.31690053889e-10	-1.93443220553e-07
6.51430368073e-10	-1.48690041613e-07
6.71170682257e-10	2.37169262007e-09
6.90910996441e-10	2.85872062022e-07
7.10651310625e-10	7.06621591462e-07
7.3039162481e-10	1.24330858853e-06
7.50131938994e-10	1.86199730479e-06
7.69872253178e-10	2.5475211487e-06
7.89612567362e-10	3.26484246216e-06
8.09352881546e-10	4.03195417675e-06
8.2909319573e-10	4.79083519167e-06
8.48833509914e-10	5.23568837707e-06
8.68573824098e-10	4.42936652689e-06
8.88314138282e-10	4.20646671273e-07
9.08054452466e-10	-9.9924773167e-06
9.2779476665e-10	-3.09391580231e-05
9.47535080834e-10	-6.61135054543e-05
9.67275395018e-10	-0.000116551349493
9.87015709202e-10	-0.000177708934643
1.00675602339e-09	-0.000237214313529
1.02649633757e-09	-0.000274809979601
1.04623665175e-09	-0.00026590572088
1.06597696594e-09	-0.000188918005733
1.08571728012e-09	-3.47914865415e-05
1.10545759431e-09	0.00018482311134
1.12519790849e-09	0.00043486719369
1.14493822267e-09	0.000662574602757
1.16467853686e-09	0.000811312755104
1.18441885104e-09	0.000838485750137
1.20415916523e-09	0.000730831408873
1.22389947941e-09	0.000510641955771
1.24363979359e-09	0.000229737059271
1.26338010778e-09	-4.68789839942e-05
1.28312042196e-09	-0.000261339184362
1.30286073615e-09	-0.000379379198421
1.32260105033e-09	-0.000397082490963
1.34234136451e-09	-0.000336608034559
1.3620816787e-09	-0.000234135935898
1.38182199288e-09	-0.000125909551571
1.40156230707e-09	-3.77961168851e-05
1.42130262125e-09	1.87672603715e-05
1.44104293543e-09	4.48668743047e-05
1.46078324962e-09	4.88327277708e-05
1.4805235638e-09	4.0665954657e-05
1.50026387799e-09	2.82208402496e-05
1.52000419217e-09	1.57998856594e-05
1.53974450636e-09	4.5116205456e-06
1.55948482054e-09	-6.45745149086e-06
1.57922513472e-09	-1.85226626854e-05
1.59896544891e-09	-3.26040772052e-05
1.61870576309e-09	-4.83766052639e-05
1.63844607728e-09	-6.3890722231e-05
1.65818639146e-09	-7.58157111704e-05
1.67792670564e-09	-8.03133116278e-05
1.69766701983e-09	-7.44575299905e-05
1.71740733401e-09	-5.76633083256e-05
1.7371476482e-09	-3.24742286466e-05
1.75688796238e-09	-4.14953024119e-06
1.77662827656e-09	2.09502695725e-05
1.79636859075e-09	3.75623985747e-05
1.81610890493e-09	4.33167988376e-05
1.83584921912e-09	3.93126319977e-05
1.8555895333e-09	2.92255954264e-05
1.87532984748e-09	1.74510978468e-05
1.89507016167e-09	7.23273774383e-06
1.91481047585e-09	-2.81839476202e-07
1.93455079004e-09	-5.7966424265e-06
1.95429110422e-09	-1.06610700641e-05
1.9740314184e-09	-1.55385805556e-05
1.99377173259e-09	-1.96786750166e-05
2.01351204677e-09	-2.11489186768e-05
2.03325236096e-09	-1.78171776497e-05
2.05299267514e-09	-8.5602728177e-06
2.07273298932e-09	5.94417178945e-06
2.09247330351e-09	2.31557241932e-05
2.11221361769e-09	3.93633163185e-05
2.13195393188e-09	5.07961813128e-05
2.15169424606e-09	5.47129620827e-05
2.17143456024e-09	5.01493013871e-05
2.19117487443e-09	3.81201571145e-05
2.21091518861e-09	2.12785926124e-05
2.2306555028e-09	3.1859324281e-06
2.25039581698e-09	-1.25922756524e-05
2.27013613116e-09	-2.33596283579e-05
2.28987644535e-09	-2.79197711279e-05
2.30961675953e-09	-2.67747627731e-05
2.32935707372e-09	-2.18304367081e-05
2.3490973879e-09	-1.56462565428e-05
2.36883770208e-09	-1.04701471173e-05
2.38857801627e-09	-7.38735934647e-06
2.40831833045e-09	-5.93176105212e-06
2.42805864464e-09	-4.33943955613e-06
2.44779895882e-09	-3.90681222484e-07
2.46753927301e-09	7.46352588976e-06
2.48727958719e-09	1.91379149328e-05
2.50701990137e-09	3.2511576137e-05
2.52676021556e-09	4.38273309555e-05
2.54650052974e-09	4.88116747874e-05
2.56624084393e-09	4.42093278252e-05
2.58598115811e-09	2.91915703201e-05
2.60572147229e-09	6.09782478023e-06
2.62546178648e-09	-1.98939342226e-05
2.64520210066e-09	-4.21755466959e-05
2.66494241485e-09	-5.47898853256e-05
2.68468272903e-09	-5.44648301002e-05
2.70442304321e-09	-4.1797540689e-05
2.7241633574e-09	-2.10658445212e-05
2.74390367158e-09	1.28226844254e-06
2.76364398577e-09	1.88772000911e-05
2.78338429995e-09	2.7526823942e-05
2.80312461413e-09	2.63613319476e-05
2.82286492832e-09	1.76677949639e-05
2.8426052425e-09	5.6311030221e-06
2.86234555669e-09	-5.37847881787e-06
2.88208587087e-09	-1.22489323076e-05
2.90182618505e-09	-1.3836243852e-05
2.92156649924e-09	-1.08536196421e-05
2.94130681342e-09	-5.21501510775e-06
2.96104712761e-09	7.85549218563e-07
2.98078744179e-09	5.14785529049e-06
3.00052775597e-09	6.59779993839e-06
3.02026807016e-09	4.80085645904e-06
3.04000838434e-09	4.17714915102e-07
3.05974869853e-09	-5.01971589983e-06
3.07948901271e-09	-9.47776106841e-06
3.09922932689e-09	-1.10571568257e-05
3.11896964108e-09	-8.7490570877e-06
3.13870995526e-09	-2.99505825296e-06
3.15845026945e-09	4.2686190227e-06
3.17819058363e-09	1.02289932329e-05
3.19793089781e-09	1.22987507893e-05
3.217671212e-09	9.24540927372e-06
3.23741152618e-09	1.79898540864e-06
3.25715184037e-09	-7.57789325689e-06
3.27689215455e-09	-1.56667974807e-05
3.29663246873e-09	-1.97707458938e-05
3.31637278292e-09	-1.86886945812e-05
3.3361130971e-09	-1.29662171275e-05
3.35585341129e-09	-4.39850668954e-06
3.37559372547e-09	4.8696686008e-06
3.39533403966e-09	1.31417168632e-05
3.41507435384e-09	1.9499057089e-05
3.43481466802e-09	2.36181203945e-05
3.45455498221e-09	2.53397320193e-05
3.47429529639e-09	2.4367597689e-05
3.49403561058e-09	2.03373410841e-05
3.51377592476e-09	1.32066998049e-05
3.53351623894e-09	3.68660039385e-06
3.55325655313e-09	-6.62556567477e-06
3.57299686731e-09	-1.55782372531e-05
3.5927371815e-09	-2.11604947253e-05
3.61247749568e-09	-2.22341277549e-05
3.63221780986e-09	-1.89522743312e-05
3.65195812405e-09	-1.26735421873e-05
3.67169843823e-09	-5.42436760043e-06
3.69143875242e-09	8.27205610676e-07
3.7111790666e-09	4.77354501527e-06
3.73091938078e-09	6.03570492785e-06
3.75065969497e-09	5.07771142111e-06
3.77040000915e-09	2.89171578061e-06
3.79014032334e-09	6.27465368552e-07
3.80988063752e-09	-7.08149372031e-07
3.8296209517e-09	-4.48064000125e-07
3.84936126589e-09	1.60358843004e-06
3.86910158007e-09	5.08282619194e-06
3.88884189426e-09	9.05755723579e-06
3.90858220844e-09	1.21679108815e-05
3.92832252262e-09	1.29716877382e-05
3.94806283681e-09	1.04486011878e-05
3.96780315099e-09	4.49721687801e-06
3.98754346518e-09	-3.80765618502e-06
4.00728377936e-09	-1.23820163935e-05
4.02702409354e-09	-1.87397163245e-05
4.04676440773e-09	-2.08563997148e-05
4.06650472191e-09	-1.79568360181e-05
4.0862450361e-09	-1.08905378511e-05
4.10598535028e-09	-1.90682675338e-06
4.12572566446e-09	6.10754773334e-06
4.14546597865e-09	1.06482339106e-05
4.16520629283e-09	1.04747978185e-05
4.18494660702e-09	6.0227278027e-06
4.2046869212e-09	-8.07832464034e-07
4.22442723538e-09	-7.37602840672e-06
4.24416754957e-09	-1.12461193567e-05
4.26390786375e-09	-1.09938519017e-05
4.28364817794e-09	-6.60050318402e-06
4.30338849212e-09	6.59052403762e-07
4.3231288063e-09	8.7272987912e-06
4.34286912049e-09	1.54374292833e-05
4.36260943467e-09	1.91083845493e-05
4.38234974886e-09	1.89065331142e-05
4.40209006304e-09	1.49365096149e-05
4.42183037723e-09	8.12120379123e-06
4.44157069141e-09	-4.6360497663e-08
4.46131100559e-09	-7.82073766459e-06
4.48105131978e-09	-1.35646696435e-05
4.50079163396e-09	-1.61215557455e-05
4.52053194815e-09	-1.51299859681e-05
4.54027226233e-09	-1.11692879727e-05
4.56001257651e-09	-5.63680850973e-06
4.5797528907e-09	-3.34812682468e-07
4.59949320488e-09	3.12482666232e-06
4.61923351907e-09	3.8861531948e-06
4.63897383325e-09	2.15279067106e-06
4.65871414743e-09	-9.12915396611e-07
4.67845446162e-09	-3.668871841e-06
4.6981947758e-09	-4.65086941404e-06
4.71793508999e-09	-3.13287034714e-06
4.73767540417e-09	6.37474528276e-07
4.75741571835e-09	5.6005130773e-06
4.77715603254e-09	1.03327602119e-05
4.79689634672e-09	1.35571694955e-05
4.81663666091e-09	1.44975647345e-05
4.83637697509e-09	1.29745531012e-05
4.85611728927e-09	9.29183988774e-06
4.87585760346e-09	4.04847469326e-06
4.89559791764e-09	-1.99463545414e-06
4.91533823183e-09	-7.95874348114e-06
4.93507854601e-09	-1.28696838146e-05
4.95481886019e-09	-1.57664289873e-05
4.97455917438e-09	-1.59414130394e-05
4.99429948856e-09	-1.32412187668e-05
5.01403980275e-09	-8.26912810226e-06
5.03378011693e-09	-2.32995785154e-06
5.05352043111e-09	2.93168716325e-06
5.0732607453e-09	6.09006065133e-06
5.09300105948e-09	6.46198554932e-06
5.11274137367e-09	4.36249797531e-06
5.13248168785e-09	9.70134180989e-07
5.15222200203e-09	-2.14196825254e-06
5.17196231622e-09	-3.60455101145e-06
5.1917026304e-09	-2.73179796295e-06
5.21144294459e-09	2.93552986363e-07
5.23118325877e-09	4.56136899629e-06
5.25092357295e-09	8.79429717315e-06
5.27066388714e-09	1.17572599265e-05
5.29040420132e-09	1.25723763631e-05
5.31014451551e-09	1.08776662273e-05
5.32988482969e-09	6.85298482495e-06
5.34962514388e-09	1.1656092056e-06
5.36936545806e-09	-5.13346230946e-06
5.38910577224e-09	-1.07711775854e-05
5.40884608643e-09	-1.44982150232e-05
5.42858640061e-09	-1.54073941303e-05
5.4483267148e-09	-1.32452150865e-05
5.46806702898e-09	-8.58601515574e-06
5.48780734316e-09	-2.74771878139e-06
5.50754765735e-09	2.579677016e-06
5.52728797153e-09	5.89042315369e-06
5.54702828572e-09	6.39927839075e-06
5.5667685999e-09	4.33375021203e-06
5.58650891408e-09	8.4843063064e-07
5.60624922827e-09	-2.4149986757e-06
5.62598954245e-09	-3.94853736907e-06
5.64572985664e-09	-2.93280902497e-06
5.66547017082e-09	4.86133046707e-07
5.685210485e-09	5.28538612343e-06
5.70495079919e-09	9.95385425995e-06
5.72469111337e-09	1.30113444357e-05
5.74443142756e-09	1.34607462314e-05
5.76417174174e-09	1.10351197691e-05
5.78391205592e-09	6.20181731392e-06
5.80365237011e-09	-2.42332163225e-08
5.82339268429e-09	-6.36239974483e-06
5.84313299848e-09	-1.15557681966e-05
5.86287331266e-09	-1.46185047925e-05
5.88261362684e-09	-1.50184314407e-05
5.90235394103e-09	-1.27871621771e-05
5.92209425521e-09	-8.53475512486e-06
5.9418345694e-09	-3.33818695708e-06
5.96157488358e-09	1.50764429918e-06
5.98131519776e-09	4.83890630676e-06
6.00105551195e-09	5.9758133375e-06
6.02079582613e-09	4.95255312671e-06
6.04053614032e-09	2.51842163834e-06
6.0602764545e-09	-1.17136345068e-07
6.08001676868e-09	-1.71726355802e-06
6.09975708287e-09	-1.4678446405e-06
6.11949739705e-09	7.25522653511e-07
6.13923771124e-09	4.21104118686e-06
6.15897802542e-09	7.83547466199e-06
6.1787183396e-09	1.0355743143e-05
6.19845865379e-09	1.08521744551e-05
6.21819896797e-09	8.99635324458e-06
6.23793928216e-09	5.10087352268e-06
6.25767959634e-09	-2.71634519322e-08
6.27741991052e-09	-5.34100718141e-06
6.29716022471e-09	-9.81488437901e-06
6.31690053889e-09	-1.26435916172e-05
6.33664085308e-09	-1.33638291118e-05
6.35638116726e-09	-1.19126357276e-05
6.37612148145e-09	-8.63979175847e-06
6.39586179563e-09	-4.2674944325e-06
6.41560210981e-09	2.27734801683e-07
6.435342424e-09	3.82736800475e-06
6.45508273818e-09	5.74658633923e-06
6.47482305237e-09	5.69367625758e-06
6.49456336655e-09	4.00142380386e-06
6.51430368073e-09	1.5507689568e-06
6.53404399492e-09	-5.19620101613e-07
6.5537843091e-09	-1.22393049651e-06
6.57352462329e-09	-1.03699697718e-07
6.59326493747e-09	2.58661702901e-06
6.61300525165e-09	5.96186737312e-06
6.63274556584e-09	8.82222502696e-06
6.65248588002e-09	1.00741322058e-05
6.67222619421e-09	9.09348636924e-06
6.69196650839e-09	5.90493755226e-06
6.71170682257e-09	1.13876166097e-06
6.73144713676e-09	-4.18614104092e-06
6.75118745094e-09	-8.95293533176e-06
6.77092776513e-09	-1.22133424156e-05
6.79066807931e-09	-1.33724824991e-05
6.81040839349e-09	-1.22799251585e-05
6.83014870768e-09	-9.23853531276e-06
6.84988902186e-09	-4.94429013997e-06
6.86962933605e-09	-3.54383701051e-07
6.88936965023e-09	3.515922117e-06
6.90910996441e-09	5.84673080084e-06
6.9288502786e-09	6.25609322924e-06
6.94859059278e-09	4.94240975968e-06
6.96833090697e-09	2.65030132596e-06
6.98807122115e-09	4.3893584234e-07
7.00781153533e-09	-6.86120131377e-07
7.02755184952e-09	-1.45826113851e-07
7.0472921637e-09	1.98185625777e-06
7.06703247789e-09	4.97322776027e-06
7.08677279207e-09	7.71209874983e-06
7.10651310625e-09	9.08806805455e-06
7.12625342044e-09	8.38449113871e-06
7.14599373462e-09	5.51371454094e-06
7.16573404881e-09	1.02717177697e-06
7.18547436299e-09	-4.0792301661e-06
7.20521467717e-09	-8.67197741172e-06
7.22495499136e-09	-1.17864533422e-05
7.24469530554e-09	-1.28429960569e-05
7.26443561973e-09	-1.17378349387e-05
7.28417593391e-09	-8.8177471298e-06
7.3039162481e-09	-4.77389767184e-06
7.32365656228e-09	-4.846042998e-07
7.34339687646e-09	3.16861462579e-06
7.36313719065e-09	5.49315745957e-06
7.38287750483e-09	6.15392423242e-06
7.40261781902e-09	5.27283145857e-06
7.4223581332e-09	3.41121256042e-06
7.44209844738e-09	1.41355741334e-06
7.46183876157e-09	1.40302269358e-07
7.48157907575e-09	1.70083040985e-07
7.50131938994e-09	1.57938018219e-06
7.52105970412e-09	3.89211027141e-06
7.5408000183e-09	6.22915740678e-06
7.56054033249e-09	7.61107185099e-06
7.58028064667e-09	7.30153919903e-06
7.60002096086e-09	5.06564401803e-06
7.61976127504e-09	1.2505978475e-06
7.63950158922e-09	-3.32822469318e-06
7.65924190341e-09	-7.64210813031e-06
7.67898221759e-09	-1.07445994217e-05
7.69872253178e-09	-1.20112008517e-05
7.71846284596e-09	-1.12620505206e-05
7.73820316014e-09	-8.75810928846e-06
7.75794347433e-09	-5.10021754963e-06
7.77768378851e-09	-1.07410511418e-06
7.7974241027e-09	2.52117627042e-06
7.81716441688e-09	5.03582873534e-06
7.83690473106e-09	6.10484676145e-06
7.85664504525e-09	5.73276111027e-06
7.87638535943e-09	4.30044815403e-06
7.89612567362e-09	2.47126820341e-06
7.9158659878e-09	1.00152880123e-06
7.93560630198e-09	4.98502515711e-07
7.95534661617e-09	1.20211797139e-06
7.97508693035e-09	2.87561363166e-06
7.99482724454e-09	4.86009207634e-06
8.01456755872e-09	6.28817406323e-06
8.0343078729e-09	6.38643132334e-06
8.05404818709e-09	4.75745673612e-06
8.07378850127e-09	1.53559727778e-06
8.09352881546e-09	-2.64010247975e-06
8.11326912964e-09	-6.82056361256e-06
8.13300944382e-09	-1.00331990325e-05
8.15274975801e-09	-1.1556638583e-05
8.17249007219e-09	-1.10984565254e-05
8.19223038638e-09	-8.83496977622e-06
8.21197070056e-09	-5.32552621735e-06
8.23171101475e-09	-1.34648399808e-06
8.25145132893e-09	2.29912063787e-06
8.27119164311e-09	4.95452377436e-06
8.2909319573e-09	6.23776350039e-06
8.31067227148e-09	6.11199129708e-06
8.33041258567e-09	4.88550790578e-06
8.35015289985e-09	3.13305451982e-06
8.36989321403e-09	1.5416220549e-06
8.38963352822e-09	7.07652645815e-07
8.4093738424e-09	9.39681939371e-07
8.42911415659e-09	2.13533201077e-06
8.44885447077e-09	3.78939898837e-06
8.46859478495e-09	5.14667203788e-06
8.48833509914e-09	5.45895795767e-06
8.50807541332e-09	4.2574647523e-06
8.52781572751e-09	1.53954692905e-06
8.54755604169e-09	-2.20266383621e-06
8.56729635587e-09	-6.12312942394e-06
8.58703667006e-09	-9.28022154767e-06
8.60677698424e-09	-1.09171801341e-05
8.62651729843e-09	-1.06700558717e-05
8.64625761261e-09	-8.64233288667e-06
8.66599792679e-09	-5.34071409675e-06
8.68573824098e-09	-1.51117745872e-06
8.70547855516e-09	2.06155982596e-06
8.72521886935e-09	4.7351086323e-06
8.74495918353e-09	6.1341268065e-06
8.76469949771e-09	6.20612399871e-06
8.7844398119e-09	5.20821345162e-06
8.80418012608e-09	3.63133131032e-06
8.82392044027e-09	2.07139441954e-06
8.84366075445e-09	1.06690799839e-06
8.86340106863e-09	9.37985674909e-07
8.88314138282e-09	1.67436519405e-06
8.902881697e-09	2.91764445137e-06
8.92262201119e-09	4.06057210967e-06
8.94236232537e-09	4.44305533165e-06
8.96210263955e-09	3.58644456355e-06
8.98184295374e-09	1.38189022891e-06
9.00158326792e-09	-1.83926169939e-06
9.02132358211e-09	-5.3843925798e-06
9.04106389629e-09	-8.40277107272e-06
9.06080421047e-09	-1.0141425264e-05
9.08054452466e-09	-1.01650466604e-05
9.10028483884e-09	-8.46854118208e-06
9.12002515303e-09	-5.45571811017e-06
9.13976546721e-09	-1.80469066891e-06
9.15950578139e-09	1.72477558635e-06
9.17924609558e-09	4.48071909886e-06
9.19898640976e-09	6.0563088482e-06
9.21872672395e-09	6.35331775811e-06
9.23846703813e-09	5.5709008393e-06
9.25820735232e-09	4.13330781157e-06
9.2779476665e-09	2.57362887623e-06
9.29768798068e-09	1.39413424449e-06
9.31742829487e-09	9.2948477004e-07
9.33716860905e-09	1.24561336179e-06
9.35690892324e-09	2.10734208395e-06
9.37664923742e-09	3.03738181628e-06
9.3963895516e-09	3.46243245986e-06
9.41612986579e-09	2.90797800062e-06
9.43587017997e-09	1.17958342116e-06
9.45561049416e-09	-1.53714245243e-06
9.47535080834e-09	-4.70012514597e-06
9.49509112252e-09	-7.55845485401e-06
9.51483143671e-09	-9.37549384616e-06
9.53457175089e-09	-9.65233357419e-06
9.55431206508e-09	-8.274321317e-06
9.57405237926e-09	-5.53653171664e-06
9.59379269344e-09	-2.04618152111e-06
9.61353300763e-09	1.45632492377e-06
9.63327332181e-09	4.29562555837e-06
9.653013636e-09	6.01984834248e-06
9.67275395018e-09	6.48281275062e-06
9.69249426436e-09	5.84153121963e-06
9.71223457855e-09	4.48376476925e-06
9.73197489273e-09	2.91081767045e-06
9.75171520692e-09	1.60443516961e-06
9.7714555211e-09	9.03177095779e-07
9.79119583528e-09	9.13221839483e-07
9.81093614947e-09	1.47650973759e-06
9.83067646365e-09	2.21075845275e-06
9.85041677784e-09	2.62198568635e-06
9.87015709202e-09	2.26438680784e-06
9.8898974062e-09	9.03007276065e-07
9.90963772039e-09	-1.37724566684e-06
9.92937803457e-09	-4.16054558627e-06
9.94911834876e-09	-6.80131302033e-06
9.96885866294e-09	-8.60981981532e-06
9.98859897712e-09	-9.06260993361e-06
1.00083392913e-08	-7.9651354099e-06
1.00280796055e-08	-5.51220637135e-06
1.00478199197e-08	-2.22793755711e-06
1.00675602339e-08	1.18937595062e-06
1.0087300548e-08	4.06181811741e-06
1.01070408622e-08	5.90330751038e-06
1.01267811764e-08	6.52015023661e-06
1.01465214906e-08	6.02311888542e-06
1.01662618048e-08	4.76087325296e-06
1.0186002119e-08	3.20415097121e-06
1.02057424331e-08	1.81515991926e-06
1.02254827473e-08	9.30984526804e-07
1.02452230615e-08	6.84189416233e-07
1.02649633757e-08	9.74457520897e-07
1.02847036899e-08	1.49956963469e-06
1.03044440041e-08	1.84347766208e-06
1.03241843183e-08	1.60598108323e-06
1.03439246324e-08	5.41017669775e-07
1.03636649466e-08	-1.33827035143e-06
1.03834052608e-08	-3.72787906144e-06
1.0403145575e-08	-6.09516882832e-06
1.04228858892e-08	-7.8235930232e-06
1.04426262034e-08	-8.39698350319e-06
1.04623665175e-08	-7.56301255933e-06
1.04821068317e-08	-5.41863096259e-06
1.05018471459e-08	-2.38834866195e-06
1.05215874601e-08	8.96678955087e-07
1.05413277743e-08	3.77581898192e-06
1.05610680885e-08	5.73381475988e-06
1.05808084026e-08	6.52014705338e-06
1.06005487168e-08	6.18352123638e-06
1.0620289031e-08	5.02255602441e-06
1.06400293452e-08	3.47801426415e-06
1.06597696594e-08	2.00290196517e-06
1.06795099736e-08	9.45147405673e-07
1.06992502878e-08	4.67914006208e-07
1.07189906019e-08	5.20508052659e-07
1.07387309161e-08	8.63560813968e-07
1.07584712303e-08	1.14290298825e-06
1.07782115445e-08	9.98081134185e-07
1.07979518587e-08	1.81487806117e-07
1.08176921729e-08	-1.3450854226e-06
1.0837432487e-08	-3.36823177349e-06
1.08571728012e-08	-5.45698617316e-06
1.08769131154e-08	-7.07190315552e-06
1.08966534296e-08	-7.72102930569e-06
1.09163937438e-08	-7.11455822966e-06
1.0936134058e-08	-5.26562007508e-06
1.09558743721e-08	-2.50089635756e-06
1.09756146863e-08	6.24660856374e-07
1.09953550005e-08	3.48098376435e-06
1.10150953147e-08	5.53367908651e-06
1.10348356289e-08	6.47791330266e-06
1.10545759431e-08	6.29702481092e-06
1.10743162572e-08	5.23567405253e-06
1.10940565714e-08	3.70477073375e-06
1.11137968856e-08	2.1531997163e-06
1.11335371998e-08	9.45372590877e-07
1.1153277514e-08	2.75220415347e-07
1.11730178282e-08	1.32688704468e-07
1.11927581424e-08	3.24872161173e-07
1.12124984565e-08	5.43242236972e-07
1.12322387707e-08	4.60373115629e-07
1.12519790849e-08	-1.65181518241e-07
1.12717193991e-08	-1.40206361721e-06
1.12914597133e-08	-3.10228301714e-06
1.13112000275e-08	-4.91874925501e-06
1.13309403416e-08	-6.38722417534e-06
1.13506806558e-08	-7.05486218067e-06
1.137042097e-08	-6.61912577016e-06
1.13901612842e-08	-5.03240380567e-06
1.14099015984e-08	-2.53503208114e-06
1.14296419126e-08	3.98360967324e-07
1.14493822267e-08	3.18437878377e-06
1.14691225409e-08	5.28896430296e-06
1.14888628551e-08	6.36694767309e-06
1.15086031693e-08	6.34010257272e-06
1.15283434835e-08	5.39395819033e-06
1.15480837977e-08	3.90067748413e-06
1.15678241118e-08	2.29765748827e-06
1.1587564426e-08	9.62853221154e-07
1.16073047402e-08	1.20766777911e-07
1.16270450544e-08	-1.98939254403e-07
1.16467853686e-08	-1.4680581728e-07
1.16665256828e-08	7.8534543313e-09
1.1686265997e-08	-3.37550751794e-08
1.17060063111e-08	-5.04776039634e-07
1.17257466253e-08	-1.49392383264e-06
1.17454869395e-08	-2.90290222438e-06
1.17652272537e-08	-4.45478531219e-06
1.17849675679e-08	-5.75587137064e-06
1.18047078821e-08	-6.40007306174e-06
1.18244481962e-08	-6.08961750004e-06
1.18441885104e-08	-4.73538693768e-06
1.18639288246e-08	-2.50346886332e-06
1.18836691388e-08	2.12214587236e-07
1.1903409453e-08	2.88717990315e-06
1.19231497672e-08	5.00508144796e-06
1.19428900813e-08	6.19451452621e-06
1.19626303955e-08	6.32107753518e-06
1.19823707097e-08	5.50668687538e-06
1.20021110239e-08	4.07466654906e-06
1.20218513381e-08	2.44197451593e-06
1.20415916523e-08	9.95972641249e-07
1.20613319664e-08	-6.90510049139e-09
1.20810722806e-08	-4.94142909702e-07
1.21008125948e-08	-5.73004570015e-07
1.2120552909e-08	-4.77041908198e-07
1.21402932232e-08	-4.8245584594e-07
1.21600335374e-08	-8.18027160676e-07
1.21797738516e-08	-1.59005645628e-06
1.21995141657e-08	-2.74059937055e-06
1.22192544799e-08	-4.04964794143e-06
1.22389947941e-08	-5.18377851222e-06
1.22587351083e-08	-5.78208005209e-06
1.22784754225e-08	-5.56012173547e-06
1.22982157367e-08	-4.40288135906e-06
1.23179560508e-08	-2.41741611262e-06
1.2337696365e-08	7.53493694106e-08
1.23574366792e-08	2.61278796643e-06
1.23771769934e-08	4.70810277875e-06
1.23969173076e-08	5.97853818363e-06
1.24166576218e-08	6.24402855465e-06
1.24363979359e-08	5.5656605582e-06
1.24561382501e-08	4.21312256549e-06
1.24758785643e-08	2.57454894381e-06
1.24956188785e-08	1.03956659814e-06
1.25153591927e-08	-1.06784320053e-07
1.25350995069e-08	-7.49124467347e-07
1.2554839821e-08	-9.50823704216e-07
1.25745801352e-08	-9.10868379833e-07
1.25943204494e-08	-8.8626521233e-07
1.26140607636e-08	-1.10412304366e-06
1.26338010778e-08	-1.68713535231e-06
1.2653541392e-08	-2.61061700257e-06
1.26732817062e-08	-3.70052953258e-06
1.26930220203e-08	-4.67327799925e-06
1.27127623345e-08	-5.2090031204e-06
1.27325026487e-08	-5.04182503391e-06
1.27522429629e-08	-4.04394336329e-06
1.27719832771e-08	-2.27895884564e-06
1.27917235913e-08	-5.75062131247e-09
1.28114639054e-08	2.37356857724e-06
1.28312042196e-08	4.41055226474e-06
1.28509445338e-08	5.72568978896e-06
1.2870684848e-08	6.10728875472e-06
1.28904251622e-08	5.56287636755e-06
1.29101654764e-08	4.30715408584e-06
1.29299057905e-08	2.69112024398e-06
1.29496461047e-08	1.09634191858e-06
1.29693864189e-08	-1.71533606874e-07
1.29891267331e-08	-9.57308571969e-07
1.30088670473e-08	-1.27966688979e-06
1.30286073615e-08	-1.30074880644e-06
1.30483476757e-08	-1.25668157125e-06
1.30680879898e-08	-1.37248878218e-06
1.3087828304e-08	-1.7866456119e-06
1.31075686182e-08	-2.50479126862e-06
1.31273089324e-08	-3.39309042374e-06
1.31470492466e-08	-4.21099935011e-06
1.31667895608e-08	-4.67528025183e-06
1.31865298749e-08	-4.53999064121e-06
1.32062701891e-08	-3.67218740394e-06
1.32260105033e-08	-2.10353130115e-06
1.32457508175e-08	-4.12583673892e-08
1.32654911317e-08	2.16867863401e-06
1.32852314459e-08	4.12030158259e-06
1.330497176e-08	5.44823501514e-06
1.33247120742e-08	5.92184687775e-06
1.33444523884e-08	5.50419326828e-06
1.33641927026e-08	4.35684046352e-06
1.33839330168e-08	2.78812251508e-06
1.3403673331e-08	1.16196116551e-06
1.34234136451e-08	-2.04369570156e-07
1.34431539593e-08	-1.1210527191e-06
1.34628942735e-08	-1.56233556936e-06
1.34826345877e-08	-1.65064591329e-06
1.35023749019e-08	-1.59789561849e-06
1.35221152161e-08	-1.62507740242e-06
1.35418555303e-08	-1.88568031945e-06
1.35615958444e-08	-2.41491477482e-06
1.35813361586e-08	-3.11648341267e-06
1.36010764728e-08	-3.78842059945e-06
1.3620816787e-08	-4.17971091338e-06
1.36405571012e-08	-4.06258186558e-06
1.36602974154e-08	-3.30221996592e-06
1.36800377295e-08	-1.90631624264e-06
1.36997780437e-08	-4.01394757432e-08
1.37195183579e-08	1.99965461434e-06
1.37392586721e-08	3.84882491744e-06
1.37589989863e-08	5.16244108439e-06
1.37787393005e-08	5.70179463466e-06
1.37984796146e-08	5.39616712558e-06
1.38182199288e-08	4.35959918832e-06
1.3837960243e-08	2.85655391963e-06
1.38577005572e-08	1.22604217268e-06
1.38774408714e-08	-2.12550659739e-07
1.38971811856e-08	-1.24249828559e-06
1.39169214997e-08	-1.79691693347e-06
1.39366618139e-08	-1.95736731712e-06
1.39564021281e-08	-1.90790922261e-06
1.39761424423e-08	-1.86166568028e-06
1.39958827565e-08	-1.98472787361e-06
1.40156230707e-08	-2.34028777868e-06
1.40353633849e-08	-2.86797671833e-06
1.4055103699e-08	-3.40185147252e-06
1.40748440132e-08	-3.71995849946e-06
1.40945843274e-08	-3.61092941148e-06
1.41143246416e-08	-2.93961386433e-06
1.41340649558e-08	-1.69522377291e-06
1.415380527e-08	-8.95474983054e-09
1.41735455841e-08	1.8646976514e-06
1.41932858983e-08	3.6004400954e-06
1.42130262125e-08	4.87723309561e-06
1.42327665267e-08	5.45690363651e-06
1.42525068409e-08	5.2451296142e-06
1.42722471551e-08	4.31602893514e-06
1.42919874692e-08	2.8917598911e-06
1.43117277834e-08	1.2816123558e-06
1.43314680976e-08	-2.01770191666e-07
1.43512084118e-08	-1.32381495632e-06
1.4370948726e-08	-1.982171284e-06
1.43906890402e-08	-2.21840844006e-06
1.44104293543e-08	-2.18538002628e-06
1.44301696685e-08	-2.08325207041e-06
1.44499099827e-08	-2.08606763863e-06
1.44696502969e-08	-2.2822569008e-06
1.44893906111e-08	-2.64607774625e-06
1.45091309253e-08	-3.04683578634e-06
1.45288712395e-08	-3.29080603478e-06
1.45486115536e-08	-3.18232571317e-06
1.45683518678e-08	-2.58655165908e-06
1.4588092182e-08	-1.47718998278e-06
1.46078324962e-08	4.34127649385e-08
1.46275728104e-08	1.75720754214e-06
1.46473131246e-08	3.3743400536e-06
1.46670534387e-08	4.59835450783e-06
1.46867937529e-08	5.19716127201e-06
1.47065340671e-08	5.06116043653e-06
1.47262743813e-08	4.23221626988e-06
1.47460146955e-08	2.89383422114e-06
1.47657550097e-08	1.32355341975e-06
1.47854953238e-08	-1.79527262389e-07
1.4805235638e-08	-1.37154665936e-06
1.48249759522e-08	-2.12164979985e-06
1.48447162664e-08	-2.43408248934e-06
1.48644565806e-08	-2.42867520228e-06
1.48841968948e-08	-2.28785529544e-06
1.4903937209e-08	-2.1883519139e-06
1.49236775231e-08	-2.23979338898e-06
1.49434178373e-08	-2.44924467552e-06
1.49631581515e-08	-2.7209473501e-06
1.49828984657e-08	-2.8896204185e-06
1.50026387799e-08	-2.77556421224e-06
1.50223790941e-08	-2.24488383083e-06
1.50421194082e-08	-1.25744514889e-06
1.50618597224e-08	1.09991056263e-07
1.50816000366e-08	1.67150517427e-06
1.51013403508e-08	3.16914122322e-06
1.5121080665e-08	4.33017476098e-06
1.51408209792e-08	4.93142420055e-06
1.51605612933e-08	4.85415671392e-06
1.51803016075e-08	4.11503606301e-06
1.52000419217e-08	2.86385557047e-06
1.52197822359e-08	1.34708716359e-06
1.52395225501e-08	-1.54041757128e-07
1.52592628643e-08	-1.39368813734e-06
1.52790031784e-08	-2.22003052386e-06
1.52987434926e-08	-2.60461774815e-06
1.53184838068e-08	-2.63469496531e-06
1.5338224121e-08	-2.47141622367e-06
1.53579644352e-08	-2.28855753903e-06
1.53777047494e-08	-2.21178538595e-06
1.53974450636e-08	-2.27770374295e-06
1.54171853777e-08	-2.42453234023e-06
1.54369256919e-08	-2.51608287272e-06
1.54566660061e-08	-2.3900256565e-06
1.54764063203e-08	-1.9147794319e-06
1.54961466345e-08	-1.03797384554e-06
1.55158869487e-08	1.86929497659e-07
1.55356272628e-08	1.60344336564e-06
1.5555367577e-08	2.98261772969e-06
1.55751078912e-08	4.07409515901e-06
1.55948482054e-08	4.66493679596e-06
1.56145885196e-08	4.63144624518e-06
1.56343288338e-08	3.97097232963e-06
1.56540691479e-08	2.80483379811e-06
1.56738094621e-08	1.35049981509e-06
1.56935497763e-08	-1.30735834603e-07
1.57132900905e-08	-1.39700784985e-06
1.57330304047e-08	-2.28261149005e-06
1.57527707189e-08	-2.73220098279e-06
1.5772511033e-08	-2.80238361938e-06
1.57922513472e-08	-2.6308980523e-06
1.58119916614e-08	-2.38354709836e-06
1.58317319756e-08	-2.19631499476e-06
1.58514722898e-08	-2.13096700463e-06
1.5871212604e-08	-2.15786201352e-06
1.58909529182e-08	-2.17039723793e-06
1.59106932323e-08	-2.02547028039e-06
1.59304335465e-08	-1.59602785743e-06
1.59501738607e-08	-8.19578161781e-07
1.59699141749e-08	2.71995858725e-07
1.59896544891e-08	1.5496513015e-06
1.60093948033e-08	2.81178188288e-06
1.60291351174e-08	3.82947553135e-06
1.60488754316e-08	4.40051212536e-06
1.60686157458e-08	4.39887708126e-06
1.608835606e-08	3.80685582968e-06
1.61080963742e-08	2.72170620974e-06
1.61278366884e-08	1.3347215031e-06
1.61475770025e-08	-1.1322500626e-07
1.61673173167e-08	-1.38801863159e-06
1.61870576309e-08	-2.31615388202e-06
1.62067979451e-08	-2.82118242012e-06
1.62265382593e-08	-2.93248263006e-06
1.62462785735e-08	-2.76392165688e-06
1.62660188876e-08	-2.46947752203e-06
1.62857592018e-08	-2.18993397993e-06
1.6305499516e-08	-2.00711099296e-06
1.63252398302e-08	-1.92055210846e-06
1.63449801444e-08	-1.85312308076e-06
1.63647204586e-08	-1.68269605183e-06
1.63844607728e-08	-1.28942895117e-06
1.64042010869e-08	-6.03297849011e-07
1.64239414011e-08	3.63433727557e-07
1.64436817153e-08	1.50788372366e-06
1.64634220295e-08	2.65471226157e-06
1.64831623437e-08	3.59578689313e-06
1.65029026579e-08	4.14006126448e-06
1.6522642972e-08	4.16079728893e-06
1.65423832862e-08	3.628199579e-06
1.65621236004e-08	2.61920433786e-06
1.65818639146e-08	1.30160958633e-06
1.66016042288e-08	-1.03477010072e-07
1.6621344543e-08	-1.37194712124e-06
1.66410848571e-08	-2.32713375681e-06
1.66608251713e-08	-2.87681177724e-06
1.66805654855e-08	-3.02708542677e-06
1.67003057997e-08	-2.86900126412e-06
1.67200461139e-08	-2.54252711329e-06
1.67397864281e-08	-2.18834429688e-06
1.67595267423e-08	-1.90318490922e-06
1.67792670564e-08	-1.71191021536e-06
1.67990073706e-08	-1.5653013179e-06
1.68187476848e-08	-1.36342009682e-06
1.6838487999e-08	-9.96562334876e-07
1.68582283132e-08	-3.90169574871e-07
1.68779686274e-08	4.605219317e-07
1.68977089415e-08	1.47723341115e-06
1.69174492557e-08	2.51036487953e-06
1.69371895699e-08	3.37258040872e-06
1.69569298841e-08	3.88445528188e-06
1.69766701983e-08	3.91987941839e-06
1.69964105125e-08	3.43911779055e-06
1.70161508266e-08	2.50138498359e-06
1.70358911408e-08	1.25353813019e-06
1.7055631455e-08	-1.01979999556e-07
1.70753717692e-08	-1.35226946441e-06
1.70951120834e-08	-2.32078480167e-06
1.71148523976e-08	-2.90416994631e-06
1.71345927117e-08	-3.08929622861e-06
1.71543330259e-08	-2.94637266052e-06
1.71740733401e-08	-2.60016361153e-06
1.71938136543e-08	-2.1877403924e-06
1.72135539685e-08	-1.8157188606e-06
1.72332942827e-08	-1.52997773739e-06
1.72530345969e-08	-1.30698049361e-06
1.7272774911e-08	-1.06919310383e-06
1.72925152252e-08	-7.19359292134e-07
1.73122555394e-08	-1.81773849306e-07
1.73319958536e-08	5.62326619047e-07
1.73517361678e-08	1.45726750134e-06
1.7371476482e-08	2.37843391915e-06
1.73912167961e-08	3.1596447343e-06
1.74109571103e-08	3.63413744253e-06
1.74306974245e-08	3.67776078747e-06
1.74504377387e-08	3.242511184e-06
1.74701780529e-08	2.37180154272e-06
1.74899183671e-08	1.19333986959e-06
1.75096586812e-08	-1.08084051931e-07
1.75293989954e-08	-1.33111308287e-06
1.75491393096e-08	-2.30154125802e-06
1.75688796238e-08	-2.90836271688e-06
1.7588619938e-08	-3.12300574024e-06
1.76083602522e-08	-2.99732835174e-06
1.76281005663e-08	-2.64094273916e-06
1.76478408805e-08	-2.18470654545e-06
1.76675811947e-08	-1.74092184579e-06
1.76873215089e-08	-1.37204051498e-06
1.77070618231e-08	-1.07724264353e-06
1.77268021373e-08	-8.009159842e-07
1.77465424515e-08	-4.59843633394e-07
1.77662827656e-08	1.96981453371e-08
1.77860230798e-08	6.67222565198e-07
1.7805763394e-08	1.44720047501e-06
1.78255037082e-08	2.25893029437e-06
1.78452440224e-08	2.95755421575e-06
1.78649843366e-08	3.39005441674e-06
1.78847246507e-08	3.43583269569e-06
1.79044649649e-08	3.04039224375e-06
1.79242052791e-08	2.23290510348e-06
1.79439455933e-08	1.12324642032e-06
1.79636859075e-08	-1.20724799046e-07
1.79834262217e-08	-1.30947881871e-06
1.80031665358e-08	-2.27256339258e-06
1.802290685e-08	-2.89386082386e-06
1.80426471642e-08	-3.13239706884e-06
1.80623874784e-08	-3.02410808217e-06
1.80821277926e-08	-2.66434710738e-06
1.81018681068e-08	-2.17642252665e-06
1.81216084209e-08	-1.67497836401e-06
1.81413487351e-08	-1.2349038343e-06
1.81610890493e-08	-8.74697946074e-07
1.81808293635e-08	-5.59073015438e-07
1.82005696777e-08	-2.19821842506e-07
1.82203099919e-08	2.12049990012e-07
1.82400503061e-08	7.73419003508e-07
1.82597906202e-08	1.44609168728e-06
1.82795309344e-08	2.15175964513e-06
1.82992712486e-08	2.76690229839e-06
1.83190115628e-08	3.15333795697e-06
1.8338751877e-08	3.19567459428e-06
1.83584921912e-08	2.83457075057e-06
1.83782325053e-08	2.08655399092e-06
1.83979728195e-08	1.04477692275e-06
1.84177131337e-08	-1.392397877e-07
1.84374534479e-08	-1.287961652e-06
1.84571937621e-08	-2.23590734549e-06
1.84769340763e-08	-2.86389342818e-06
1.84966743904e-08	-3.12098552513e-06
1.85164147046e-08	-3.02935961827e-06
1.85361550188e-08	-2.67115331098e-06
1.8555895333e-08	-2.16139358145e-06
1.85756356472e-08	-1.6147344013e-06
1.85953759614e-08	-1.11507529255e-06
1.86151162756e-08	-6.96875247286e-07
1.86348565897e-08	-3.43181767448e-07
1.86545969039e-08	-7.24911686234e-10
1.86743372181e-08	3.92893539924e-07
1.86940775323e-08	8.7870202492e-07
1.87138178465e-08	1.45267893004e-06
1.87335581607e-08	2.05684841603e-06
1.87532984748e-08	2.58848911017e-06
1.8773038789e-08	2.925219178e-06
1.87927791032e-08	2.95861923405e-06
1.88125194174e-08	2.62647461113e-06
1.88322597316e-08	1.934229374e-06
1.88520000458e-08	9.59291526215e-07
1.88717403599e-08	-1.6282420745e-07
1.88914806741e-08	-1.26684955148e-06
1.89112209883e-08	-2.19320543238e-06
1.89309613025e-08	-2.8211903782e-06
1.89507016167e-08	-3.09191295855e-06
1.89704419309e-08	-3.01566785765e-06
1.8990182245e-08	-2.66247548097e-06
1.90099225592e-08	-2.13890473333e-06
1.90296628734e-08	-1.55784647404e-06
1.90494031876e-08	-1.00946817838e-06
1.90691435018e-08	-5.41118311048e-07
1.9088883816e-08	-1.51920296787e-07
1.91086241302e-08	1.97049878636e-07
1.91283644443e-08	5.60360064128e-07
1.91481047585e-08	9.80643449111e-07
1.91678450727e-08	1.46503850829e-06
1.91875853869e-08	1.97347196718e-06
1.92073257011e-08	2.42288842855e-06
1.92270660153e-08	2.70715520401e-06
1.92468063294e-08	2.72641705124e-06
1.92665466436e-08	2.41769032527e-06
1.92862869578e-08	1.77714844085e-06
1.9306027272e-08	8.67620002509e-07
1.93257675862e-08	-1.91051391596e-07
1.93455079004e-08	-1.24635266729e-06
1.93652482145e-08	-2.14556973788e-06
1.93849885287e-08	-2.7678454444e-06
1.94047288429e-08	-3.04787965888e-06
1.94244691571e-08	-2.9855525554e-06
1.94442094713e-08	-2.6397522106e-06
1.94639497855e-08	-2.10871212403e-06
1.94836900996e-08	-1.50252122921e-06
1.95034304138e-08	-9.15329138707e-07
1.9523170728e-08	-4.04769579632e-07
1.95429110422e-08	1.63037432444e-08
1.95626513564e-08	3.73581727331e-07
1.95823916706e-08	7.13167793265e-07
1.96021319848e-08	1.07721808718e-06
1.96218722989e-08	1.48124854604e-06
1.96416126131e-08	1.90045687987e-06
1.96613529273e-08	2.27009957143e-06
1.96810932415e-08	2.50023390436e-06
1.97008335557e-08	2.50084826803e-06
1.97205738699e-08	2.21008042445e-06
1.9740314184e-08	1.61677695587e-06
1.97600544982e-08	7.70567652353e-07
1.97797948124e-08	-2.23854456749e-07
1.97995351266e-08	-1.22704227579e-06
1.98192754408e-08	-2.09410472962e-06
1.9839015755e-08	-2.70545649528e-06
1.98587560691e-08	-2.99083365007e-06
1.98784963833e-08	-2.94099629627e-06
1.98982366975e-08	-2.60451520262e-06
1.99179770117e-08	-2.07128960028e-06
1.99377173259e-08	-1.44776743127e-06
1.99574576401e-08	-8.30494713e-07
1.99771979542e-08	-2.85175957515e-07
1.99969382684e-08	1.63613186999e-07
2.00166785826e-08	5.29613771505e-07
2.00364188968e-08	8.50494501492e-07
2.0056159211e-08	1.16653416171e-06
2.00758995252e-08	1.49920361991e-06
2.00956398394e-08	1.83645192919e-06
2.01153801535e-08	2.12992893012e-06
2.01351204677e-08	2.30537000334e-06
2.01548607819e-08	2.28347801112e-06
2.01746010961e-08	2.00532417693e-06
2.01943414103e-08	1.45450627542e-06
2.02140817245e-08	6.68996079867e-07
2.02338220386e-08	-2.61001304125e-07
2.02535623528e-08	-1.20931974834e-06
2.0273302667e-08	-2.03987144687e-06
2.02930429812e-08	-2.63559752511e-06
2.03127832954e-08	-2.92265553981e-06
2.03325236096e-08	-2.88380192615e-06
2.03522639237e-08	-2.55801296589e-06
2.03720042379e-08	-2.0270041432e-06
2.03917445521e-08	-1.39292188805e-06
2.04114848663e-08	-7.53361348416e-07
2.04312251805e-08	-1.80253401538e-07
2.04509654947e-08	2.91950883025e-07
2.04707058089e-08	6.6630215656e-07
2.0490446123e-08	9.72305713276e-07
2.05101864372e-08	1.24740881802e-06
2.05299267514e-08	1.51707320128e-06
2.05496670656e-08	1.77972810889e-06
2.05694073798e-08	2.00152044272e-06
2.0589147694e-08	2.1229182039e-06
2.06088880081e-08	2.07569587474e-06
2.06286283223e-08	1.80532555305e-06
2.06483686365e-08	1.29202823018e-06
2.06681089507e-08	5.63890750982e-07
2.06878492649e-08	-3.02357136661e-07
2.07075895791e-08	-1.19380916885e-06
2.07273298932e-08	-1.9839859533e-06
2.07470702074e-08	-2.55968552665e-06
2.07668105216e-08	-2.84486884539e-06
2.07865508358e-08	-2.81544021163e-06
2.080629115e-08	-2.50144057645e-06
2.08260314642e-08	-1.9764109993e-06
2.08457717783e-08	-1.33765598775e-06
2.08655120925e-08	-6.82670048491e-07
2.08852524067e-08	-8.81190480584e-08
2.09049927209e-08	4.03231098289e-07
2.09247330351e-08	7.84983910762e-07
2.09444733493e-08	1.07887660761e-06
2.09642136635e-08	1.31897905931e-06
2.09839539776e-08	1.53329227714e-06
2.10036942918e-08	1.72867657966e-06
2.1023434606e-08	1.88385195088e-06
2.10431749202e-08	1.95287395854e-06
2.10629152344e-08	1.87850895372e-06
2.10826555486e-08	1.61167832857e-06
2.11023958627e-08	1.13098525389e-06
2.11221361769e-08	4.56423492778e-07
2.11418764911e-08	-3.47544585111e-07
2.11616168053e-08	-1.18094180834e-06
2.11813571195e-08	-1.92752804651e-06
2.12010974337e-08	-2.47916614171e-06
2.12208377478e-08	-2.75901436453e-06
2.1240578062e-08	-2.73730404388e-06
2.12603183762e-08	-2.43577960646e-06
2.12800586904e-08	-1.91992518239e-06
2.12997990046e-08	-1.28169853042e-06
2.13195393188e-08	-6.17451291873e-07
2.13392796329e-08	-7.29822957624e-09
2.13590199471e-08	4.99104800156e-07
2.13787602613e-08	8.86966432745e-07
2.13985005755e-08	1.17080753625e-06
2.14182408897e-08	1.38093639634e-06
2.14379812039e-08	1.54673892894e-06
2.14577215181e-08	1.68181492199e-06
2.14774618322e-08	1.77571183713e-06
2.14972021464e-08	1.79478342943e-06
2.15169424606e-08	1.69246663972e-06
2.15366827748e-08	1.42574305073e-06
2.1556423089e-08	9.73043029262e-07
2.15761634032e-08	3.47925521282e-07
2.15959037173e-08	-3.95977721723e-07
2.16156440315e-08	-1.17105508934e-06
2.16353843457e-08	-1.87156149423e-06
2.16551246599e-08	-2.3954835342e-06
2.16748649741e-08	-2.66657684733e-06
2.16946052883e-08	-2.65064682026e-06
2.17143456024e-08	-2.36192488501e-06
2.17340859166e-08	-1.85797705399e-06
2.17538262308e-08	-1.22487745102e-06
2.1773566545e-08	-5.56944144137e-07
2.17933068592e-08	6.34850536585e-08
2.18130471734e-08	5.81047288506e-07
2.18327874875e-08	9.73589521891e-07
2.18525278017e-08	1.24883206354e-06
2.18722681159e-08	1.43320130519e-06
2.18920084301e-08	1.55656323386e-06
2.19117487443e-08	1.63788553209e-06
2.19314890585e-08	1.67589809053e-06
2.19512293727e-08	1.64803964253e-06
2.19709696868e-08	1.51777436486e-06
2.1990710001e-08	1.24851578676e-06
2.20104503152e-08	8.19610818326e-07
2.20301906294e-08	2.39748089825e-07
2.20499309436e-08	-4.46897331585e-07
2.20696712578e-08	-1.16417714935e-06
2.20894115719e-08	-1.8169176883e-06
2.21091518861e-08	-2.31002638884e-06
2.21288922003e-08	-2.56909186191e-06
2.21486325145e-08	-2.5568114097e-06
2.21683728287e-08	-2.28078692999e-06
2.21881131429e-08	-1.79088630148e-06
2.2207853457e-08	-1.16697788144e-06
2.22275937712e-08	-5.00435419326e-07
2.22473340854e-08	1.25330807066e-07
2.22670743996e-08	6.50358373377e-07
2.22868147138e-08	1.04600911754e-06
2.2306555028e-08	1.31373269596e-06
2.23262953422e-08	1.47591987343e-06
2.23460356563e-08	1.56226769832e-06
2.23657759705e-08	1.59588080351e-06
2.23855162847e-08	1.58333790523e-06
2.24052565989e-08	1.51185167852e-06
2.24249969131e-08	1.35433748483e-06
2.24447372273e-08	1.08063551352e-06
2.24644775414e-08	6.7187067998e-07
2.24842178556e-08	1.33178026829e-07
2.25039581698e-08	-4.99354740668e-07
2.2523698484e-08	-1.16012597573e-06
2.25434387982e-08	-1.76422906861e-06
2.25631791124e-08	-2.22404025862e-06
2.25829194265e-08	-2.46807780968e-06
2.26026597407e-08	-2.45715591518e-06
2.26224000549e-08	-2.19326580009e-06
2.26421403691e-08	-1.71902428292e-06
2.26618806833e-08	-1.10779006945e-06
2.26816209975e-08	-4.47236203627e-07
2.27013613116e-08	1.79228123898e-07
2.27211016258e-08	7.08178021114e-07
2.274084194e-08	1.10533028419e-06
2.27605822542e-08	1.3662784113e-06
2.27803225684e-08	1.50937268018e-06
2.28000628826e-08	1.56355241643e-06
2.28198031968e-08	1.55502465304e-06
2.28395435109e-08	1.49702560748e-06
2.28592838251e-08	1.38546255357e-06
2.28790241393e-08	1.2018548432e-06
2.28987644535e-08	9.22440335671e-07
2.29185047677e-08	5.30720910774e-07
2.29382450819e-08	2.93462054657e-08
2.2957985396e-08	-5.52413439436e-07
2.29777257102e-08	-1.15851224791e-06
2.29974660244e-08	-1.71386602688e-06
2.30172063386e-08	-2.13854673348e-06
2.30369466528e-08	-2.3649497507e-06
2.3056686967e-08	-2.35309767049e-06
2.30764272811e-08	-2.10038820114e-06
2.30961675953e-08	-1.64279924775e-06
2.31159079095e-08	-1.04714217741e-06
2.31356482237e-08	-3.96686132831e-07
2.31553885379e-08	2.26147385263e-07
2.31751288521e-08	7.55564144583e-07
2.31948691662e-08	1.15253163813e-06
2.32146094804e-08	1.40722619335e-06
2.32343497946e-08	1.53390413971e-06
2.32540901088e-08	1.5602462895e-06
2.3273830423e-08	1.51473244614e-06
2.32935707372e-08	1.41614833638e-06
2.33133110514e-08	1.26806600065e-06
2.33330513655e-08	1.0599073903e-06
2.33527916797e-08	7.74086146293e-07
2.33725319939e-08	3.96821107529e-07
2.33922723081e-08	-7.07960658985e-08
2.34120126223e-08	-6.05200824566e-07
2.34317529365e-08	-1.1588492157e-06
2.34514932506e-08	-1.66594799111e-06
2.34712335648e-08	-2.05437265777e-06
2.3490973879e-08	-2.26095073685e-06
2.35107141932e-08	-2.24596783482e-06
2.35304545074e-08	-2.00325416699e-06
2.35501948216e-08	-1.56277758379e-06
2.35699351357e-08	-9.84938822057e-07
2.35896754499e-08	-3.48158849306e-07
2.36094157641e-08	2.6706021572e-07
2.36291560783e-08	7.93588156967e-07
2.36488963925e-08	1.188547742e-06
2.36686367067e-08	1.43724770396e-06
2.36883770208e-08	1.54985480094e-06
2.3708117335e-08	1.55231094823e-06
2.37278576492e-08	1.47457609501e-06
2.37475979634e-08	1.34002078767e-06
2.37673382776e-08	1.1589450537e-06
2.37870785918e-08	9.28004737943e-07
2.3806818906e-08	6.35493137224e-07
2.38265592201e-08	2.70607017683e-07
2.38462995343e-08	-1.6646647083e-07
2.38660398485e-08	-6.56875613458e-07
2.38857801627e-08	-1.16060533628e-06
2.39055204769e-08	-1.62050008612e-06
2.39252607911e-08	-1.97211147679e-06
2.39450011052e-08	-2.15713725993e-06
2.39647414194e-08	-2.13700491258e-06
2.39844817336e-08	-1.90294042568e-06
2.40042220478e-08	-1.47960344066e-06
2.4023962362e-08	-9.21245799645e-07
2.40437026762e-08	-3.01151061421e-07
2.40634429903e-08	3.02862815715e-07
2.40831833045e-08	8.23326445243e-07
2.41029236187e-08	1.21438085898e-06
2.41226639329e-08	1.45705348586e-06
2.41424042471e-08	1.55754554498e-06
2.41621445613e-08	1.53969136818e-06
2.41818848754e-08	1.43418486687e-06
2.42016251896e-08	1.26807822198e-06
2.42213655038e-08	1.05749217028e-06
2.4241105818e-08	8.05661414915e-07
2.42608461322e-08	5.06505386966e-07
2.42805864464e-08	1.52290603239e-07
2.43003267606e-08	-2.57112404256e-07
2.43200670747e-08	-7.06735505673e-07
2.43398073889e-08	-1.16322047461e-06
2.43595477031e-08	-1.57736945994e-06
2.43792880173e-08	-1.89213983504e-06
2.43990283315e-08	-2.05438925605e-06
2.44187686457e-08	-2.02736714527e-06
2.44385089598e-08	-1.80052069254e-06
2.4458249274e-08	-1.39398349575e-06
2.44779895882e-08	-8.56227245549e-07
2.44977299024e-08	-2.55258484572e-07
2.45174702166e-08	3.34414167469e-07
2.45372105308e-08	8.45803469929e-07
2.45569508449e-08	1.23099999882e-06
2.45766911591e-08	1.46736493889e-06
2.45964314733e-08	1.55734886675e-06
2.46161717875e-08	1.52239186946e-06
2.46359121017e-08	1.39326419912e-06
2.46556524159e-08	1.19980143154e-06
2.46753927301e-08	9.63138404586e-07
2.46951330442e-08	6.92419575898e-07
2.47148733584e-08	3.86870453895e-07
2.47346136726e-08	4.19614956115e-08
2.47543539868e-08	-3.42321413882e-07
2.4774094301e-08	-7.54190267571e-07
2.47938346152e-08	-1.16616826062e-06
2.48135749293e-08	-1.53634130129e-06
2.48333152435e-08	-1.81470892358e-06
2.48530555577e-08	-1.95341658582e-06
2.48727958719e-08	-1.91801547089e-06
2.48925361861e-08	-1.69697318597e-06
2.49122765003e-08	-1.306651086e-06
2.49320168144e-08	-7.90156747144e-07
2.49517571286e-08	-2.10212618867e-07
2.49714974428e-08	3.62406410659e-07
2.4991237757e-08	8.61998245227e-07
2.50109780712e-08	1.23941930497e-06
2.50307183854e-08	1.46900799791e-06
2.50504586995e-08	1.54969529831e-06
2.50701990137e-08	1.50043592839e-06
2.50899393279e-08	1.3514809325e-06
2.51096796421e-08	1.1347030977e-06
2.51294199563e-08	8.75352981211e-07
2.51491602705e-08	5.87855083722e-07
2.51689005847e-08	2.76371437735e-07
2.51886408988e-08	-6.03582002157e-08
2.5208381213e-08	-4.21842841547e-07
2.52281215272e-08	-7.98836964577e-07
2.52478618414e-08	-1.16902180025e-06
2.52676021556e-08	-1.49713122255e-06
2.52873424698e-08	-1.73989855057e-06
2.53070827839e-08	-1.85471543546e-06
2.53268230981e-08	-1.80979952802e-06
2.53465634123e-08	-1.59325952609e-06
2.53663037265e-08	-1.21836006883e-06
2.53860440407e-08	-7.2336635526e-07
2.54057843549e-08	-1.65844511457e-07
2.5425524669e-08	3.87474628383e-07
2.54452649832e-08	8.72832430332e-07
2.54650052974e-08	1.24060318285e-06
2.54847456116e-08	1.4627546534e-06
2.55044859258e-08	1.53508591438e-06
2.552422624e-08	1.47392455574e-06
2.55439665541e-08	1.30862122205e-06
2.55637068683e-08	1.07230681579e-06
2.55834471825e-08	7.93601941496e-07
2.56031874967e-08	4.91514327905e-07
2.56229278109e-08	1.74756955573e-07
2.56426681251e-08	-1.54696415677e-07
2.56624084393e-08	-4.95508658105e-07
2.56821487534e-08	-8.40361025212e-07
2.57018890676e-08	-1.17141019018e-06
2.57216293818e-08	-1.45950650676e-06
2.5741369696e-08	-1.66772190369e-06
2.57611100102e-08	-1.75862606966e-06
2.57808503244e-08	-1.70338120142e-06
2.58005906385e-08	-1.49022150708e-06
2.58203309527e-08	-1.12986509748e-06
2.58400712669e-08	-6.56267076238e-07
2.58598115811e-08	-1.22073508635e-07
2.58795518953e-08	4.10164474829e-07
2.58992922095e-08	8.79134688603e-07
2.59190325236e-08	1.23544350572e-06
2.59387728378e-08	1.44939525626e-06
2.5958513152e-08	1.51403366999e-06
2.59782534662e-08	1.44307745131e-06
2.59979937804e-08	1.26454995097e-06
2.60177340946e-08	1.01222337889e-06
2.60374744087e-08	7.17337030665e-07
2.60572147229e-08	4.02857835979e-07
2.60769550371e-08	8.16743437326e-08
2.60966953513e-08	-2.41124830325e-07
2.61164356655e-08	-5.63109011864e-07
2.61361759797e-08	-8.78414510908e-07
2.61559162939e-08	-1.17305216918e-06
2.6175656608e-08	-1.42331748521e-06
2.61953969222e-08	-1.598220706e-06
2.62151372364e-08	-1.66543014757e-06
2.62348775506e-08	-1.59923666843e-06
2.62546178648e-08	-1.3884447867e-06
2.6274358179e-08	-1.04180134031e-06
2.62940984931e-08	-5.89337588508e-07
2.63138388073e-08	-7.90382124194e-08
2.63335791215e-08	4.3081384149e-07
2.63533194357e-08	8.81672519881e-07
2.63730597499e-08	1.22494145671e-06
2.63928000641e-08	1.4298196902e-06
2.64125403782e-08	1.48709659697e-06
2.64322806924e-08	1.40802768556e-06
2.64520210066e-08	1.21906964523e-06
2.64717613208e-08	9.54070515036e-07
2.6491501635e-08	6.46128768267e-07
2.65112419492e-08	3.21493658362e-07
2.65309822634e-08	-3.20869197878e-09
2.65507225775e-08	-3.19843053376e-07
2.65704628917e-08	-6.24670462912e-07
2.65902032059e-08	-9.12825726118e-07
2.66099435201e-08	-1.17361031471e-06
2.66296838343e-08	-1.38826629836e-06
2.66494241485e-08	-1.53132629066e-06
2.66691644626e-08	-1.57535765766e-06
2.66889047768e-08	-1.49787825876e-06
2.6708645091e-08	-1.28857971049e-06
2.67283854052e-08	-9.54710145606e-07
2.67481257194e-08	-5.22920998947e-07
2.67678660336e-08	-3.67599266582e-08
2.67876063477e-08	4.49690389814e-07
2.68073466619e-08	8.80984543983e-07
2.68270869761e-08	1.20981604823e-06
2.68468272903e-08	1.40483990663e-06
2.68665676045e-08	1.45495914694e-06
2.68863079187e-08	1.36915963367e-06
2.69060482328e-08	1.17216484341e-06
2.6925788547e-08	8.97449439208e-07
2.69455288612e-08	5.79394935585e-07
2.69652691754e-08	2.46877448262e-07
2.69850094896e-08	-8.02282968948e-08
2.70047498038e-08	-3.90952592966e-07
2.7024490118e-08	-6.80119029539e-07
2.70442304321e-08	-9.43435338741e-07
2.70639707463e-08	-1.17292785262e-06
2.70837110605e-08	-1.35422521907e-06
2.71034513747e-08	-1.46698545223e-06
2.71231916889e-08	-1.48848948811e-06
2.71429320031e-08	-1.39957143119e-06
2.71626723172e-08	-1.19107829732e-06
2.71824126314e-08	-8.69163386596e-07
2.72021529456e-08	-4.57443775304e-07
2.72218932598e-08	4.58152094041e-09
2.7241633574e-08	4.670208682e-07
2.72613738882e-08	8.77646954223e-07
2.72811142023e-08	1.19083119898e-06
2.73008545165e-08	1.3751951542e-06
2.73205948307e-08	1.41821703892e-06
2.73403351449e-08	1.3267907093e-06
2.73600754591e-08	1.12385970397e-06
2.73798157733e-08	8.42130958745e-07
2.73995560874e-08	5.1670494372e-07
2.74192964016e-08	1.78496875947e-07
2.74390367158e-08	-1.49838029984e-07
2.745877703e-08	-4.54729132571e-07
2.74785173442e-08	-7.29479040729e-07
2.74982576584e-08	-9.70078161799e-07
2.75179979726e-08	-1.17076223205e-06
2.75377382867e-08	-1.32100916517e-06
2.75574786009e-08	-1.40514731584e-06
2.75772189151e-08	-1.40497002121e-06
2.75969592293e-08	-1.30459466163e-06
2.76166995435e-08	-1.09632276235e-06
2.76364398577e-08	-7.85544898463e-07
2.76561801718e-08	-3.93262141074e-07
2.7675920486e-08	4.48346497706e-08
2.76956608002e-08	4.82900176735e-07
2.77154011144e-08	8.72056460821e-07
2.77351414286e-08	1.16864794109e-06
2.77548817428e-08	1.34165668442e-06
2.77746220569e-08	1.37751027296e-06
2.77943623711e-08	1.28130801613e-06
2.78141026853e-08	1.07419111828e-06
2.78338429995e-08	7.87871812236e-07
2.78535833137e-08	4.57637966633e-07
2.78733236279e-08	1.1587696136e-07
2.7893063942e-08	-2.12452519577e-07
2.79128042562e-08	-5.11445392704e-07
2.79325445704e-08	-7.7287168665e-07
2.79522848846e-08	-9.92698630853e-07
2.79720251988e-08	-1.1669363289e-06
2.7991765513e-08	-1.28840372327e-06
2.80115058272e-08	-1.34569586407e-06
2.80312461413e-08	-1.32483427251e-06
2.80509864555e-08	-1.21320681501e-06
2.80707267697e-08	-1.00467883613e-06
2.80904670839e-08	-7.04238004801e-07
2.81102073981e-08	-3.30661094949e-07
2.81299477123e-08	8.38791862634e-08
2.81496880264e-08	4.97436957403e-07
2.81694283406e-08	8.64544830392e-07
2.81891686548e-08	1.14378150329e-06
2.8208908969e-08	1.30484357896e-06
2.82286492832e-08	1.33346810571e-06
2.82483895974e-08	1.23316272038e-06
2.82681299115e-08	1.02334627172e-06
2.82878702257e-08	7.34502748401e-07
2.83076105399e-08	4.0176749394e-07
2.83273508541e-08	5.85021950883e-08
2.83470911683e-08	-2.68531607617e-07
2.83668314825e-08	-5.61393875387e-07
2.83865717967e-08	-8.10396443285e-07
2.84063121108e-08	-1.01125243646e-06
2.8426052425e-08	-1.16131712957e-06
2.84457927392e-08	-1.25627792613e-06
2.84655330534e-08	-1.28853895376e-06
2.84852733676e-08	-1.24808298096e-06
2.85050136818e-08	-1.12551407483e-06
2.85247539959e-08	-9.16399841344e-07
2.85444943101e-08	-6.25597749604e-07
2.85642346243e-08	-2.69955563681e-07
2.85839749385e-08	1.2155663498e-07
2.86037152527e-08	5.10702705014e-07
2.86234555669e-08	8.55433768265e-07
2.8643195881e-08	1.11674728487e-06
2.86629361952e-08	1.2653447925e-06
2.86826765094e-08	1.28662190946e-06
2.87024168236e-08	1.18276091143e-06
2.87221571378e-08	9.71490180746e-07
2.8741897452e-08	6.81956663584e-07
2.87616377661e-08	3.4880153521e-07
2.87813780803e-08	5.90900306463e-09
2.88011183945e-08	-3.18565341217e-07
2.88208587087e-08	-6.04968846574e-07
2.88405990229e-08	-8.4223961494e-07
2.88603393371e-08	-1.02572141714e-06
2.88800796513e-08	-1.15376627718e-06
2.88998199654e-08	-1.22444509998e-06
2.89195602796e-08	-1.23355533788e-06
2.89393005938e-08	-1.17472382044e-06
2.8959040908e-08	-1.04164490722e-06
2.89787812222e-08	-8.31712242189e-07
2.89985215364e-08	-5.49869952238e-07
2.90182618505e-08	-2.11369730607e-07
2.90380021647e-08	1.57721771643e-07
2.90577424789e-08	5.22720682739e-07
2.90774827931e-08	8.44962016799e-07
2.90972231073e-08	1.08796155018e-06
2.91169634215e-08	1.22370374811e-06
2.91367037356e-08	1.23752533909e-06
2.91564440498e-08	1.13051100925e-06
2.9176184364e-08	9.18827822716e-07
2.91959246782e-08	6.30187770412e-07
2.92156649924e-08	2.98453613823e-07
2.92354053066e-08	-4.23221191426e-08
2.92551456207e-08	-3.63012361504e-07
2.92748859349e-08	-6.42557267838e-07
2.92946262491e-08	-8.6865068738e-07
2.93143665633e-08	-1.03616866909e-06
2.93341068775e-08	-1.14418196517e-06
2.93538471917e-08	-1.19274221788e-06
2.93735875059e-08	-1.18060148679e-06
2.939332782e-08	-1.10470955406e-06
2.94130681342e-08	-9.6168881214e-07
2.94328084484e-08	-7.50798250237e-07
2.94525487626e-08	-4.77291692391e-07
2.94722890768e-08	-1.55120865486e-07
2.9492029391e-08	1.92263328813e-07
2.95117697051e-08	5.33518971224e-07
2.95315100193e-08	8.33318068771e-07
2.95512503335e-08	1.05778610759e-06
2.95709906477e-08	1.18039378094e-06
2.95907309619e-08	1.18666923754e-06
2.96104712761e-08	1.07682757289e-06
2.96302115902e-08	8.65579863785e-07
2.96499519044e-08	5.79170801984e-07
2.96696922186e-08	2.50490714393e-07
2.96894325328e-08	-8.65778808645e-08
2.9709172847e-08	-4.02310618597e-07
2.97289131612e-08	-6.74549568203e-07
2.97486534753e-08	-8.89890060307e-07
2.97683937895e-08	-1.04269719259e-06
2.97881341037e-08	-1.13253133804e-06
2.98078744179e-08	-1.16103535674e-06
2.98276147321e-08	-1.12951721576e-06
2.98473550463e-08	-1.03793331618e-06
2.98670953605e-08	-8.85658948846e-07
2.98868356746e-08	-6.7378337576e-07
2.99065759888e-08	-4.0806574475e-07
2.9926316303e-08	-1.01417235499e-07
2.99460566172e-08	2.25058819581e-07
2.99657969314e-08	5.43130113329e-07
2.99855372456e-08	8.20682913627e-07
3.00052775597e-08	1.0265561059e-06
3.00250178739e-08	1.13583473649e-06
3.00447581881e-08	1.13448675165e-06
3.00644985023e-08	1.02208201724e-06
3.00842388165e-08	8.11985472637e-07
3.01039791307e-08	5.28948390865e-07
3.01237194448e-08	2.04746747556e-07
3.0143459759e-08	-1.27217418822e-07
3.01632000732e-08	-4.36910383428e-07
3.01829403874e-08	-7.0135763508e-07
3.02026807016e-08	-9.06252779487e-07
3.02224210158e-08	-1.04544722035e-06
3.024216133e-08	-1.11877557174e-06
3.02619016441e-08	-1.12919843787e-06
3.02816419583e-08	-1.08017417233e-06
3.03013822725e-08	-9.74314104951e-07
3.03211225867e-08	-8.13536502164e-07
3.03408629009e-08	-6.00753338631e-07
3.03606032151e-08	-3.4233451629e-07
3.03803435292e-08	-5.0403548002e-08
