% time-domain current integration by openEMS v0.0.36 @Thu Feb  5 18:55:41 2026
% start-coordinates: (0.037587,0.01775,0) m -> [122,72,7]
% stop-coordinates: (0.037587,0.0215,0.00227273) m -> [122,77,10]
% t/s	current
7.05011220859e-13	-0
2.04453254049e-11	-0
4.01856395889e-11	-0
5.9925953773e-11	-0
7.9666267957e-11	-0
9.94065821411e-11	-0
1.19146896325e-10	-0
1.38887210509e-10	-0
1.58627524693e-10	-0
1.78367838877e-10	4.23733104696e-36
1.98108153061e-10	2.37537843772e-27
2.17848467245e-10	7.87278599182e-21
2.37588781429e-10	4.43869590089e-16
2.57329095613e-10	6.33580265075e-13
2.77069409797e-10	1.85463415459e-11
2.96809723981e-10	1.64660368673e-11
3.16550038166e-10	7.74511748139e-13
3.3629035235e-10	-4.53434026437e-11
3.56030666534e-10	-1.32787392193e-10
3.75770980718e-10	-3.41049577468e-10
3.95511294902e-10	-6.49754861026e-10
4.15251609086e-10	-1.006139283e-09
4.3499192327e-10	-1.33367639155e-09
4.54732237454e-10	-1.28190802418e-09
4.74472551638e-10	-4.29092206211e-10
4.94212865822e-10	1.75728609442e-09
5.13953180006e-10	5.54770895889e-09
5.3369349419e-10	9.16016773544e-09
5.53433808374e-10	6.45847508807e-09
5.73174122558e-10	-7.62627294648e-09
5.92914436742e-10	-3.98884907327e-08
6.12654750926e-10	-1.00106866796e-07
6.3239506511e-10	-1.87181839806e-07
6.52135379294e-10	-2.8302673627e-07
6.71875693478e-10	-3.41718362051e-07
6.91616007662e-10	-2.77582103081e-07
7.11356321846e-10	2.58768153572e-08
7.3109663603e-10	6.88300588081e-07
7.50836950214e-10	1.77710705884e-06
7.70577264398e-10	3.23273661706e-06
7.90317578582e-10	4.80199969388e-06
8.10057892767e-10	6.02250884185e-06
8.29798206951e-10	6.29771602689e-06
8.49538521135e-10	5.07297363583e-06
8.69278835319e-10	2.07346511161e-06
8.89019149503e-10	-2.48582841778e-06
9.08759463687e-10	-7.82845472713e-06
9.28499777871e-10	-1.27571383928e-05
9.48240092055e-10	-1.59954015544e-05
9.67980406239e-10	-1.66170684679e-05
9.87720720423e-10	-1.43896813825e-05
1.00746103461e-09	-9.87763814919e-06
1.02720134879e-09	-4.2515257519e-06
1.04694166298e-09	1.11873157493e-06
1.06668197716e-09	5.11327243657e-06
1.08642229134e-09	7.17140846973e-06
1.10616260553e-09	7.35589128453e-06
1.12590291971e-09	6.18794501861e-06
1.1456432339e-09	4.36200843978e-06
1.16538354808e-09	2.48062792707e-06
1.18512386226e-09	9.06613422558e-07
1.20486417645e-09	-2.42725207045e-07
1.22460449063e-09	-1.00188799479e-06
1.24434480482e-09	-1.43861154811e-06
1.264085119e-09	-1.57446947924e-06
1.28382543318e-09	-1.37349536544e-06
1.30356574737e-09	-7.90198612322e-07
1.32330606155e-09	1.57483313501e-07
1.34304637574e-09	1.33473452024e-06
1.36278668992e-09	2.48848027695e-06
1.3825270041e-09	3.30813213623e-06
1.40226731829e-09	3.5295820453e-06
1.42200763247e-09	3.03962883663e-06
1.44174794666e-09	1.93401342585e-06
1.46148826084e-09	4.97824657941e-07
1.48122857502e-09	-8.89420448402e-07
1.50096888921e-09	-1.88591457118e-06
1.52070920339e-09	-2.30130081036e-06
1.54044951758e-09	-2.14180590774e-06
1.56018983176e-09	-1.57932061029e-06
1.57993014594e-09	-8.60249087964e-07
1.59967046013e-09	-2.02932355364e-07
1.61941077431e-09	2.7063157404e-07
1.6391510885e-09	5.45159139165e-07
1.65889140268e-09	6.75501212299e-07
1.67863171686e-09	7.29948396838e-07
1.69837203105e-09	7.45357397136e-07
1.71811234523e-09	7.11398172371e-07
1.73785265942e-09	5.84074655308e-07
1.7575929736e-09	3.1449124549e-07
1.77733328778e-09	-1.21806479569e-07
1.79707360197e-09	-7.06163689301e-07
1.81681391615e-09	-1.37167262437e-06
1.83655423034e-09	-2.01082161766e-06
1.85629454452e-09	-2.493857437e-06
1.8760348587e-09	-2.69664292318e-06
1.89577517289e-09	-2.53427788266e-06
1.91551548707e-09	-1.99241981136e-06
1.93525580126e-09	-1.14555325581e-06
1.95499611544e-09	-1.51305982854e-07
1.97473642962e-09	7.83757911904e-07
1.99447674381e-09	1.45993124079e-06
2.01421705799e-09	1.7429467789e-06
2.03395737218e-09	1.60457386755e-06
2.05369768636e-09	1.1273821201e-06
2.07343800055e-09	4.71556319326e-07
2.09317831473e-09	-1.81866695925e-07
2.11291862891e-09	-6.87989086146e-07
2.1326589431e-09	-9.72708335212e-07
2.15239925728e-09	-1.03493073311e-06
2.17213957147e-09	-9.21215473682e-07
2.19187988565e-09	-6.89767546191e-07
2.21162019983e-09	-3.82951100164e-07
2.23136051402e-09	-1.99421990033e-08
2.2511008282e-09	3.91140901002e-07
2.27084114239e-09	8.31912814192e-07
2.29058145657e-09	1.25688677599e-06
2.31032177075e-09	1.59245576015e-06
2.33006208494e-09	1.75392540314e-06
2.34980239912e-09	1.67473729107e-06
2.36954271331e-09	1.33619903409e-06
2.38928302749e-09	7.84486758221e-07
2.40902334167e-09	1.2641483238e-07
2.42876365586e-09	-4.9684882697e-07
2.44850397004e-09	-9.50182595716e-07
2.46824428423e-09	-1.14493207093e-06
2.48798459841e-09	-1.06481775219e-06
2.50772491259e-09	-7.67927417655e-07
2.52746522678e-09	-3.64224007399e-07
2.54720554096e-09	2.22346301371e-08
2.56694585515e-09	2.92286671311e-07
2.58668616933e-09	3.98649802946e-07
2.60642648351e-09	3.52688687144e-07
2.6261667977e-09	2.11311757425e-07
2.64590711188e-09	5.10720354896e-08
2.66564742607e-09	-6.00123470917e-08
2.68538774025e-09	-8.41305620725e-08
2.70512805443e-09	-2.29666969886e-08
2.72486836862e-09	8.6222158302e-08
2.7446086828e-09	1.85096496352e-07
2.76434899699e-09	2.1455282706e-07
2.78408931117e-09	1.35651987421e-07
2.80382962535e-09	-5.44404521463e-08
2.82356993954e-09	-3.16519276566e-07
2.84331025372e-09	-5.7731273273e-07
2.86305056791e-09	-7.50975459596e-07
2.88279088209e-09	-7.68749487179e-07
2.90253119627e-09	-6.06793776115e-07
2.92227151046e-09	-3.00364007444e-07
2.94201182464e-09	6.35243821989e-08
2.96175213883e-09	3.74596680786e-07
2.98149245301e-09	5.386760904e-07
3.0012327672e-09	5.12203541803e-07
3.02097308138e-09	3.17104394298e-07
3.04071339556e-09	2.98501987572e-08
3.06045370975e-09	-2.49665703222e-07
3.08019402393e-09	-4.35306958479e-07
3.09993433812e-09	-4.82139853375e-07
3.1196746523e-09	-3.94228209188e-07
3.13941496648e-09	-2.13040436847e-07
3.15915528067e-09	4.59276838782e-09
3.17889559485e-09	2.07359192927e-07
3.19863590904e-09	3.60936695643e-07
3.21837622322e-09	4.48924879493e-07
3.2381165374e-09	4.67770206569e-07
3.25785685159e-09	4.21843822096e-07
3.27759716577e-09	3.22268931541e-07
3.29733747996e-09	1.88122058375e-07
3.31707779414e-09	4.60509674838e-08
3.33681810832e-09	-7.47493373865e-08
3.35655842251e-09	-1.51588636754e-07
3.37629873669e-09	-1.76993808054e-07
3.39603905088e-09	-1.61653673558e-07
3.41577936506e-09	-1.28980602199e-07
3.43551967924e-09	-1.0352506763e-07
3.45525999343e-09	-9.9196320491e-08
3.47500030761e-09	-1.13553987546e-07
3.4947406218e-09	-1.30953338839e-07
3.51448093598e-09	-1.32306453793e-07
3.53422125016e-09	-1.05468977551e-07
3.55396156435e-09	-5.04032549031e-08
3.57370187853e-09	2.29995613665e-08
3.59344219272e-09	1.01976340261e-07
3.6131825069e-09	1.77501433996e-07
3.63292282108e-09	2.45853925662e-07
3.65266313527e-09	3.04396877482e-07
3.67240344945e-09	3.4526973991e-07
3.69214376364e-09	3.52581253082e-07
3.71188407782e-09	3.06702958142e-07
3.731624392e-09	1.94814958832e-07
3.75136470619e-09	2.24348895017e-08
3.77110502037e-09	-1.81133501087e-07
3.79084533456e-09	-3.68026235265e-07
3.81058564874e-09	-4.86962278501e-07
3.83032596292e-09	-5.02282773596e-07
3.85006627711e-09	-4.08539847285e-07
3.86980659129e-09	-2.34081483086e-07
3.88954690548e-09	-3.1790140298e-08
3.90928721966e-09	1.39221739914e-07
3.92902753384e-09	2.33540390582e-07
3.94876784803e-09	2.33494048985e-07
3.96850816221e-09	1.52681508325e-07
3.9882484764e-09	2.88055339581e-08
4.00798879058e-09	-9.0526455665e-08
4.02772910477e-09	-1.63402035014e-07
4.04746941895e-09	-1.65574661537e-07
4.06720973313e-09	-9.58525205874e-08
4.08695004732e-09	2.54362007013e-08
4.1066903615e-09	1.63363125694e-07
4.12643067569e-09	2.78173217794e-07
4.14617098987e-09	3.35592147849e-07
4.16591130405e-09	3.15690414254e-07
4.18565161824e-09	2.18571571509e-07
4.20539193242e-09	6.54615917028e-08
4.22513224661e-09	-1.05741293055e-07
4.24487256079e-09	-2.50215236974e-07
4.26461287497e-09	-3.29268743826e-07
4.28435318916e-09	-3.22873603409e-07
4.30409350334e-09	-2.37135509451e-07
4.32383381753e-09	-1.0330926159e-07
4.34357413171e-09	3.2184892973e-08
4.36331444589e-09	1.2375693359e-07
4.38305476008e-09	1.42940805858e-07
4.40279507426e-09	8.86558026991e-08
4.42253538845e-09	-1.27009140982e-08
4.44227570263e-09	-1.17470655425e-07
4.46201601681e-09	-1.81243819952e-07
4.481756331e-09	-1.75105441258e-07
4.50149664518e-09	-9.53243315394e-08
4.52123695937e-09	3.67910253374e-08
4.54097727355e-09	1.83900368711e-07
4.56071758773e-09	3.0604917356e-07
4.58045790192e-09	3.72872136722e-07
4.6001982161e-09	3.70436225694e-07
4.61993853029e-09	3.01683002135e-07
4.63967884447e-09	1.8239632027e-07
4.65941915865e-09	3.57362104353e-08
4.67915947284e-09	-1.12383936823e-07
4.69889978702e-09	-2.36657015762e-07
4.71864010121e-09	-3.15509907978e-07
4.73838041539e-09	-3.35013652375e-07
4.75812072957e-09	-2.93159160947e-07
4.77786104376e-09	-2.02441626129e-07
4.79760135794e-09	-8.83313049371e-08
4.81734167213e-09	1.73571059747e-08
4.83708198631e-09	8.66118128329e-08
4.85682230049e-09	1.05027908148e-07
4.87656261468e-09	7.69119878896e-08
4.89630292886e-09	2.31495036473e-08
4.91604324305e-09	-2.74225531172e-08
4.93578355723e-09	-4.94020078179e-08
4.95552387142e-09	-3.01121616531e-08
4.9752641856e-09	2.68478483889e-08
4.99500449978e-09	1.04581083349e-07
5.01474481397e-09	1.80116799697e-07
5.03448512815e-09	2.32205024986e-07
5.05422544234e-09	2.4658461939e-07
5.07396575652e-09	2.17743007624e-07
5.0937060707e-09	1.48191162452e-07
5.11344638489e-09	4.71344847597e-08
5.13318669907e-09	-7.032003424e-08
5.15292701326e-09	-1.83943967613e-07
5.17266732744e-09	-2.70670398095e-07
5.19240764162e-09	-3.09523187525e-07
5.21214795581e-09	-2.88493822609e-07
5.23188826999e-09	-2.10675437984e-07
5.25162858418e-09	-9.6139352479e-08
5.27136889836e-09	2.26617782317e-08
5.29110921254e-09	1.11234555789e-07
5.31084952673e-09	1.45394110973e-07
5.33058984091e-09	1.20436567386e-07
5.3503301551e-09	5.30191712755e-08
5.37007046928e-09	-2.52569520853e-08
5.38981078346e-09	-7.99269344043e-08
5.40955109765e-09	-8.63973355081e-08
5.42929141183e-09	-3.83545071259e-08
5.44903172602e-09	5.09978441698e-08
5.4687720402e-09	1.54557838528e-07
5.48851235438e-09	2.40885299263e-07
5.50825266857e-09	2.8386520512e-07
5.52799298275e-09	2.69413078513e-07
5.54773329694e-09	1.97973591298e-07
5.56747361112e-09	8.32279383189e-08
5.5872139253e-09	-5.16853937427e-08
5.60695423949e-09	-1.79212179319e-07
5.62669455367e-09	-2.72969003845e-07
5.64643486786e-09	-3.13391609552e-07
5.66617518204e-09	-2.92653453471e-07
5.68591549622e-09	-2.17559971816e-07
5.70565581041e-09	-1.08904366414e-07
5.72539612459e-09	3.52353524136e-09
5.74513643878e-09	8.95183731586e-08
5.76487675296e-09	1.28106293573e-07
5.78461706714e-09	1.14703794907e-07
5.80435738133e-09	6.27866256764e-08
5.82409769551e-09	-9.87659731777e-10
5.8438380097e-09	-4.66207907834e-08
5.86357832388e-09	-5.18425693485e-08
5.88331863807e-09	-1.01443937695e-08
5.90305895225e-09	6.72022935078e-08
5.92279926643e-09	1.55609470198e-07
5.94253958062e-09	2.26057352393e-07
5.9622798948e-09	2.54795708088e-07
5.98202020899e-09	2.30372478427e-07
6.00176052317e-09	1.56000240281e-07
6.02150083735e-09	4.73175347793e-08
6.04124115154e-09	-7.28270563854e-08
6.06098146572e-09	-1.80396071414e-07
6.08072177991e-09	-2.55269981153e-07
6.10046209409e-09	-2.84704867681e-07
6.12020240827e-09	-2.65174776359e-07
6.13994272246e-09	-2.02840709562e-07
6.15968303664e-09	-1.12605640368e-07
6.17942335083e-09	-1.54283430476e-08
6.19916366501e-09	6.62515375893e-08
6.21890397919e-09	1.14374870464e-07
6.23864429338e-09	1.20820459415e-07
6.25838460756e-09	9.0503661454e-08
6.27812492175e-09	4.03128126436e-08
6.29786523593e-09	-6.35492591883e-09
6.31760555011e-09	-2.78233081019e-08
6.3373458643e-09	-1.21027419198e-08
6.35708617848e-09	3.85585927631e-08
6.37682649267e-09	1.08375445507e-07
6.39656680685e-09	1.73662911607e-07
6.41630712103e-09	2.11096036651e-07
6.43604743522e-09	2.05371691209e-07
6.4557877494e-09	1.53603679109e-07
6.47552806359e-09	6.53574261378e-08
6.49526837777e-09	-4.09485245711e-08
6.51500869195e-09	-1.43435215705e-07
6.53474900614e-09	-2.22014776341e-07
6.55448932032e-09	-2.62277978891e-07
6.57422963451e-09	-2.57749320554e-07
6.59396994869e-09	-2.10757193031e-07
6.61371026287e-09	-1.32098108452e-07
6.63345057706e-09	-3.93230088491e-08
6.65319089124e-09	4.66710545766e-08
6.67293120543e-09	1.0663188732e-07
6.69267151961e-09	1.28521392639e-07
6.71241183379e-09	1.11771768729e-07
6.73215214798e-09	6.82251481976e-08
6.75189246216e-09	1.87077642266e-08
6.77163277635e-09	-1.40812570493e-08
6.79137309053e-09	-1.39161002721e-08
6.81111340471e-09	2.26246594792e-08
6.8308537189e-09	8.44999661354e-08
6.85059403308e-09	1.49985694975e-07
6.87033434727e-09	1.94402659304e-07
6.89007466145e-09	1.98741005875e-07
6.90981497564e-09	1.55939943625e-07
6.92955528982e-09	7.27617717189e-08
6.949295604e-09	-3.28910658709e-08
6.96903591819e-09	-1.37687806046e-07
6.98877623237e-09	-2.1932378047e-07
7.00851654656e-09	-2.61742997054e-07
7.02825686074e-09	-2.58114852159e-07
7.04799717492e-09	-2.11475310152e-07
7.06773748911e-09	-1.33496342869e-07
7.08747780329e-09	-4.18488212972e-08
7.10721811748e-09	4.3513537662e-08
7.12695843166e-09	1.04813345558e-07
7.14669874584e-09	1.30931994136e-07
7.16643906003e-09	1.20704385154e-07
7.18617937421e-09	8.37027798184e-08
7.2059196884e-09	3.76463127338e-08
7.22566000258e-09	2.76376654895e-09
7.24540031676e-09	-5.22052090446e-09
7.26514063095e-09	1.90505637931e-08
7.28488094513e-09	6.82295677734e-08
7.30462125932e-09	1.24533897861e-07
7.3243615735e-09	1.65915992056e-07
7.34410188768e-09	1.73808345494e-07
7.36384220187e-09	1.39538300914e-07
7.38358251605e-09	6.7144171112e-08
7.40332283024e-09	-2.81655196943e-08
7.42306314442e-09	-1.24949664837e-07
7.4428034586e-09	-2.01852330406e-07
7.46254377279e-09	-2.43129306909e-07
7.48228408697e-09	-2.41927580191e-07
7.50202440116e-09	-2.00928738536e-07
7.52176471534e-09	-1.30805503318e-07
7.54150502952e-09	-4.73265160394e-08
7.56124534371e-09	3.21651860702e-08
7.58098565789e-09	9.23628249438e-08
7.60072597208e-09	1.23272968722e-07
7.62046628626e-09	1.22588829754e-07
7.64020660044e-09	9.64589901287e-08
7.65994691463e-09	5.8035020345e-08
7.67968722881e-09	2.37429809147e-08
7.699427543e-09	8.06459610203e-09
7.71916785718e-09	1.84656343549e-08
7.73890817136e-09	5.23475947034e-08
7.75864848555e-09	9.73997416054e-08
7.77838879973e-09	1.355114847e-07
7.79812911392e-09	1.48977321146e-07
7.8178694281e-09	1.2676697736e-07
7.83760974229e-09	6.85367282927e-08
7.85735005647e-09	-1.50167558388e-08
7.87709037065e-09	-1.05442524045e-07
7.89683068484e-09	-1.82114263225e-07
7.91657099902e-09	-2.28052996931e-07
7.93631131321e-09	-2.34152125245e-07
7.95605162739e-09	-2.00791419047e-07
7.97579194157e-09	-1.36870383471e-07
7.99553225576e-09	-5.70022073987e-08
8.01527256994e-09	2.21354259367e-08
8.03501288413e-09	8.54442490095e-08
8.05475319831e-09	1.2248052883e-07
8.07449351249e-09	1.29576250174e-07
8.09423382668e-09	1.10617534688e-07
8.11397414086e-09	7.6115057368e-08
8.13371445505e-09	4.04324147496e-08
8.15345476923e-09	1.75836589733e-08
8.17319508341e-09	1.66617777353e-08
8.1929353976e-09	3.8426286153e-08
8.21267571178e-09	7.44702930433e-08
8.23241602597e-09	1.09614219923e-07
8.25215634015e-09	1.26954134316e-07
8.27189665433e-09	1.13865375795e-07
8.29163696852e-09	6.67713280222e-08
8.3113772827e-09	-7.13028525112e-09
8.33111759689e-09	-9.18274025707e-08
8.35085791107e-09	-1.67366465575e-07
8.37059822525e-09	-2.15825494365e-07
8.39033853944e-09	-2.26316416274e-07
8.41007885362e-09	-1.97507063149e-07
8.42981916781e-09	-1.37218947316e-07
8.44955948199e-09	-5.96566280819e-08
8.46929979617e-09	1.85632860195e-08
8.48904011036e-09	8.23914731996e-08
8.50878042454e-09	1.21474769799e-07
8.52852073873e-09	1.32009688514e-07
8.54826105291e-09	1.17163700963e-07
8.56800136709e-09	8.6044771308e-08
8.58774168128e-09	5.129574987e-08
8.60748199546e-09	2.56396752718e-08
8.62722230965e-09	1.80851156273e-08
8.64696262383e-09	3.08671843641e-08
8.66670293801e-09	5.827747529e-08
8.6864432522e-09	8.80880435261e-08
8.70618356638e-09	1.05413526796e-07
8.72592388057e-09	9.78643015515e-08
8.74566419475e-09	6.01980332249e-08
8.76540450893e-09	-3.28744653721e-09
8.78514482312e-09	-7.95823424937e-08
8.8048851373e-09	-1.50772351049e-07
8.82462545149e-09	-1.99447967475e-07
8.84436576567e-09	-2.13811134131e-07
8.86410607986e-09	-1.9080381719e-07
8.88384639404e-09	-1.36424219477e-07
8.90358670822e-09	-6.34748786865e-08
8.92332702241e-09	1.22485426246e-08
8.94306733659e-09	7.6007999894e-08
8.96280765078e-09	1.17368493591e-07
8.98254796496e-09	1.32040327117e-07
9.00228827914e-09	1.22203118735e-07
9.02202859333e-09	9.54711509848e-08
9.04176890751e-09	6.27620480032e-08
9.0615092217e-09	3.54235965006e-08
9.08124953588e-09	2.21191491789e-08
9.10098985006e-09	2.62085091407e-08
9.12073016425e-09	4.4445947367e-08
9.14047047843e-09	6.76437181824e-08
9.16021079262e-09	8.33887270346e-08
9.1799511068e-09	8.01615627211e-08
9.19969142098e-09	5.15521065836e-08
9.21943173517e-09	-9.57824264347e-10
9.23917204935e-09	-6.77501006408e-08
9.25891236354e-09	-1.33596032015e-07
9.27865267772e-09	-1.82140155403e-07
9.2983929919e-09	-2.00806454131e-07
9.31813330609e-09	-1.84456254715e-07
9.33787362027e-09	-1.36650697868e-07
9.35761393446e-09	-6.82881804437e-08
9.37735424864e-09	5.72074609906e-09
9.39709456282e-09	7.05281948399e-08
9.41683487701e-09	1.14938103479e-07
9.43657519119e-09	1.33631573362e-07
9.45631550538e-09	1.27725712673e-07
9.47605581956e-09	1.03803039053e-07
9.49579613374e-09	7.18331349958e-08
9.51553644793e-09	4.24745500993e-08
9.53527676211e-09	2.42856597055e-08
9.5550170763e-09	2.14101074647e-08
9.57475739048e-09	3.23080193709e-08
9.59449770466e-09	5.00231358558e-08
9.61423801885e-09	6.41417301495e-08
9.63397833303e-09	6.40875725821e-08
9.65371864722e-09	4.28348130299e-08
9.6734589614e-09	-1.98378646843e-10
9.69319927558e-09	-5.81877834804e-08
9.71293958977e-09	-1.18396997095e-07
9.73267990395e-09	-1.65767687577e-07
9.75242021814e-09	-1.87446900668e-07
9.77216053232e-09	-1.76715872158e-07
9.79190084651e-09	-1.34990031597e-07
9.81164116069e-09	-7.12951759851e-08
9.83138147487e-09	4.88816431776e-10
9.85112178906e-09	6.55808420902e-08
9.87086210324e-09	1.1214305573e-07
9.89060241743e-09	1.33914383582e-07
9.91034273161e-09	1.31085059252e-07
9.93008304579e-09	1.09451306685e-07
9.94982335998e-09	7.83295917017e-08
9.96956367416e-09	4.78741597476e-08
9.98930398835e-09	2.64368136271e-08
1.00090443025e-08	1.84881709941e-08
1.00287846167e-08	2.3509846514e-08
1.00485249309e-08	3.61538923244e-08
1.00682652451e-08	4.77573287583e-08
1.00880055593e-08	4.89777427504e-08
1.01077458734e-08	3.29148619471e-08
1.01274861876e-08	-2.20270135465e-09
1.01472265018e-08	-5.17383647036e-08
1.0166966816e-08	-1.05383428206e-07
1.01867071302e-08	-1.49865272192e-07
1.02064474444e-08	-1.72847236968e-07
1.02261877586e-08	-1.66742069041e-07
1.02459280727e-08	-1.31140154735e-07
1.02656683869e-08	-7.30216669353e-08
1.02854087011e-08	-4.72353134384e-09
1.03051490153e-08	5.96007758702e-08
1.03248893295e-08	1.07808489247e-07
1.03446296437e-08	1.32704386147e-07
1.03643699578e-08	1.33320256168e-07
1.0384110272e-08	1.14395120931e-07
1.04038505862e-08	8.4454221394e-08
1.04235909004e-08	5.31914423618e-08
1.04433312146e-08	2.88770465318e-08
1.04630715288e-08	1.63580775592e-08
1.04828118429e-08	1.6016787896e-08
1.05025521571e-08	2.38599184854e-08
1.05222924713e-08	3.27416529444e-08
1.05420327855e-08	3.45088295717e-08
1.05617730997e-08	2.26157315097e-08
1.05815134139e-08	-5.48469980544e-09
1.06012537281e-08	-4.69417180682e-08
1.06209940422e-08	-9.37019279945e-08
1.06407343564e-08	-1.34433804533e-07
1.06604746706e-08	-1.57721146365e-07
1.06802149848e-08	-1.5555728794e-07
1.0699955299e-08	-1.25969009446e-07
1.07196956132e-08	-7.38563272762e-08
1.07394359273e-08	-9.72872182814e-09
1.07591762415e-08	5.32293533695e-08
1.07789165557e-08	1.02782756528e-07
1.07986568699e-08	1.30790255071e-07
1.08183971841e-08	1.34944997399e-07
1.08381374983e-08	1.18739116317e-07
1.08578778124e-08	8.9863029018e-08
1.08776181266e-08	5.76919916284e-08
1.08973584408e-08	3.06441059195e-08
1.0917098755e-08	1.40888793965e-08
1.09368390692e-08	9.23074860992e-09
1.09565793834e-08	1.31229258571e-08
1.09763196975e-08	1.97348075659e-08
1.09960600117e-08	2.18238351835e-08
1.10158003259e-08	1.32078685766e-08
1.10355406401e-08	-9.10801922771e-09
1.10552809543e-08	-4.35589484482e-08
1.10750212685e-08	-8.3904950543e-08
1.10947615827e-08	-1.20579173313e-07
1.11145018968e-08	-1.43256087881e-07
1.1134242211e-08	-1.43930904528e-07
1.11539825252e-08	-1.19536238685e-07
1.11737228394e-08	-7.31937390697e-08
1.11934631536e-08	-1.36102951132e-08
1.12132034678e-08	4.72237644544e-08
1.12329437819e-08	9.73122951109e-08
1.12526840961e-08	1.27839044239e-07
1.12724244103e-08	1.35274405011e-07
1.12921647245e-08	1.21828392707e-07
1.13119050387e-08	9.42598745723e-08
1.13316453529e-08	6.15547790517e-08
1.1351385667e-08	3.22648574524e-08
1.13711259812e-08	1.22781385059e-08
1.13908662954e-08	3.55333806823e-09
1.14106066096e-08	4.01669586481e-09
1.14303469238e-08	8.52174686372e-09
1.1450087238e-08	1.05719601962e-08
1.14698275521e-08	4.37142544385e-09
1.14895678663e-08	-1.32691724275e-08
1.15093081805e-08	-4.16636396494e-08
1.15290484947e-08	-7.59978746601e-08
1.15487888089e-08	-1.08292034895e-07
1.15685291231e-08	-1.29437822238e-07
1.15882694373e-08	-1.31816875637e-07
1.16080097514e-08	-1.11739240083e-07
1.16277500656e-08	-7.08913034941e-08
1.16474903798e-08	-1.62516471391e-08
1.1667230694e-08	4.15942196241e-08
1.16869710082e-08	9.12667559305e-08
1.17067113224e-08	1.23634919191e-07
1.17264516365e-08	1.34139014563e-07
1.17461919507e-08	1.23684984032e-07
1.17659322649e-08	9.79196528306e-08
1.17856725791e-08	6.52246896493e-08
1.18054128933e-08	3.41432091489e-08
1.18251532075e-08	1.10526912067e-08
1.18448935216e-08	-1.29736377197e-09
1.18646338358e-08	-4.0835841375e-09
1.188437415e-08	-1.60746016498e-09
1.19041144642e-08	2.84622825308e-10
1.19238547784e-08	-3.88742993351e-09
1.19435950926e-08	-1.74726562108e-08
1.19633354067e-08	-4.04857125602e-08
1.19830757209e-08	-6.92780020017e-08
1.20028160351e-08	-9.72358265017e-08
1.20225563493e-08	-1.16412842033e-07
1.20422966635e-08	-1.19739809179e-07
1.20620369777e-08	-1.03220585856e-07
1.20817772919e-08	-6.74368223486e-08
1.2101517606e-08	-1.78211099211e-08
1.21212579202e-08	3.64991059598e-08
1.21409982344e-08	8.50052828127e-08
1.21607385486e-08	1.18567150764e-07
1.21804788628e-08	1.31823981064e-07
1.2200219177e-08	1.24432787629e-07
1.22199594911e-08	1.00820166438e-07
1.22396998053e-08	6.8581393009e-08
1.22594401195e-08	3.61108867253e-08
1.22791804337e-08	1.02271089375e-08
1.22989207479e-08	-5.5003739341e-09
1.23186610621e-08	-1.13182068162e-08
1.23384013762e-08	-1.07121520543e-08
1.23581416904e-08	-8.97065000061e-09
1.23778820046e-08	-1.13610774122e-08
1.23976223188e-08	-2.14100719376e-08
1.2417362633e-08	-3.97170545341e-08
1.24371029472e-08	-6.35688834905e-08
1.24568432614e-08	-8.74700774034e-08
1.24765835755e-08	-1.04493850017e-07
1.24963238897e-08	-1.08166361201e-07
1.25160642039e-08	-9.44185956087e-08
1.25358045181e-08	-6.30508267818e-08
1.25555448323e-08	-1.82172197327e-08
1.25752851465e-08	3.23142366199e-08
1.25950254606e-08	7.90055878497e-08
1.26147657748e-08	1.12996936252e-07
1.2634506089e-08	1.28427359414e-07
1.26542464032e-08	1.23902623272e-07
1.26739867174e-08	1.02653785916e-07
1.26937270316e-08	7.13654273454e-08
1.27134673457e-08	3.80847566817e-08
1.27332076599e-08	9.9048751423e-09
1.27529479741e-08	-8.86889495177e-09
1.27726882883e-08	-1.75573120487e-08
1.27924286025e-08	-1.88045703453e-08
1.28121689167e-08	-1.73360739097e-08
1.28319092308e-08	-1.82232255952e-08
1.2851649545e-08	-2.51752325653e-08
1.28713898592e-08	-3.93141306176e-08
1.28911301734e-08	-5.87181183676e-08
1.29108704876e-08	-7.88254936879e-08
1.29306108018e-08	-9.35920709821e-08
1.2950351116e-08	-9.71381126647e-08
1.29700914301e-08	-8.54818154039e-08
1.29898317443e-08	-5.79089380892e-08
1.30095720585e-08	-1.75548517944e-08
1.30293123727e-08	2.90396435787e-08
1.30490526869e-08	7.33724903057e-08
1.30687930011e-08	1.07075798894e-07
1.30885333152e-08	1.24071732444e-07
1.31082736294e-08	1.22140463077e-07
1.31280139436e-08	1.03395699114e-07
1.31477542578e-08	7.35258112172e-08
1.3167494572e-08	4.0042706928e-08
1.31872348862e-08	1.01100310346e-08
1.32069752003e-08	-1.13634319732e-08
1.32267155145e-08	-2.28061782792e-08
1.32464558287e-08	-2.59790073898e-08
1.32661961429e-08	-2.49784353201e-08
1.32859364571e-08	-2.46339819654e-08
1.33056767713e-08	-2.88176806862e-08
1.33254170854e-08	-3.91549370704e-08
1.33451573996e-08	-5.44613314446e-08
1.33648977138e-08	-7.10112928459e-08
1.3384638028e-08	-8.35392910403e-08
1.34043783422e-08	-8.67075868882e-08
1.34241186564e-08	-7.66761800719e-08
1.34438589706e-08	-5.23763539206e-08
1.34635992847e-08	-1.61349298367e-08
1.34833395989e-08	2.65695003776e-08
1.35030799131e-08	6.82336462887e-08
1.35228202273e-08	1.0109545201e-07
1.35425605415e-08	1.19081242644e-07
1.35623008557e-08	1.19372927543e-07
1.35820411698e-08	1.03106394533e-07
1.3601781484e-08	7.49713393589e-08
1.36215217982e-08	4.1813013496e-08
1.36412621124e-08	1.06781561371e-08
1.36610024266e-08	-1.30862796155e-08
1.36807427408e-08	-2.71004569896e-08
1.37004830549e-08	-3.22345528048e-08
1.37202233691e-08	-3.18934603172e-08
1.37399636833e-08	-3.05921368238e-08
1.37597039975e-08	-3.23170823435e-08
1.37794443117e-08	-3.91723489201e-08
1.37991846259e-08	-5.06821251633e-08
1.381892494e-08	-6.39037907035e-08
1.38386652542e-08	-7.42722576774e-08
1.38584055684e-08	-7.69294885572e-08
1.38781458826e-08	-6.81771084032e-08
1.38978861968e-08	-4.66861358461e-08
1.3917626511e-08	-1.41448373014e-08
1.39373668252e-08	2.4854163172e-08
1.39571071393e-08	6.37072545828e-08
1.39768474535e-08	9.52948013833e-08
1.39965877677e-08	1.13712360417e-07
1.40163280819e-08	1.15768891362e-07
1.40360683961e-08	1.018097322e-07
1.40558087103e-08	7.55917284323e-08
1.40755490244e-08	4.32202291734e-08
1.40952893386e-08	1.14517506589e-08
1.41150296528e-08	-1.41175284796e-08
1.4134769967e-08	-3.04308827026e-08
1.41545102812e-08	-3.75076574244e-08
1.41742505954e-08	-3.801581272e-08
1.41939909095e-08	-3.60725387338e-08
1.42137312237e-08	-3.5694647238e-08
1.42334715379e-08	-3.94032966256e-08
1.42532118521e-08	-4.73897259212e-08
1.42729521663e-08	-5.74574094969e-08
1.42926924805e-08	-6.57074892274e-08
1.43124327947e-08	-6.77340565858e-08
1.43321731088e-08	-5.99872365115e-08
1.4351913423e-08	-4.09384242062e-08
1.43716537372e-08	-1.17479501682e-08
1.43913940514e-08	2.37461605934e-08
1.44111343656e-08	5.97448277517e-08
1.44308746798e-08	8.97603840144e-08
1.44506149939e-08	1.08152569567e-07
1.44703553081e-08	1.11530972902e-07
1.44900956223e-08	9.96318192392e-08
1.45098359365e-08	7.53918101282e-08
1.45295762507e-08	4.41668213114e-08
1.45493165649e-08	1.22980896577e-08
1.4569056879e-08	-1.45579654998e-08
1.45887971932e-08	-3.28373239711e-08
1.46085375074e-08	-4.17912033868e-08
1.46282778216e-08	-4.33307931758e-08
1.46480181358e-08	-4.1078898505e-08
1.466775845e-08	-3.89692402791e-08
1.46874987641e-08	-3.98531447843e-08
1.47072390783e-08	-4.45480345945e-08
1.47269793925e-08	-5.15947427004e-08
1.47467197067e-08	-5.77550522962e-08
1.47664600209e-08	-5.90673678857e-08
1.47862003351e-08	-5.21273619825e-08
1.48059406493e-08	-3.5235458995e-08
1.48256809634e-08	-9.09658748327e-09
1.48454212776e-08	2.31039702925e-08
1.48651615918e-08	5.62781039548e-08
1.4884901906e-08	8.45360617063e-08
1.49046422202e-08	1.02552739634e-07
1.49243825344e-08	1.06866067995e-07
1.49441228485e-08	9.67564801613e-08
1.49638631627e-08	7.44590309409e-08
1.49836034769e-08	4.46118839648e-08
1.50033437911e-08	1.30702098033e-08
1.50230841053e-08	-1.45923788608e-08
1.50428244195e-08	-3.4462630083e-08
1.50625647336e-08	-4.51373267651e-08
1.50823050478e-08	-4.78006718652e-08
1.5102045362e-08	-4.55284130396e-08
1.51217856762e-08	-4.20653485378e-08
1.51415259904e-08	-4.04839681778e-08
1.51612663046e-08	-4.21512069693e-08
1.51810066187e-08	-4.63129552486e-08
1.52007469329e-08	-5.03965544851e-08
1.52204872471e-08	-5.09018320827e-08
1.52402275613e-08	-4.4592734838e-08
1.52599678755e-08	-2.96245001863e-08
1.52797081897e-08	-6.29031715604e-09
1.52994485039e-08	2.28123546719e-08
1.5319188818e-08	5.32360147076e-08
1.53389291322e-08	7.96413814896e-08
1.53586694464e-08	9.70304512293e-08
1.53784097606e-08	1.01947101427e-07
1.53981500748e-08	9.33425425842e-08
1.5417890389e-08	7.28736324618e-08
1.54376307031e-08	4.45279617622e-08
1.54573710173e-08	1.36517526172e-08
1.54771113315e-08	-1.43718752454e-08
1.54968516457e-08	-3.54310252249e-08
1.55165919599e-08	-4.76012331774e-08
1.55363322741e-08	-5.14066442747e-08
1.55560725882e-08	-4.93549094926e-08
1.55758129024e-08	-4.49115553636e-08
1.55955532166e-08	-4.12509564285e-08
1.56152935308e-08	-4.01883148982e-08
1.5635033845e-08	-4.16212238008e-08
1.56547741592e-08	-4.3638053171e-08
1.56745144733e-08	-4.32314557486e-08
1.56942547875e-08	-3.73746189553e-08
1.57139951017e-08	-2.41165665216e-08
1.57337354159e-08	-3.37520633664e-09
1.57534757301e-08	2.27985239576e-08
1.57732160443e-08	5.05503123804e-08
1.57929563585e-08	7.50544373318e-08
1.58126966726e-08	9.16346749591e-08
1.58324369868e-08	9.68869713347e-08
1.5852177301e-08	8.95270630963e-08
1.58719176152e-08	7.07427858515e-08
1.58916579294e-08	4.39494307614e-08
1.59113982436e-08	1.39915243835e-08
1.59311385577e-08	-1.40104976509e-08
1.59508788719e-08	-3.58725564809e-08
1.59706191861e-08	-4.92810592334e-08
1.59903595003e-08	-5.41844400459e-08
1.60100998145e-08	-5.25308792021e-08
1.60298401287e-08	-4.74411692153e-08
1.60495804428e-08	-4.20840358117e-08
1.6069320757e-08	-3.86137806174e-08
1.60890610712e-08	-3.75058100133e-08
1.61088013854e-08	-3.74876947262e-08
1.61285416996e-08	-3.60688297008e-08
1.61482820138e-08	-3.04803791096e-08
1.6168022328e-08	-1.87201845137e-08
1.61877626421e-08	-3.75877884373e-10
1.62075029563e-08	2.30131398382e-08
1.62272432705e-08	4.81600253011e-08
1.62469835847e-08	7.07347425077e-08
1.62667238989e-08	8.63795719397e-08
1.62864642131e-08	9.17683919965e-08
1.63062045272e-08	8.5439552322e-08
1.63259448414e-08	6.81924205992e-08
1.63456851556e-08	4.2942836842e-08
1.63654254698e-08	1.40666784887e-08
1.6385165784e-08	-1.36111868443e-08
1.64049060982e-08	-3.59273144568e-08
1.64246464123e-08	-5.02978600991e-08
1.64443867265e-08	-5.61945263655e-08
1.64641270407e-08	-5.50443779446e-08
1.64838673549e-08	-4.95882588325e-08
1.65036076691e-08	-4.28982751544e-08
1.65233479833e-08	-3.73584150282e-08
1.65430882974e-08	-3.39336168054e-08
1.65628286116e-08	-3.19493018708e-08
1.65825689258e-08	-2.94405104739e-08
1.660230924e-08	-2.39430129056e-08
1.66220495542e-08	-1.34637678784e-08
1.66417898684e-08	2.68320743402e-09
1.66615301826e-08	2.34313262126e-08
1.66812704967e-08	4.60385898293e-08
1.67010108109e-08	6.66638726443e-08
1.67207511251e-08	8.1273853425e-08
1.67404914393e-08	8.66414353595e-08
1.67602317535e-08	8.1167925714e-08
1.67799720677e-08	6.53210889823e-08
1.67997123818e-08	4.15777421381e-08
1.6819452696e-08	1.38830484886e-08
1.68391930102e-08	-1.32398465524e-08
1.68589333244e-08	-3.5708481505e-08
1.68786736386e-08	-5.07677775374e-08
1.68984139528e-08	-5.75117908852e-08
1.69181542669e-08	-5.69066322953e-08
1.69378945811e-08	-5.13074276398e-08
1.69576348953e-08	-4.36191704978e-08
1.69773752095e-08	-3.63514622848e-08
1.69971155237e-08	-3.08610879074e-08
1.70168558379e-08	-2.70141082837e-08
1.7036596152e-08	-2.33660788496e-08
1.70563364662e-08	-1.77971131166e-08
1.70760767804e-08	-8.38355251886e-09
1.70958170946e-08	5.77368508559e-09
1.71155574088e-08	2.40345237046e-08
1.7135297723e-08	4.41769323345e-08
1.71550380372e-08	6.28400442793e-08
1.71747783513e-08	7.63263017234e-08
1.71945186655e-08	8.15328178305e-08
1.72142589797e-08	7.67625110143e-08
1.72339992939e-08	6.21983957672e-08
1.72537396081e-08	3.99218862412e-08
1.72734799223e-08	1.34767219606e-08
1.72932202364e-08	-1.29172228469e-08
1.73129605506e-08	-3.52963382966e-08
1.73327008648e-08	-5.08033970448e-08
1.7352441179e-08	-5.82370915936e-08
1.73721814932e-08	-5.81660479781e-08
1.73919218074e-08	-5.2578528198e-08
1.74116621215e-08	-4.41744916202e-08
1.74314024357e-08	-3.55066660518e-08
1.74511427499e-08	-2.82261201079e-08
1.74708830641e-08	-2.26630785249e-08
1.74906233783e-08	-1.78653607463e-08
1.75103636925e-08	-1.20800924819e-08
1.75301040066e-08	-3.51524298559e-09
1.75498443208e-08	8.87111450965e-09
1.7569584635e-08	2.48078535492e-08
1.75893249492e-08	4.25630553025e-08
1.76090652634e-08	5.92555977619e-08
1.76288055776e-08	7.15407111329e-08
1.76485458918e-08	7.64680621046e-08
1.76682862059e-08	7.22738562331e-08
1.76880265201e-08	5.88890500808e-08
1.77077668343e-08	3.80341340644e-08
1.77275071485e-08	1.28762307483e-08
1.77472474627e-08	-1.26600552264e-08
1.77669877769e-08	-3.47522224331e-08
1.7786728091e-08	-5.04930746104e-08
1.78064684052e-08	-5.84564361361e-08
1.78262087194e-08	-5.88776849497e-08
1.78459490336e-08	-5.34082218451e-08
1.78656893478e-08	-4.45240999625e-08
1.7885429662e-08	-3.47545601187e-08
1.79051699761e-08	-2.59573056383e-08
1.79249102903e-08	-1.8848400174e-08
1.79446506045e-08	-1.2928085269e-08
1.79643909187e-08	-6.81923362222e-09
1.79841312329e-08	1.0922611704e-09
1.80038715471e-08	1.19250866959e-08
1.80236118613e-08	2.57180179375e-08
1.80433521754e-08	4.11894838237e-08
1.80630924896e-08	5.59251134291e-08
1.80828328038e-08	6.69441675427e-08
1.8102573118e-08	7.14774373023e-08
1.81223134322e-08	6.77319107467e-08
1.81420537464e-08	5.54264119046e-08
1.81617940605e-08	3.59508263159e-08
1.81815343747e-08	1.21131282782e-08
1.82012746889e-08	-1.24597256956e-08
1.82210150031e-08	-3.41061259235e-08
1.82407553173e-08	-4.99069017224e-08
1.82604956315e-08	-5.82601451526e-08
1.82802359456e-08	-5.91162567787e-08
1.82999762598e-08	-5.38236299974e-08
1.8319716574e-08	-4.46360601813e-08
1.83394568882e-08	-3.40223458295e-08
1.83591972024e-08	-2.39761295262e-08
1.83789375166e-08	-1.55200083896e-08
1.83986778307e-08	-8.54726600608e-09
1.84184181449e-08	-2.04213956856e-09
1.84381584591e-08	5.39719557935e-09
1.84578987733e-08	1.48993573035e-08
1.84776390875e-08	2.67421675915e-08
1.84973794017e-08	4.00459434502e-08
1.85171197159e-08	5.28484029871e-08
1.853686003e-08	6.25474854132e-08
1.85566003442e-08	6.65855495185e-08
1.85763406584e-08	6.31756620351e-08
1.85960809726e-08	5.1854847527e-08
1.86158212868e-08	3.37089360869e-08
1.8635561601e-08	1.12041016465e-08
1.86553019151e-08	-1.23240955219e-08
1.86750422293e-08	-3.33889431658e-08
1.86947825435e-08	-4.90930354147e-08
1.87145228577e-08	-5.77048275829e-08
1.87342631719e-08	-5.89361626169e-08
1.87540034861e-08	-5.3862088123e-08
1.87737438002e-08	-4.4515754638e-08
1.87934841144e-08	-3.32763363531e-08
1.88132244286e-08	-2.22186944399e-08
1.88329647428e-08	-1.26083339325e-08
1.8852705057e-08	-4.67805216786e-09
1.88724453712e-08	2.25261165276e-09
1.88921856853e-08	9.35992261475e-09
1.89119259995e-08	1.7736239144e-08
1.89316663137e-08	2.78332503711e-08
1.89514066279e-08	3.91146954826e-08
1.89711469421e-08	5.00374923718e-08
1.89908872563e-08	5.8379097112e-08
1.90106275705e-08	6.18234565763e-08
1.90303678846e-08	5.86314214956e-08
1.90501081988e-08	4.81986255352e-08
1.9069848513e-08	3.13329024948e-08
1.90895888272e-08	1.01710471156e-08
1.91093291414e-08	-1.2245124914e-08
1.91290694556e-08	-3.26177058696e-08
1.91488097697e-08	-4.80954618354e-08
1.91685500839e-08	-5.68514622046e-08
1.91882903981e-08	-5.83960932943e-08
1.92080307123e-08	-5.35602389107e-08
1.92277710265e-08	-4.41662386663e-08
1.92475113407e-08	-3.24855236045e-08
1.92672516548e-08	-2.06321359997e-08
1.9286991969e-08	-1.00569730321e-08
1.93067322832e-08	-1.27932531235e-09
1.93264725974e-08	6.07701577948e-09
1.93462129116e-08	1.2961667295e-08
1.93659532258e-08	2.03950012434e-08
1.93856935399e-08	2.89463173431e-08
1.94054338541e-08	3.83647744684e-08
1.94251741683e-08	4.74859547239e-08
1.94449144825e-08	5.44574767503e-08
1.94646547967e-08	5.72248239905e-08
1.94843951109e-08	5.41366489415e-08
1.95041354251e-08	4.44892194196e-08
1.95238757392e-08	2.88444095276e-08
1.95436160534e-08	9.02443542117e-09
1.95633563676e-08	-1.22246524015e-08
1.95830966818e-08	-3.18085611184e-08
1.9602836996e-08	-4.69464858099e-08
1.96225773102e-08	-5.57450583472e-08
1.96423176243e-08	-5.7544166765e-08
1.96620579385e-08	-5.29555563844e-08
1.96817982527e-08	-4.36015525906e-08
1.97015385669e-08	-3.16350323715e-08
1.97212788811e-08	-1.9175720567e-08
1.97410191953e-08	-7.81297959662e-09
1.97607595094e-08	1.69617253576e-09
1.97804998236e-08	9.45632372407e-09
1.98002401378e-08	1.61964379686e-08
1.9819980452e-08	2.28421974668e-08
1.98397207662e-08	3.00355686988e-08
1.98594610804e-08	3.77577045185e-08
1.98792013945e-08	4.51788402245e-08
1.98989417087e-08	5.07957373941e-08
1.99186820229e-08	5.28235837294e-08
1.99384223371e-08	4.97311134495e-08
1.99581626513e-08	4.07589340057e-08
1.99779029655e-08	2.62622812386e-08
1.99976432797e-08	7.77031772259e-09
2.00173835938e-08	-1.22667564995e-08
2.0037123908e-08	-3.09752188343e-08
2.00568642222e-08	-4.56704789542e-08
2.00766045364e-08	-5.44217790832e-08
2.00963448506e-08	-5.64231932287e-08
2.01160851648e-08	-5.20860510278e-08
2.01358254789e-08	-4.28407815889e-08
2.01555657931e-08	-3.07164746971e-08
2.01753061073e-08	-1.78159105246e-08
2.01950464215e-08	-5.82868509014e-09
2.02147867357e-08	4.29250635037e-09
2.02345270499e-08	1.24166072979e-08
2.0254267364e-08	1.90655189414e-08
2.02740076782e-08	2.50566731808e-08
2.02937479924e-08	3.10668610837e-08
2.03134883066e-08	3.7259201946e-08
2.03332286208e-08	4.30943885021e-08
2.0352968935e-08	4.73926782263e-08
2.03727092492e-08	4.86399720501e-08
2.03924495633e-08	4.544990162e-08
2.04121898775e-08	3.7046042678e-08
2.04319301917e-08	2.36154527045e-08
2.04516705059e-08	6.42010844487e-09
2.04714108201e-08	-1.23781305206e-08
2.04911511343e-08	-3.01379650125e-08
2.05108914484e-08	-4.42963674629e-08
2.05306317626e-08	-5.29139789762e-08
2.05503720768e-08	-5.50655308018e-08
2.0570112391e-08	-5.09795441417e-08
2.05898527052e-08	-4.19014583031e-08
2.06095930194e-08	-2.97302396035e-08
2.06293333335e-08	-1.65323683632e-08
2.06490736477e-08	-4.06760269911e-09
2.06688139619e-08	6.55254472903e-09
2.06885542761e-08	1.49917926962e-08
2.07082945903e-08	2.15823519056e-08
2.07280349045e-08	2.70269850944e-08
2.07477752186e-08	3.20092148343e-08
2.07675155328e-08	3.68324712952e-08
2.0787255847e-08	4.12048848375e-08
2.08069961612e-08	4.4240927366e-08
2.08267364754e-08	4.46898233974e-08
2.08464767896e-08	4.1325833422e-08
2.08662171038e-08	3.33882397285e-08
2.08859574179e-08	2.09334771739e-08
2.09056977321e-08	4.98701790974e-09
2.09254380463e-08	-1.25640742255e-08
2.09451783605e-08	-2.93167641274e-08
2.09649186747e-08	-4.28520010587e-08
2.09846589889e-08	-5.12517814855e-08
2.1004399303e-08	-5.34996189572e-08
2.10241396172e-08	-4.96601799682e-08
2.10438799314e-08	-4.07998186347e-08
2.10636202456e-08	-2.86797874338e-08
2.10833605598e-08	-1.53114871893e-08
2.1103100874e-08	-2.49925280471e-09
2.11228411881e-08	8.51503223487e-09
2.11425815023e-08	1.72168697077e-08
2.11623218165e-08	2.37645849666e-08
2.11820621307e-08	2.87477703864e-08
2.12018024449e-08	3.28382867565e-08
2.12215427591e-08	3.6445289453e-08
2.12412830732e-08	3.94840000695e-08
2.12610233874e-08	4.13300327295e-08
2.12807637016e-08	4.09812379587e-08
2.13005040158e-08	3.73821329447e-08
2.132024433e-08	2.98160856005e-08
2.13399846442e-08	1.82453483433e-08
2.13597249584e-08	3.48987638787e-09
2.13794652725e-08	-1.28211183892e-08
2.13992055867e-08	-2.85255197241e-08
2.14189459009e-08	-4.13649274833e-08
2.14386862151e-08	-4.94693246367e-08
2.14584265293e-08	-5.17579259451e-08
2.14781668435e-08	-4.81517581363e-08
2.14979071576e-08	-3.9547039421e-08
2.15176474718e-08	-2.75627165536e-08
2.1537387786e-08	-1.41396654385e-08
2.15571281002e-08	-1.10116527008e-09
2.15768684144e-08	1.02081711972e-08
2.15966087286e-08	1.9119772432e-08
2.16163490427e-08	2.5633443812e-08
2.16360893569e-08	3.02259479668e-08
2.16558296711e-08	3.35425838216e-08
2.16755699853e-08	3.6071519105e-08
2.16953102995e-08	3.79016320551e-08
2.17150506137e-08	3.86393281815e-08
2.17347909278e-08	3.75133737407e-08
2.1754531242e-08	3.36386278832e-08
2.17742715562e-08	2.63616541929e-08
2.17940118704e-08	1.5582360291e-08
2.18137521846e-08	1.94813876142e-09
2.18334924988e-08	-1.31474298115e-08
2.1853232813e-08	-2.77778759994e-08
2.18729731271e-08	-3.98597883589e-08
2.18927134413e-08	-4.75959502921e-08
2.19124537555e-08	-4.98687775519e-08
2.19321940697e-08	-4.64771190423e-08
2.19519343839e-08	-3.81565889995e-08
2.19716746981e-08	-2.63811603674e-08
2.19914150122e-08	-1.30060788806e-08
2.20111553264e-08	1.48064394079e-10
2.20308956406e-08	1.16593623645e-08
2.20506359548e-08	2.07277359721e-08
2.2070376269e-08	2.72087135045e-08
2.20901165832e-08	3.14686232628e-08
2.21098568973e-08	3.41150219185e-08
2.21295972115e-08	3.5692128364e-08
2.21493375257e-08	3.64334447056e-08
2.21690778399e-08	3.61486058864e-08
2.21888181541e-08	3.42787522811e-08
2.22085584683e-08	3.01049709606e-08
2.22282987825e-08	2.30494219267e-08
2.22480390966e-08	1.29743602528e-08
2.22677794108e-08	3.85189602436e-10
2.2287519725e-08	-1.35347670849e-08
2.23072600392e-08	-2.70839386474e-08
2.23270003534e-08	-3.83599072507e-08
2.23467406676e-08	-4.56604816179e-08
2.23664809817e-08	-4.78596788867e-08
2.23862212959e-08	-4.46581189806e-08
2.24059616101e-08	-3.66423229536e-08
2.24257019243e-08	-2.5138433557e-08
2.24454422385e-08	-1.19021388301e-08
2.24651825527e-08	1.26860011385e-09
2.24849228668e-08	1.2896071766e-08
2.2504663181e-08	2.20676952267e-08
2.25244034952e-08	2.85090049346e-08
2.25441438094e-08	3.24815978558e-08
2.25638841236e-08	3.45490001052e-08
2.25836244378e-08	3.52923734681e-08
2.26033647519e-08	3.50622748613e-08
2.26231050661e-08	3.38431647151e-08
2.26428453803e-08	3.12688825943e-08
2.26625856945e-08	2.67821533839e-08
2.26823260087e-08	1.98914129612e-08
2.27020663229e-08	1.04431068237e-08
2.27218066371e-08	-1.17389609144e-09
2.27415469512e-08	-1.39656322062e-08
2.27612872654e-08	-2.64426205376e-08
2.27810275796e-08	-3.68842236753e-08
2.28007678938e-08	-4.36962750427e-08
2.2820508208e-08	-4.57657378661e-08
2.28402485222e-08	-4.27193711516e-08
2.28599888363e-08	-3.50129205628e-08
2.28797291505e-08	-2.38297879207e-08
2.28994694647e-08	-1.08162945267e-08
2.29192097789e-08	2.27442487066e-09
2.29389500931e-08	1.39341587158e-08
2.29586904073e-08	2.31588543897e-08
2.29784307214e-08	2.95555651064e-08
2.29981710356e-08	3.32815837112e-08
2.30179113498e-08	3.48487674273e-08
2.3037651664e-08	3.48604025646e-08
2.30573919782e-08	3.37648593529e-08
2.30771322924e-08	3.16998800542e-08
2.30968726065e-08	2.84720709232e-08
2.31166129207e-08	2.36747119686e-08
2.31363532349e-08	1.6904589728e-08
2.31560935491e-08	8.00972088655e-09
2.31758338633e-08	-2.71232414306e-09
2.31955741775e-08	-1.4431470241e-08
2.32153144917e-08	-2.58549519572e-08
2.32350548058e-08	-3.54431399785e-08
2.325479512e-08	-4.17219361282e-08
2.32745354342e-08	-4.36124345526e-08
2.32942757484e-08	-4.06879117065e-08
2.33140160626e-08	-3.32890408572e-08
2.33337563768e-08	-2.24624780998e-08
2.33534966909e-08	-9.73904334955e-09
2.33732370051e-08	3.18755177808e-09
2.33929773193e-08	1.47996592759e-08
2.34127176335e-08	2.4023270484e-08
2.34324579477e-08	3.03619742681e-08
2.34521982619e-08	3.38743291195e-08
2.3471938576e-08	3.50140574312e-08
2.34916788902e-08	3.43914265954e-08
2.35114192044e-08	3.25318403327e-08
2.35311595186e-08	2.97052427101e-08
2.35508998328e-08	2.5874689058e-08
2.3570640147e-08	2.07749550896e-08
2.35903804611e-08	1.40930849213e-08
2.36101207753e-08	5.68982816418e-09
2.36298610895e-08	-4.20895585052e-09
2.36496014037e-08	-1.49150540807e-08
2.36693417179e-08	-2.5316024832e-08
2.36890820321e-08	-3.40466677073e-08
2.37088223463e-08	-3.97599713153e-08
2.37285626604e-08	-4.14268583881e-08
2.37483029746e-08	-3.85880980502e-08
2.37680432888e-08	-3.14865715723e-08
2.3787783603e-08	-2.10403268142e-08
2.38075239172e-08	-8.6634344143e-09
2.38272642314e-08	4.02346289619e-09
2.38470045455e-08	1.55128958568e-08
2.38667448597e-08	2.46812774662e-08
2.38864851739e-08	3.09452623526e-08
2.39062254881e-08	3.42706485412e-08
2.39259658023e-08	3.50482132205e-08
2.39457061165e-08	3.38808412437e-08
2.39654464306e-08	3.13517034556e-08
2.39851867448e-08	2.78443366142e-08
2.4004927059e-08	2.34631105656e-08
2.40246673732e-08	1.80764114788e-08
2.40444076874e-08	1.14604166157e-08
2.40641480016e-08	3.49638495933e-09
2.40838883158e-08	-5.64631896793e-09
2.41036286299e-08	-1.54024366594e-08
2.41233689441e-08	-2.48213360976e-08
2.41431092583e-08	-3.27024309854e-08
2.41628495725e-08	-3.78271138857e-08
2.41825898867e-08	-3.92304464469e-08
2.42023302009e-08	-3.64408698772e-08
2.4222070515e-08	-2.96215123541e-08
2.42418108292e-08	-1.9572439669e-08
2.42615511434e-08	-7.58822960023e-09
2.42812914576e-08	4.79425610322e-09
2.43010317718e-08	1.60946314054e-08
2.4320772086e-08	2.51576022237e-08
2.43405124001e-08	3.13261274698e-08
2.43602527143e-08	3.44814345965e-08
2.43799930285e-08	3.49507338626e-08
2.43997333427e-08	3.33200702585e-08
2.44194736569e-08	3.02136022867e-08
2.44392139711e-08	2.61077666153e-08
2.44589542852e-08	2.12308144398e-08
2.44786945994e-08	1.55744324104e-08
2.44984349136e-08	9.00463792419e-09
2.45181752278e-08	1.43206846381e-09
2.4537915542e-08	-7.01550817439e-09
2.45576558562e-08	-1.58799373651e-08
2.45773961704e-08	-2.43590729809e-08
2.45971364845e-08	-3.14078896224e-08
2.46168767987e-08	-3.59352014812e-08
2.46366171129e-08	-3.70468953292e-08
2.46563574271e-08	-3.42728050384e-08
2.46760977413e-08	-2.77136500415e-08
2.46958380555e-08	-1.80649255554e-08
2.47155783696e-08	-6.5069687416e-09
2.47353186838e-08	5.51440537677e-09
2.4755058998e-08	1.65620210879e-08
2.47747993122e-08	2.54686653989e-08
2.47945396264e-08	3.15198853684e-08
2.48142799406e-08	3.45196617957e-08
2.48340202547e-08	3.47295951997e-08
2.48537605689e-08	3.27087192886e-08
2.48735008831e-08	2.9107884103e-08
2.48932411973e-08	2.44802969007e-08
2.49129815115e-08	1.91636519986e-08
2.49327218257e-08	1.32622117732e-08
2.49524621398e-08	6.72774991273e-09
2.4972202454e-08	-4.94544294405e-10
2.49919427682e-08	-8.30642044036e-09
2.50116830824e-08	-1.63399462849e-08
2.50314233966e-08	-2.39255548706e-08
2.50511637108e-08	-3.0164201803e-08
2.5070904025e-08	-3.40906609608e-08
2.50906443391e-08	-3.48885791368e-08
2.51103846533e-08	-3.21016386806e-08
2.51301249675e-08	-2.5782087576e-08
2.51498652817e-08	-1.65319598011e-08
2.51696055959e-08	-5.4225544055e-09
2.51893459101e-08	6.19425577497e-09
2.52090862242e-08	1.69355853785e-08
2.52288265384e-08	2.56376662122e-08
2.52485668526e-08	3.15449817379e-08
2.52683071668e-08	3.43952990534e-08
2.5288047481e-08	3.43866339847e-08
2.53077877952e-08	3.20434487833e-08
2.53275281093e-08	2.80282606013e-08
2.53472684235e-08	2.29539658392e-08
2.53670087377e-08	1.72523559883e-08
2.53867490519e-08	1.11310294315e-08
2.54064893661e-08	4.6249994945e-09
2.54262296803e-08	-2.28189822593e-09
2.54459699944e-08	-9.5111678533e-09
2.54657103086e-08	-1.67716507349e-08
2.54854506228e-08	-2.35125678927e-08
2.5505190937e-08	-2.89701311829e-08
2.55249312512e-08	-3.23006759118e-08
2.55446715654e-08	-3.27695381941e-08
2.55644118796e-08	-2.99444131713e-08
2.55841521937e-08	-2.38423361054e-08
2.56038925079e-08	-1.49840122532e-08
2.56236328221e-08	-4.33752145312e-09
2.56433731363e-08	6.84042378296e-09
2.56631134505e-08	1.72297713874e-08
2.56828537647e-08	2.5684075311e-08
2.57025940788e-08	3.14209032126e-08
2.5722334393e-08	3.41228485468e-08
2.57420747072e-08	3.39280674666e-08
2.57618150214e-08	3.13219992165e-08
2.57815553356e-08	2.6966450406e-08
2.58012956498e-08	2.15181525931e-08
2.58210359639e-08	1.54873109892e-08
2.58407762781e-08	9.17408637946e-09
2.58605165923e-08	2.69316413615e-09
2.58802569065e-08	-3.92928667381e-09
2.58999972207e-08	-1.06252269205e-08
2.59197375349e-08	-1.7168002131e-08
2.59394778491e-08	-2.31132748496e-08
2.59592181632e-08	-2.7822586901e-08
2.59789584774e-08	-3.05690690539e-08
2.59986987916e-08	-3.07003737987e-08
2.60184391058e-08	-2.781620978e-08
2.603817942e-08	-2.19096598641e-08
2.60579197342e-08	-1.34316762157e-08
2.60776600483e-08	-3.25518767497e-09
2.60974003625e-08	7.45791783885e-09
2.61171406767e-08	1.74571823663e-08
2.61368809909e-08	2.56250451969e-08
2.61566213051e-08	3.11657899488e-08
2.61763616193e-08	3.37170540377e-08
2.61961019334e-08	3.3362027807e-08
2.62158422476e-08	3.05443421666e-08
2.62355825618e-08	2.59156962557e-08
2.6255322876e-08	2.01621386253e-08
2.62750631902e-08	1.38576563558e-08
2.62948035044e-08	7.38349514862e-09
2.63145438185e-08	9.28779442244e-10
2.63342841327e-08	-5.43589218083e-09
2.63540244469e-08	-1.16447429477e-08
2.63737647611e-08	-1.7523682061e-08
2.63935050753e-08	-2.27228689198e-08
2.64132453895e-08	-2.67193449588e-08
2.64329857037e-08	-2.8897522597e-08
2.64527260178e-08	-2.86882677614e-08
2.6472466332e-08	-2.57285819316e-08
2.64922066462e-08	-1.99974845572e-08
2.65119469604e-08	-1.18863665577e-08
2.65316872746e-08	-2.18070628222e-09
2.65514275888e-08	8.04993227632e-09
2.65711679029e-08	1.76288175169e-08
2.65909082171e-08	2.54770426977e-08
2.66106485313e-08	3.07971816937e-08
2.66303888455e-08	3.31926237607e-08
2.66501291597e-08	3.26972191544e-08
2.66698694739e-08	2.97116926617e-08
2.6689609788e-08	2.48702924921e-08
2.67093501022e-08	1.88761024589e-08
2.67290904164e-08	1.23529435569e-08
2.67488307306e-08	5.75109426748e-09
2.67685710448e-08	-6.72487565634e-10
2.6788311359e-08	-6.80235956452e-09
2.68080516731e-08	-1.25673036422e-08
2.68277919873e-08	-1.78346954982e-08
2.68475323015e-08	-2.23367617735e-08
2.68672726157e-08	-2.56570338308e-08
2.68870129299e-08	-2.72864557616e-08
2.69067532441e-08	-2.67387925135e-08
2.69264935583e-08	-2.36922232943e-08
2.69462338724e-08	-1.8118472056e-08
2.69659741866e-08	-1.03585771072e-08
2.69857145008e-08	-1.11855791296e-09
2.7005454815e-08	8.61957261122e-09
2.70251951292e-08	1.77544272617e-08
2.70449354434e-08	2.52536427325e-08
2.70646757575e-08	3.03297618132e-08
2.70844160717e-08	3.25629230247e-08
2.71041563859e-08	3.19435429219e-08
2.71238967001e-08	2.88287491657e-08
2.71436370143e-08	2.38281661069e-08
2.71633773285e-08	1.76515246864e-08
2.71831176426e-08	1.09607398713e-08
2.72028579568e-08	4.26508162121e-09
2.7222598271e-08	-2.11760942115e-09
2.72423385852e-08	-8.02885757878e-09
2.72620788994e-08	-1.33882185338e-08
2.72818192136e-08	-1.80952319795e-08
2.73015595277e-08	-2.19516831379e-08
2.73212998419e-08	-2.46359803668e-08
2.73410401561e-08	-2.57386236768e-08
2.73607804703e-08	-2.48557352478e-08
2.73805207845e-08	-2.17119620061e-08
2.74002610987e-08	-1.62798450276e-08
2.74200014129e-08	-8.8574356738e-09
2.7439741727e-08	-7.69202340711e-11
2.74594820412e-08	9.16425868525e-09
2.74792223554e-08	1.78405468176e-08
2.74989626696e-08	2.49697560406e-08
2.75187029838e-08	2.97818782968e-08
2.7538443298e-08	3.18432320512e-08
2.75581836121e-08	3.1109081533e-08
2.75779239263e-08	2.7896216892e-08
2.75976642405e-08	2.27853522716e-08
2.76174045547e-08	1.64822147042e-08
2.76371448689e-08	9.67394075957e-09
2.76568851831e-08	2.91750401615e-09
2.76766254972e-08	-3.41432326856e-09
2.76963658114e-08	-9.12089515026e-09
2.77161061256e-08	-1.41086022865e-08
2.77358464398e-08	-1.83013035837e-08
2.7755586754e-08	-2.1561222141e-08
2.77753270682e-08	-2.36512853746e-08
2.77950673824e-08	-2.42541027262e-08
2.78148076965e-08	-2.3044639974e-08
2.78345480107e-08	-1.97964755699e-08
2.78542883249e-08	-1.44899852117e-08
2.78740286391e-08	-7.38890104657e-09
2.78937689533e-08	9.4102636794e-10
2.79135092675e-08	9.68419033853e-09
2.79332495816e-08	1.78911498949e-08
2.79529898958e-08	2.46341720356e-08
2.797273021e-08	2.91667525687e-08
2.79924705242e-08	3.10483017074e-08
2.80122108384e-08	3.02058538182e-08
2.80319511526e-08	2.69193343172e-08
2.80516914667e-08	2.17393090196e-08
2.80714317809e-08	1.53602872643e-08
2.80911720951e-08	8.48273273846e-09
2.81109124093e-08	1.69974678776e-09
2.81306527235e-08	-4.56920723479e-09
2.81503930377e-08	-1.0082678692e-08
2.81701333518e-08	-1.47297596342e-08
2.8189873666e-08	-1.84512387591e-08
2.82096139802e-08	-2.11608668366e-08
2.82293542944e-08	-2.26984049334e-08
2.82490946086e-08	-2.28311396455e-08
2.82688349228e-08	-2.13086952527e-08
2.8288575237e-08	-1.79531323141e-08
2.83083155511e-08	-1.27573454023e-08
2.83280558653e-08	-5.95925575553e-09
2.83477961795e-08	1.93313098862e-09
2.83675364937e-08	1.01805683883e-08
2.83872768079e-08	1.79100663189e-08
2.84070171221e-08	2.42532767203e-08
2.84267574362e-08	2.84941155115e-08
2.84464977504e-08	3.01911988743e-08
2.84662380646e-08	2.92470403451e-08
2.84859783788e-08	2.59066350594e-08
2.8505718693e-08	2.06902743827e-08
2.85254590072e-08	1.42774183587e-08
2.85451993213e-08	7.37492555913e-09
2.85649396355e-08	6.01061811434e-10
2.85846799497e-08	-5.58791279914e-09
2.86044202639e-08	-1.09154063566e-08
2.86241605781e-08	-1.52514925134e-08
2.86439008923e-08	-1.85453412627e-08
2.86636412064e-08	-2.07512975692e-08
2.86833815206e-08	-2.17760849353e-08
2.87031218348e-08	-2.14665334397e-08
2.8722862149e-08	-1.96452560886e-08
2.87426024632e-08	-1.61835842505e-08
2.87623427774e-08	-1.10892468541e-08
2.87820830916e-08	-4.57868765125e-09
2.88018234057e-08	2.89197821246e-09
2.88215637199e-08	1.06532267452e-08
2.88413040341e-08	1.79047479065e-08
2.88610443483e-08	2.38384867401e-08
2.88807846625e-08	2.77747194133e-08
2.89005249767e-08	2.92799153812e-08
2.89202652908e-08	2.8238620331e-08
2.8940005605e-08	2.48636240485e-08
2.89597459192e-08	1.96422771381e-08
2.89794862334e-08	1.32335831182e-08
2.89992265476e-08	6.34370289632e-09
2.90189668618e-08	-3.90726173638e-10
2.90387071759e-08	-6.48315046092e-09
2.90584474901e-08	-1.16268381589e-08
2.90781878043e-08	-1.56739687895e-08
2.90979281185e-08	-1.85785502538e-08
2.91176684327e-08	-2.03269259202e-08
2.91374087469e-08	-2.08823873749e-08
2.9157149061e-08	-2.01621102036e-08
2.91768893752e-08	-1.80575678854e-08
2.91966296894e-08	-1.44903316013e-08
2.92163700036e-08	-9.4876675405e-09
2.92361103178e-08	-3.24989524181e-09
2.9255850632e-08	3.81350728773e-09
2.92755909462e-08	1.10988356283e-08
2.92953312603e-08	1.78758057245e-08
2.93150715745e-08	2.33963142193e-08
2.93348118887e-08	2.70200359864e-08
2.93545522029e-08	2.83268377643e-08
2.93742925171e-08	2.71902678151e-08
2.93940328313e-08	2.37950743553e-08
2.94137731454e-08	1.85953865639e-08
2.94335134596e-08	1.22254082413e-08
2.94532537738e-08	5.38322408872e-09
2.9472994088e-08	-1.28348198736e-09
2.94927344022e-08	-7.26380289251e-09
2.95124747164e-08	-1.22246106571e-08
2.95322150305e-08	-1.60012749717e-08
2.95519553447e-08	-1.85503754579e-08
2.95716956589e-08	-1.9884094371e-08
2.95914359731e-08	-2.00131378136e-08
2.96111762873e-08	-1.89159639064e-08
2.96309166015e-08	-1.654673909e-08
2.96506569157e-08	-1.28765389462e-08
2.96703972298e-08	-7.95591947877e-09
2.9690137544e-08	-1.9759329728e-09
2.97098778582e-08	4.6950647814e-09
2.97296181724e-08	1.15153948599e-08
2.97493584866e-08	1.78235541881e-08
2.97690988008e-08	2.29314789379e-08
2.97888391149e-08	2.62394781458e-08
2.98085794291e-08	2.73440541321e-08
2.98283197433e-08	2.61123034306e-08
2.98480600575e-08	2.2706059255e-08
2.98678003717e-08	1.75491621235e-08
2.98875406859e-08	1.12488107717e-08
2.9907281e-08	4.48822712329e-09
2.99270213142e-08	-2.0828461178e-09
2.99467616284e-08	-7.93654741926e-09
2.99665019426e-08	-1.27164678787e-08
2.99862422568e-08	-1.62403477333e-08
3.0005982571e-08	-1.84637904965e-08
3.00257228851e-08	-1.94203284565e-08
3.00454631993e-08	-1.91621616352e-08
3.00652035135e-08	-1.77227050813e-08
3.00849438277e-08	-1.51118992875e-08
3.01046841419e-08	-1.13463132223e-08
3.01244244561e-08	-6.50042464301e-09
3.01441647703e-08	-7.61123664095e-10
3.01639050844e-08	5.53604273534e-09
3.01836453986e-08	1.19052518954e-08
3.02033857128e-08	1.7750899417e-08
3.0223126027e-08	2.24466596421e-08
3.02428663412e-08	2.54370746688e-08
3.02626066554e-08	2.63386290555e-08
3.02823469695e-08	2.50147671466e-08
3.03020872837e-08	2.16062634451e-08
3.03218275979e-08	1.65082312265e-08
3.03415679121e-08	1.03007975483e-08
3.03613082263e-08	3.64969321431e-09
3.03810485405e-08	-2.79914935675e-09
