% time-domain voltage integration by openEMS v0.0.36 @Thu Feb  5 18:55:41 2026
% start-coordinates: (-0.0383913,-0.02,0.0015) m -> [27,25,9]
% stop-coordinates: (-0.0383913,-0.02,0) m -> [27,25,7]
% t/s	voltage
0	0
1.9740314184e-11	0
3.94806283681e-11	0
5.92209425521e-11	0
7.89612567362e-11	-7.58963569981e-32
9.87015709202e-11	-1.01899943452e-20
1.18441885104e-10	-2.40106837136e-14
1.38182199288e-10	-9.86232276401e-11
1.57922513472e-10	-1.54823504017e-09
1.77662827656e-10	5.25543247809e-10
1.9740314184e-10	2.10387662847e-09
2.17143456024e-10	2.78868994563e-09
2.36883770208e-10	9.93171189734e-09
2.56624084393e-10	1.63576725498e-08
2.76364398577e-10	2.43668898392e-08
2.96104712761e-10	2.77817715499e-08
3.15845026945e-10	1.48440917336e-08
3.35585341129e-10	-2.04594261533e-08
3.55325655313e-10	-9.1912816913e-08
3.75065969497e-10	-1.91598317656e-07
3.94806283681e-10	-3.00168323975e-07
4.14546597865e-10	-3.64363387462e-07
4.34286912049e-10	-3.26004197859e-07
4.54027226233e-10	-1.1944050371e-07
4.73767540417e-10	2.6923578389e-07
4.93507854601e-10	8.30830003906e-07
5.13248168785e-10	1.50314377834e-06
5.32988482969e-10	2.18881257297e-06
5.52728797153e-10	2.82175653865e-06
5.72469111337e-10	3.42822283983e-06
5.92209425521e-10	4.00807903134e-06
6.11949739705e-10	4.36513118984e-06
6.31690053889e-10	3.81157974516e-06
6.51430368073e-10	8.38552949745e-07
6.71170682257e-10	-6.92579055794e-06
6.90910996441e-10	-2.22609478442e-05
7.10651310625e-10	-4.71972325613e-05
7.3039162481e-10	-8.13071710581e-05
7.50131938994e-10	-0.000119944510516
7.69872253178e-10	-0.00015337055811
7.89612567362e-10	-0.000167723461345
8.09352881546e-10	-0.00014835831098
8.2909319573e-10	-8.51012009662e-05
8.48833509914e-10	2.22263961405e-05
8.68573824098e-10	0.000160394709383
8.88314138282e-10	0.000303627472022
9.08054452466e-10	0.000419477772084
9.2779476665e-10	0.00047834184079
9.47535080834e-10	0.000463252086774
9.67275395018e-10	0.000376092255465
9.87015709202e-10	0.000237500076764
1.00675602339e-09	8.02695540187e-05
1.02649633757e-09	-6.11358118476e-05
1.04623665175e-09	-0.000160893810971
1.06597696594e-09	-0.000208126031794
1.08571728012e-09	-0.000207378543564
1.10545759431e-09	-0.000174063468876
1.12519790849e-09	-0.000127456354676
1.14493822267e-09	-8.42870249471e-05
1.16467853686e-09	-5.49942778889e-05
1.18441885104e-09	-4.30078507634e-05
1.20415916523e-09	-4.6069471864e-05
1.22389947941e-09	-5.83556575293e-05
1.24363979359e-09	-7.21649375919e-05
1.26338010778e-09	-7.90649137343e-05
1.28312042196e-09	-7.09041523805e-05
1.30286073615e-09	-4.13622983615e-05
1.32260105033e-09	1.20335362226e-05
1.34234136451e-09	8.57824670675e-05
1.3620816787e-09	0.00016948422126
1.38182199288e-09	0.000246917232289
1.40156230707e-09	0.00029966107104
1.42130262125e-09	0.000312327756546
1.44104293543e-09	0.000277865838143
1.46078324962e-09	0.000200707043405
1.4805235638e-09	9.63901038631e-05
1.50026387799e-09	-1.26247309709e-05
1.52000419217e-09	-0.000103465397842
1.53974450636e-09	-0.000159369934408
1.55948482054e-09	-0.000173872227606
1.57922513472e-09	-0.000151280379214
1.59896544891e-09	-0.000103724734799
1.61870576309e-09	-4.63131891593e-05
1.63844607728e-09	7.54325083108e-06
1.65818639146e-09	4.90565744258e-05
1.67792670564e-09	7.46097430238e-05
1.69766701983e-09	8.44191490614e-05
1.71740733401e-09	8.03909788374e-05
1.7371476482e-09	6.436672993e-05
1.75688796238e-09	3.74886640202e-05
1.77662827656e-09	7.87144131209e-07
1.79636859075e-09	-4.3445821575e-05
1.81610890493e-09	-9.03795116756e-05
1.83584921912e-09	-0.000132340523123
1.8555895333e-09	-0.000160036070156
1.87532984748e-09	-0.000165158395248
1.89507016167e-09	-0.000143521807331
1.91481047585e-09	-9.7438103694e-05
1.93455079004e-09	-3.60605754395e-05
1.95429110422e-09	2.67719360636e-05
1.9740314184e-09	7.66347329773e-05
1.99377173259e-09	0.000103065023723
2.01351204677e-09	0.000102744899777
2.03325236096e-09	8.00789530331e-05
2.05299267514e-09	4.50143124908e-05
2.07273298932e-09	9.15245345823e-06
2.09247330351e-09	-1.81896220965e-05
2.11221361769e-09	-3.24388965964e-05
2.13195393188e-09	-3.40750193573e-05
2.15169424606e-09	-2.70815908152e-05
2.17143456024e-09	-1.6567018065e-05
2.19117487443e-09	-6.69998212288e-06
2.21091518861e-09	3.95276117615e-07
2.2306555028e-09	4.6908044169e-06
2.25039581698e-09	7.60162492952e-06
2.27013613116e-09	1.10673236122e-05
2.28987644535e-09	1.67329881151e-05
2.30961675953e-09	2.52705667663e-05
2.32935707372e-09	3.59528203262e-05
2.3490973879e-09	4.6532955821e-05
2.36883770208e-09	5.36593270226e-05
2.38857801627e-09	5.38372314622e-05
2.40831833045e-09	4.48268401669e-05
2.42805864464e-09	2.69026822934e-05
2.44779895882e-09	3.38425957125e-06
2.46753927301e-09	-2.00342919925e-05
2.48727958719e-09	-3.70577472495e-05
2.50701990137e-09	-4.30303498433e-05
2.52676021556e-09	-3.66980566469e-05
2.54650052974e-09	-2.06701488423e-05
2.56624084393e-09	-3.68473706658e-07
2.58598115811e-09	1.80680663107e-05
2.60572147229e-09	2.99540661217e-05
2.62546178648e-09	3.33758398483e-05
2.64520210066e-09	2.91990745609e-05
2.66494241485e-09	1.99828355107e-05
2.68468272903e-09	8.52073162605e-06
2.70442304321e-09	-3.20691401612e-06
2.7241633574e-09	-1.42641411003e-05
2.74390367158e-09	-2.42826572503e-05
2.76364398577e-09	-3.27585330524e-05
2.78338429995e-09	-3.866251609e-05
2.80312461413e-09	-4.0626475311e-05
2.82286492832e-09	-3.75715353584e-05
2.8426052425e-09	-2.93851744573e-05
2.86234555669e-09	-1.7246013158e-05
2.88208587087e-09	-3.4167829881e-06
2.90182618505e-09	9.40787367654e-06
2.92156649924e-09	1.88888107004e-05
2.94130681342e-09	2.3654348297e-05
2.96104712761e-09	2.35398338191e-05
2.98078744179e-09	1.94537433345e-05
3.00052775597e-09	1.29886770992e-05
3.02026807016e-09	5.95698543293e-06
3.04000838434e-09	-3.20548139143e-08
3.05974869853e-09	-3.89778847421e-06
3.07948901271e-09	-5.2982447869e-06
3.09922932689e-09	-4.69461406283e-06
3.11896964108e-09	-3.22239736761e-06
3.13870995526e-09	-2.34252945575e-06
3.15845026945e-09	-3.3014185874e-06
3.17819058363e-09	-6.55888766232e-06
3.19793089781e-09	-1.1421450381e-05
3.217671212e-09	-1.60954223247e-05
3.23741152618e-09	-1.82424382729e-05
3.25715184037e-09	-1.58734437719e-05
3.27689215455e-09	-8.26679115562e-06
3.29663246873e-09	3.48785363258e-06
3.31637278292e-09	1.6603567019e-05
3.3361130971e-09	2.739500178e-05
3.35585341129e-09	3.25121091009e-05
3.37559372547e-09	3.01654072246e-05
3.39533403966e-09	2.08624906008e-05
3.41507435384e-09	7.3454991707e-06
3.43481466802e-09	-6.29198461866e-06
3.45455498221e-09	-1.59942164828e-05
3.47429529639e-09	-1.9126468942e-05
3.49403561058e-09	-1.53277942445e-05
3.51377592476e-09	-6.51957861919e-06
3.53351623894e-09	3.8965370095e-06
3.55325655313e-09	1.2299536138e-05
3.57299686731e-09	1.60634381245e-05
3.5927371815e-09	1.42837925523e-05
3.61247749568e-09	7.83077211963e-06
3.63221780986e-09	-1.17101910746e-06
3.65195812405e-09	-1.01388664007e-05
3.67169843823e-09	-1.67858324858e-05
3.69143875242e-09	-1.96294822672e-05
3.7111790666e-09	-1.82090007002e-05
3.73091938078e-09	-1.30629578052e-05
3.75065969497e-09	-5.55121687285e-06
3.77040000915e-09	2.44816010309e-06
3.79014032334e-09	8.96390747585e-06
3.80988063752e-09	1.24402954498e-05
3.8296209517e-09	1.22166607071e-05
3.84936126589e-09	8.7932594397e-06
3.86910158007e-09	3.72358510958e-06
3.88884189426e-09	-9.09124423742e-07
3.90858220844e-09	-3.27418024426e-06
3.92832252262e-09	-2.52422967151e-06
3.94806283681e-09	8.54016519725e-07
3.96780315099e-09	5.24533652424e-06
3.98754346518e-09	8.59310830492e-06
4.00728377936e-09	9.25351105252e-06
4.02702409354e-09	6.62884804115e-06
4.04676440773e-09	1.31393693437e-06
4.06650472191e-09	-5.26039843862e-06
4.0862450361e-09	-1.1452988474e-05
4.10598535028e-09	-1.5976839677e-05
4.12572566446e-09	-1.81571640496e-05
4.14546597865e-09	-1.78526897798e-05
4.16520629283e-09	-1.52112543219e-05
4.18494660702e-09	-1.04911509879e-05
4.2046869212e-09	-4.08151618103e-06
4.22442723538e-09	3.32735919528e-06
4.24416754957e-09	1.06148372652e-05
4.26390786375e-09	1.63358845384e-05
4.28364817794e-09	1.91139824892e-05
4.30338849212e-09	1.81770037671e-05
4.3231288063e-09	1.37638126034e-05
4.34286912049e-09	7.16645922694e-06
4.36260943467e-09	3.33714325507e-07
4.38234974886e-09	-4.81678671349e-06
4.40209006304e-09	-7.07655112819e-06
4.42183037723e-09	-6.32683895674e-06
4.44157069141e-09	-3.47648085608e-06
4.46131100559e-09	-2.61661412537e-08
4.48105131978e-09	2.5221731903e-06
4.50079163396e-09	3.15980855703e-06
4.52053194815e-09	1.60612410127e-06
4.54027226233e-09	-1.72747394345e-06
4.56001257651e-09	-5.94676657784e-06
4.5797528907e-09	-9.93386538539e-06
4.59949320488e-09	-1.25786191347e-05
4.61923351907e-09	-1.29792679218e-05
4.63897383325e-09	-1.06398597381e-05
4.65871414743e-09	-5.66198559682e-06
4.67845446162e-09	1.14000533813e-06
4.6981947758e-09	8.30617454994e-06
4.71793508999e-09	1.40477677633e-05
4.73767540417e-09	1.67758125826e-05
4.75741571835e-09	1.56710748342e-05
4.77715603254e-09	1.1057791653e-05
4.79689634672e-09	4.38728216068e-06
4.81663666091e-09	-2.21306129333e-06
4.83637697509e-09	-6.67871404403e-06
4.85611728927e-09	-7.75251874074e-06
4.87585760346e-09	-5.43420469512e-06
4.89559791764e-09	-9.53183615593e-07
4.91533823183e-09	3.71775422536e-06
4.93507854601e-09	6.60380510453e-06
4.95481886019e-09	6.43156727165e-06
4.97455917438e-09	3.03556066683e-06
4.99429948856e-09	-2.65236474206e-06
5.01403980275e-09	-8.97817653822e-06
5.03378011693e-09	-1.41281393553e-05
5.05352043111e-09	-1.66653599081e-05
5.0732607453e-09	-1.58800894496e-05
5.09300105948e-09	-1.18922534966e-05
5.11274137367e-09	-5.54202188141e-06
5.13248168785e-09	1.85156306998e-06
5.15222200203e-09	8.7867788352e-06
5.17196231622e-09	1.38816508297e-05
5.1917026304e-09	1.61552106874e-05
5.21144294459e-09	1.5254076061e-05
5.23118325877e-09	1.15716165965e-05
5.25092357295e-09	6.19085267317e-06
5.27066388714e-09	6.20987520961e-07
5.29040420132e-09	-3.63521098734e-06
5.31014451551e-09	-5.55638280275e-06
5.32988482969e-09	-4.94735832035e-06
5.34962514388e-09	-2.50430139204e-06
5.36936545806e-09	4.46969281143e-07
5.38910577224e-09	2.45222395279e-06
5.40884608643e-09	2.47233367645e-06
5.42858640061e-09	2.57539610971e-07
5.4483267148e-09	-3.59185344223e-06
5.46806702898e-09	-7.88001307228e-06
5.48780734316e-09	-1.12606480798e-05
5.50754765735e-09	-1.26812428789e-05
5.52728797153e-09	-1.16651917779e-05
5.54702828572e-09	-8.36504887047e-06
5.5667685999e-09	-3.42840780831e-06
5.58650891408e-09	2.22131461669e-06
5.60624922827e-09	7.58893156672e-06
5.62598954245e-09	1.17553122436e-05
5.64572985664e-09	1.39901080729e-05
5.66547017082e-09	1.38678533403e-05
5.685210485e-09	1.13947635327e-05
5.70495079919e-09	7.09756773176e-06
5.72469111337e-09	1.98865063794e-06
5.74443142756e-09	-2.65066671545e-06
5.76417174174e-09	-5.6430751556e-06
5.78391205592e-09	-6.32253158983e-06
5.80365237011e-09	-4.80236349176e-06
5.82339268429e-09	-1.96537803276e-06
5.84313299848e-09	8.46455606052e-07
5.86287331266e-09	2.33350681356e-06
5.88261362684e-09	1.72674208443e-06
5.90235394103e-09	-9.35681555347e-07
5.92209425521e-09	-4.84329052597e-06
5.9418345694e-09	-8.72713098943e-06
5.96157488358e-09	-1.13059413707e-05
5.98131519776e-09	-1.16870583042e-05
6.00105551195e-09	-9.5929208328e-06
6.02079582613e-09	-5.37519963473e-06
6.04053614032e-09	1.33051145212e-07
6.0602764545e-09	5.84251142755e-06
6.08001676868e-09	1.06374513962e-05
6.09975708287e-09	1.35803788908e-05
6.11949739705e-09	1.40879787978e-05
6.13923771124e-09	1.20722415886e-05
6.15897802542e-09	8.0119643826e-06
6.1787183396e-09	2.89859474378e-06
6.19845865379e-09	-1.98045063371e-06
6.21819896797e-09	-5.39931238563e-06
6.23793928216e-09	-6.58879389448e-06
6.25767959634e-09	-5.51844141228e-06
6.27741991052e-09	-2.93261189199e-06
6.29716022471e-09	-9.7502969254e-08
6.31690053889e-09	1.66233223808e-06
6.33664085308e-09	1.46097289644e-06
6.35638116726e-09	-8.1614427927e-07
6.37612148145e-09	-4.47390561931e-06
6.39586179563e-09	-8.26947689347e-06
6.41560210981e-09	-1.08599324449e-05
6.435342424e-09	-1.12553984764e-05
6.45508273818e-09	-9.11642973733e-06
6.47482305237e-09	-4.81470510749e-06
6.49456336655e-09	7.26162568299e-07
6.51430368073e-09	6.31775083093e-06
6.53404399492e-09	1.0815063888e-05
6.5537843091e-09	1.33628655021e-05
6.57352462329e-09	1.35457880788e-05
6.59326493747e-09	1.14420563477e-05
6.61300525165e-09	7.59404520068e-06
6.63274556584e-09	2.89920103569e-06
6.65248588002e-09	-1.57695893677e-06
6.67222619421e-09	-4.85088708047e-06
6.69196650839e-09	-6.28563907412e-06
6.71170682257e-09	-5.79020866098e-06
6.73144713676e-09	-3.86917167816e-06
6.75118745094e-09	-1.47561024733e-06
6.77092776513e-09	3.05014367541e-07
6.79066807931e-09	6.38577517975e-07
6.81040839349e-09	-7.48722186472e-07
6.83014870768e-09	-3.45953003489e-06
6.84988902186e-09	-6.5595702381e-06
6.86962933605e-09	-8.90591354619e-06
6.88936965023e-09	-9.54254892349e-06
6.90910996441e-09	-8.01528267402e-06
6.9288502786e-09	-4.50028869636e-06
6.94859059278e-09	2.77688599226e-07
6.96833090697e-09	5.28336317984e-06
6.98807122115e-09	9.46494219534e-06
7.00781153533e-09	1.20069262266e-05
7.02755184952e-09	1.24854368551e-05
7.0472921637e-09	1.09148986667e-05
7.06703247789e-09	7.70889982959e-06
7.08677279207e-09	3.58161662461e-06
7.10651310625e-09	-5.94152766098e-07
7.12625342044e-09	-3.96377754441e-06
7.14599373462e-09	-5.88671309742e-06
7.16573404881e-09	-6.11152313468e-06
7.18547436299e-09	-4.87001852889e-06
7.20521467717e-09	-2.83525923805e-06
7.22495499136e-09	-9.24313923178e-07
7.24469530554e-09	6.37510133572e-09
7.26443561973e-09	-5.26681304791e-07
7.28417593391e-09	-2.43629597207e-06
7.3039162481e-09	-5.06922151544e-06
7.32365656228e-09	-7.42220913708e-06
7.34339687646e-09	-8.49277694215e-06
7.36313719065e-09	-7.63247817304e-06
7.38287750483e-09	-4.77047183267e-06
7.40261781902e-09	-4.34436060459e-07
7.4223581332e-09	4.42419946012e-06
7.44209844738e-09	8.72110422279e-06
7.46183876157e-09	1.15366487989e-05
7.48157907575e-09	1.23311497191e-05
7.50131938994e-09	1.10348105409e-05
7.52105970412e-09	8.01783062343e-06
7.5408000183e-09	3.97643088945e-06
7.56054033249e-09	-2.28766367627e-07
7.58028064667e-09	-3.75298566269e-06
7.60002096086e-09	-5.94761991124e-06
7.61976127504e-09	-6.51353025205e-06
7.63950158922e-09	-5.58812257623e-06
7.65924190341e-09	-3.72508225155e-06
7.67898221759e-09	-1.74471006176e-06
7.69872253178e-09	-4.78336232845e-07
7.71846284596e-09	-4.81165287169e-07
7.73820316014e-09	-1.81755063977e-06
7.75794347433e-09	-4.00997305405e-06
7.77768378851e-09	-6.18661078988e-06
7.7974241027e-09	-7.38237145015e-06
7.81716441688e-09	-6.8841063694e-06
7.83690473106e-09	-4.49055937679e-06
7.85664504525e-09	-5.90863635352e-07
7.87638535943e-09	3.95890788241e-06
7.89612567362e-09	8.10491246739e-06
7.9158659878e-09	1.09065335892e-05
7.93560630198e-09	1.17827485155e-05
7.95534661617e-09	1.06294651232e-05
7.97508693035e-09	7.79650372351e-06
7.99482724454e-09	3.96013979298e-06
8.01456755872e-09	-5.6540173432e-08
8.0343078729e-09	-3.4683149579e-06
8.05404818709e-09	-5.68754126107e-06
8.07378850127e-09	-6.43990506433e-06
8.09352881546e-09	-5.82045595365e-06
8.11326912964e-09	-4.27042118645e-06
8.13300944382e-09	-2.46441777563e-06
8.15274975801e-09	-1.1177446595e-06
8.17249007219e-09	-7.59763196356e-07
8.19223038638e-09	-1.54483137749e-06
8.21197070056e-09	-3.1746399145e-06
8.23171101475e-09	-4.97625637763e-06
8.25145132893e-09	-6.12189728599e-06
8.27119164311e-09	-5.91850653109e-06
8.2909319573e-09	-4.06278445553e-06
8.31067227148e-09	-7.66151430298e-07
8.33041258567e-09	3.2961230545e-06
8.35015289985e-09	7.18962564861e-06
8.36989321403e-09	1.00012357507e-05
8.38963352822e-09	1.10965220301e-05
8.4093738424e-09	1.02740132206e-05
8.42911415659e-09	7.78287949288e-06
8.44885447077e-09	4.22016978519e-06
8.46859478495e-09	3.57404957185e-07
8.48833509914e-09	-3.04787590721e-06
8.50807541332e-09	-5.41296299161e-06
8.52781572751e-09	-6.43796579425e-06
8.54755604169e-09	-6.15234512225e-06
8.56729635587e-09	-4.89426815875e-06
8.58703667006e-09	-3.22191476698e-06
8.60677698424e-09	-1.76506335947e-06
8.62651729843e-09	-1.04245401644e-06
8.64625761261e-09	-1.29362837242e-06
8.66599792679e-09	-2.38267762143e-06
8.68573824098e-09	-3.81900213142e-06
8.70547855516e-09	-4.90524985253e-06
8.72521886935e-09	-4.97298560731e-06
8.74495918353e-09	-3.62656180641e-06
8.76469949771e-09	-9.06533358602e-07
8.7844398119e-09	2.69164820565e-06
8.80418012608e-09	6.35456126474e-06
8.82392044027e-09	9.19432613955e-06
8.84366075445e-09	1.05129934127e-05
8.86340106863e-09	9.99737085294e-06
8.88314138282e-09	7.78753428676e-06
8.902881697e-09	4.41011980001e-06
8.92262201119e-09	6.13780429148e-07
8.94236232537e-09	-2.83223448605e-06
8.96210263955e-09	-5.31843102181e-06
8.98184295374e-09	-6.51463437862e-06
9.00158326792e-09	-6.41508722765e-06
9.02132358211e-09	-5.31155365024e-06
9.04106389629e-09	-3.70513021153e-06
9.06080421047e-09	-2.17329977659e-06
9.08054452466e-09	-1.21415172316e-06
9.10028483884e-09	-1.10134402576e-06
9.12002515303e-09	-1.79066910277e-06
9.13976546721e-09	-2.91610422209e-06
9.15950578139e-09	-3.89240199183e-06
9.17924609558e-09	-4.10351753999e-06
9.19898640976e-09	-3.12145277803e-06
9.21872672395e-09	-8.79100980455e-07
9.23846703813e-09	2.2706120717e-06
9.25820735232e-09	5.63781964047e-06
9.2779476665e-09	8.39643325889e-06
9.29768798068e-09	9.83433210422e-06
9.31742829487e-09	9.56578742262e-06
9.33716860905e-09	7.63575235396e-06
9.35690892324e-09	4.48980131296e-06
9.37664923742e-09	8.30080466585e-07
9.3963895516e-09	-2.58525346908e-06
9.41612986579e-09	-5.13349800713e-06
9.43587017997e-09	-6.45971704216e-06
9.45561049416e-09	-6.5268088747e-06
9.47535080834e-09	-5.58583110433e-06
9.49509112252e-09	-4.08712048738e-06
9.51483143671e-09	-2.55528209436e-06
9.53457175089e-09	-1.45338805169e-06
9.55431206508e-09	-1.06071939854e-06
9.57405237926e-09	-1.39230752438e-06
9.59379269344e-09	-2.18623188175e-06
9.61353300763e-09	-2.97247981962e-06
9.63327332181e-09	-3.2171709563e-06
9.653013636e-09	-2.50431514814e-06
9.67275395018e-09	-6.97446665754e-07
9.69249426436e-09	1.97874032892e-06
9.71223457855e-09	4.97440282743e-06
9.73197489273e-09	7.56399685997e-06
9.75171520692e-09	9.06246214072e-06
9.7714555211e-09	9.03434465727e-06
9.79119583528e-09	7.42500878914e-06
9.81093614947e-09	4.57149371869e-06
9.83067646365e-09	1.0961210819e-06
9.85041677784e-09	-2.27443240419e-06
9.87015709202e-09	-4.9033274081e-06
9.8898974062e-09	-6.39153768134e-06
9.90963772039e-09	-6.64645199322e-06
9.92937803457e-09	-5.86565920457e-06
9.94911834876e-09	-4.4536675432e-06
9.96885866294e-09	-2.90104037504e-06
9.98859897712e-09	-1.65512477679e-06
1.00083392913e-08	-1.0084738733e-06
1.00280796055e-08	-1.02559863535e-06
1.00478199197e-08	-1.52624397742e-06
1.00675602339e-08	-2.13464318222e-06
1.0087300548e-08	-2.3907088007e-06
1.01070408622e-08	-1.89971598274e-06
1.01267811764e-08	-4.78106258583e-07
1.01465214906e-08	1.75486263743e-06
1.01662618048e-08	4.37763219452e-06
1.0186002119e-08	6.76935428601e-06
1.02057424331e-08	8.28820247989e-06
1.02254827473e-08	8.4678604253e-06
1.02452230615e-08	7.16493786967e-06
1.02649633757e-08	4.60783485323e-06
1.02847036899e-08	1.33087922904e-06
1.03044440041e-08	-1.98003192509e-06
1.03241843183e-08	-4.67671316073e-06
1.03439246324e-08	-6.31250804872e-06
1.03636649466e-08	-6.73423483022e-06
1.03834052608e-08	-6.08602999819e-06
1.0403145575e-08	-4.73611294183e-06
1.04228858892e-08	-3.15640795634e-06
1.04426262034e-08	-1.7915637045e-06
1.04623665175e-08	-9.47809382978e-07
1.04821068317e-08	-7.23054853324e-07
1.05018471459e-08	-9.91306649212e-07
1.05215874601e-08	-1.44376355138e-06
1.05413277743e-08	-1.68137881928e-06
1.05610680885e-08	-1.34001584229e-06
1.05808084026e-08	-2.17139188408e-07
1.06005487168e-08	1.63837603395e-06
1.0620289031e-08	3.9074113829e-06
1.06400293452e-08	6.06880144005e-06
1.06597696594e-08	7.54121083446e-06
1.06795099736e-08	7.85772544987e-06
1.06992502878e-08	6.81556002746e-06
1.07189906019e-08	4.54956852991e-06
1.07387309161e-08	1.50249115904e-06
1.07584712303e-08	-1.69798403249e-06
1.07782115445e-08	-4.41404267804e-06
1.07979518587e-08	-6.16641636952e-06
1.08176921729e-08	-6.74553189128e-06
1.0837432487e-08	-6.23772962172e-06
1.08571728012e-08	-4.96740926792e-06
1.08769131154e-08	-3.38336508321e-06
1.08966534296e-08	-1.92698070123e-06
1.09163937438e-08	-9.17880328188e-07
1.0936134058e-08	-4.83721720457e-07
1.09558743721e-08	-5.43203697134e-07
1.09756146863e-08	-8.42785226496e-07
1.09953550005e-08	-1.03736863366e-06
1.10150953147e-08	-7.9705782241e-07
1.10348356289e-08	8.39260678731e-08
1.10545759431e-08	1.60501139135e-06
1.10743162572e-08	3.53123505192e-06
1.10940565714e-08	5.43582859791e-06
1.11137968856e-08	6.80927837493e-06
1.11335371998e-08	7.2068278314e-06
1.1153277514e-08	6.38994060864e-06
1.11730178282e-08	4.41348902314e-06
1.11927581424e-08	1.62621910249e-06
1.12124984565e-08	-1.41829758604e-06
1.12322387707e-08	-4.11284395341e-06
1.12519790849e-08	-5.96023983235e-06
1.12717193991e-08	-6.6976792823e-06
1.12914597133e-08	-6.34569710201e-06
1.13112000275e-08	-5.17350235896e-06
1.13309403416e-08	-3.59878004019e-06
1.13506806558e-08	-2.05914568596e-06
1.137042097e-08	-8.93865433227e-07
1.13901612842e-08	-2.65680597522e-07
1.14099015984e-08	-1.37520913768e-07
1.14296419126e-08	-3.03106645561e-07
1.14493822267e-08	-4.5951369998e-07
1.14691225409e-08	-3.03071431063e-07
1.14888628551e-08	3.7300743827e-07
1.15086031693e-08	1.60341755873e-06
1.15283434835e-08	3.21920140323e-06
1.15480837977e-08	4.87355146106e-06
1.15678241118e-08	6.12558415014e-06
1.1587564426e-08	6.56300494484e-06
1.16073047402e-08	5.9299889017e-06
1.16270450544e-08	4.21914592152e-06
1.16467853686e-08	1.69408889406e-06
1.16665256828e-08	-1.16918880622e-06
1.1686265997e-08	-3.80671633593e-06
1.17060063111e-08	-5.71806390326e-06
1.17257466253e-08	-6.59688726046e-06
1.17454869395e-08	-6.39982567918e-06
1.17652272537e-08	-5.33596039531e-06
1.17849675679e-08	-3.78568313408e-06
1.18047078821e-08	-2.17946887915e-06
1.18244481962e-08	-8.76117297821e-07
1.18441885104e-08	-7.48170805309e-08
1.18639288246e-08	2.18572864696e-07
1.18836691388e-08	1.69389757332e-07
1.1903409453e-08	4.74533763395e-08
1.19231497672e-08	1.36828319341e-07
1.19428900813e-08	6.44572168085e-07
1.19626303955e-08	1.63012811072e-06
1.19823707097e-08	2.97349913581e-06
1.20021110239e-08	4.39206178271e-06
1.20218513381e-08	5.50650565856e-06
1.20415916523e-08	5.94291850575e-06
1.20613319664e-08	5.44513113709e-06
1.20810722806e-08	3.96374593947e-06
1.21008125948e-08	1.69164684394e-06
1.2120552909e-08	-9.70129889311e-07
1.21402932232e-08	-3.51067569682e-06
1.21600335374e-08	-5.4434658523e-06
1.21797738516e-08	-6.43457610749e-06
1.21995141657e-08	-6.38515325591e-06
1.22192544799e-08	-5.4430365708e-06
1.22389947941e-08	-3.94307949136e-06
1.22587351083e-08	-2.29858892453e-06
1.22784754225e-08	-8.80859005292e-07
1.22982157367e-08	7.67844738903e-08
1.23179560508e-08	5.25251948602e-07
1.2337696365e-08	5.88375797861e-07
1.23574366792e-08	5.04491453057e-07
1.23771769934e-08	5.40562894003e-07
1.23969173076e-08	9.04248366851e-07
1.24166576218e-08	1.67558670228e-06
1.24363979359e-08	2.77430569895e-06
1.24561382501e-08	3.97083749704e-06
1.24758785643e-08	4.94037067256e-06
1.24956188785e-08	5.3485105127e-06
1.25153591927e-08	4.94871733281e-06
1.25350995069e-08	3.66477706848e-06
1.2554839821e-08	1.63252087759e-06
1.25745801352e-08	-8.16423892047e-07
1.25943204494e-08	-3.22932044128e-06
1.26140607636e-08	-5.14628914061e-06
1.26338010778e-08	-6.22073525847e-06
1.2653541392e-08	-6.30854788142e-06
1.26732817062e-08	-5.49788978788e-06
1.26930220203e-08	-4.07180255024e-06
1.27127623345e-08	-2.4165767627e-06
1.27325026487e-08	-9.07434383635e-07
1.27522429629e-08	1.92262582743e-07
1.27719832771e-08	7.89437507365e-07
1.27917235913e-08	9.64091242395e-07
1.28114639054e-08	9.21443529478e-07
1.28312042196e-08	9.12208378168e-07
1.28509445338e-08	1.14660366535e-06
1.2870684848e-08	1.72505707496e-06
1.28904251622e-08	2.60282138242e-06
1.29101654764e-08	3.59562625363e-06
1.29299057905e-08	4.42489340458e-06
1.29496461047e-08	4.79162531519e-06
1.29693864189e-08	4.46240983365e-06
1.29891267331e-08	3.34464732532e-06
1.30088670473e-08	1.5300778955e-06
1.30286073615e-08	-7.09250230102e-07
1.30483476757e-08	-2.97690235129e-06
1.30680879898e-08	-4.84710926685e-06
1.3087828304e-08	-5.97335474595e-06
1.31075686182e-08	-6.17854811935e-06
1.31273089324e-08	-5.49808419237e-06
1.31470492466e-08	-4.16195598518e-06
1.31667895608e-08	-2.52194047334e-06
1.31865298749e-08	-9.47945864027e-07
1.32062701891e-08	2.73794512395e-07
1.32260105033e-08	1.00913428014e-06
1.32457508175e-08	1.29346125277e-06
1.32654911317e-08	1.29683900241e-06
1.32852314459e-08	1.25235459336e-06
1.330497176e-08	1.37252828836e-06
1.33247120742e-08	1.77753412345e-06
1.33444523884e-08	2.4553678486e-06
1.33641927026e-08	3.26156134633e-06
1.33839330168e-08	3.95713027501e-06
1.3403673331e-08	4.27426584793e-06
1.34234136451e-08	3.99348255087e-06
1.34431539593e-08	3.01300758565e-06
1.34628942735e-08	1.39179707048e-06
1.34826345877e-08	-6.47369120088e-07
1.35023749019e-08	-2.75967749985e-06
1.35221152161e-08	-4.55679150946e-06
1.35418555303e-08	-5.70275119571e-06
1.35615958444e-08	-6.00050361754e-06
1.35813361586e-08	-5.44213799003e-06
1.36010764728e-08	-4.20709579885e-06
1.3620816787e-08	-2.60772105776e-06
1.36405571012e-08	-9.98686459752e-07
1.36602974154e-08	3.20526183373e-07
1.36800377295e-08	1.18080942002e-06
1.36997780437e-08	1.57376786092e-06
1.37195183579e-08	1.63145574561e-06
1.37392586721e-08	1.56552749786e-06
1.37589989863e-08	1.58753653068e-06
1.37787393005e-08	1.83567703971e-06
1.37984796146e-08	2.32919012433e-06
1.38182199288e-08	2.96095981867e-06
1.3837960243e-08	3.52812332949e-06
1.38577005572e-08	3.79093773972e-06
1.38774408714e-08	3.54345786491e-06
1.38971811856e-08	2.67853238256e-06
1.39169214997e-08	1.22976797456e-06
1.39366618139e-08	-6.20837766974e-07
1.39564021281e-08	-2.57445549323e-06
1.39761424423e-08	-4.28046746492e-06
1.39958827565e-08	-5.42004522686e-06
1.40156230707e-08	-5.78635285819e-06
1.40353633849e-08	-5.337946277e-06
1.4055103699e-08	-4.20871606366e-06
1.40748440132e-08	-2.66958943484e-06
1.40945843274e-08	-1.05279644913e-06
1.41143246416e-08	3.38531123134e-07
1.41340649558e-08	1.30777146978e-06
1.415380527e-08	1.80590961918e-06
1.41735455841e-08	1.92545832078e-06
1.41932858983e-08	1.85223819926e-06
1.42130262125e-08	1.79235797759e-06
1.42327665267e-08	1.89900492842e-06
1.42525068409e-08	2.22120945637e-06
1.42722471551e-08	2.68823555416e-06
1.42919874692e-08	3.13194641421e-06
1.43117277834e-08	3.33861532908e-06
1.43314680976e-08	3.11480539494e-06
1.43512084118e-08	2.34922833897e-06
1.4370948726e-08	1.05469115397e-06
1.43906890402e-08	-6.20952391728e-07
1.44104293543e-08	-2.41879149598e-06
1.44301696685e-08	-4.02354839935e-06
1.44499099827e-08	-5.13649024469e-06
1.44696502969e-08	-5.54867028768e-06
1.44893906111e-08	-5.19425816492e-06
1.45091309253e-08	-4.16842453888e-06
1.45288712395e-08	-2.70227076271e-06
1.45486115536e-08	-1.10107464479e-06
1.45683518678e-08	3.3655517484e-07
1.4588092182e-08	1.39499843499e-06
1.46078324962e-08	1.99011367386e-06
1.46275728104e-08	2.17581180095e-06
1.46473131246e-08	2.1087615778e-06
1.46670534387e-08	1.98470831947e-06
1.46867937529e-08	1.96710402633e-06
1.47065340671e-08	2.13167766105e-06
1.47262743813e-08	2.44286127327e-06
1.47460146955e-08	2.76674268207e-06
1.47657550097e-08	2.91519427265e-06
1.47854953238e-08	2.70705868388e-06
1.4805235638e-08	2.02780086056e-06
1.48249759522e-08	8.72130812013e-07
1.48447162664e-08	-6.4149270429e-07
1.48644565806e-08	-2.2889956881e-06
1.48841968948e-08	-3.78721620109e-06
1.4903937209e-08	-4.8582803629e-06
1.49236775231e-08	-5.29623639522e-06
1.49434178373e-08	-5.01885574522e-06
1.49631581515e-08	-4.08985442846e-06
1.49828984657e-08	-2.70399561941e-06
1.50026387799e-08	-1.1377685496e-06
1.50223790941e-08	3.21444602491e-07
1.50421194082e-08	1.44758848819e-06
1.50618597224e-08	2.12818270029e-06
1.50816000366e-08	2.38121072016e-06
1.51013403508e-08	2.33262119309e-06
1.5121080665e-08	2.1625928639e-06
1.51408209792e-08	2.03924480502e-06
1.51605612933e-08	2.06090624033e-06
1.51803016075e-08	2.2249171252e-06
1.52000419217e-08	2.43136423705e-06
1.52197822359e-08	2.5185636332e-06
1.52395225501e-08	2.31848309795e-06
1.52592628643e-08	1.71454519204e-06
1.52790031784e-08	6.85410753931e-07
1.52987434926e-08	-6.76925367316e-07
1.53184838068e-08	-2.17971944494e-06
1.5338224121e-08	-3.56924601874e-06
1.53579644352e-08	-4.58804947812e-06
1.53777047494e-08	-5.03619457959e-06
1.53974450636e-08	-4.82061682305e-06
1.54171853777e-08	-3.97989811063e-06
1.54369256919e-08	-2.67688687927e-06
1.54566660061e-08	-1.15950285817e-06
1.54764063203e-08	3.00274962228e-07
1.54961466345e-08	1.47299482478e-06
1.55158869487e-08	2.2250570737e-06
1.55356272628e-08	2.54294468505e-06
1.5555367577e-08	2.52182758231e-06
1.55751078912e-08	2.3227356678e-06
1.55948482054e-08	2.1126708134e-06
1.56145885196e-08	2.00726242383e-06
1.56343288338e-08	2.03367949325e-06
1.56540691479e-08	2.1253124487e-06
1.56738094621e-08	2.14800252252e-06
1.56935497763e-08	1.94861365799e-06
1.57132900905e-08	1.41023019751e-06
1.57330304047e-08	4.97171583902e-07
1.57527707189e-08	-7.23123719126e-07
1.5772511033e-08	-2.08692563319e-06
1.57922513472e-08	-3.36767539011e-06
1.58119916614e-08	-4.32758884017e-06
1.58317319756e-08	-4.77406410937e-06
1.58514722898e-08	-4.60702426608e-06
1.5871212604e-08	-3.84520762964e-06
1.58909529182e-08	-2.62393541561e-06
1.59106932323e-08	-1.16437138331e-06
1.59304335465e-08	2.78967362988e-07
1.59501738607e-08	1.4787259488e-06
1.59699141749e-08	2.28681062708e-06
1.59896544891e-08	2.66345159616e-06
1.60093948033e-08	2.67498262474e-06
1.60291351174e-08	2.46123818215e-06
1.60488754316e-08	2.18319269152e-06
1.60686157458e-08	1.96801840957e-06
1.608835606e-08	1.86845642247e-06
1.61080963742e-08	1.84931712965e-06
1.61278366884e-08	1.80458602017e-06
1.61475770025e-08	1.59815965617e-06
1.61673173167e-08	1.1153801438e-06
1.61870576309e-08	3.08350635692e-07
1.62067979451e-08	-7.78269338753e-07
1.62265382593e-08	-2.00813633455e-06
1.62462785735e-08	-3.18068862271e-06
1.62660188876e-08	-4.07711445405e-06
1.62857592018e-08	-4.51285427516e-06
1.6305499516e-08	-4.38338906861e-06
1.63252398302e-08	-3.69145027435e-06
1.63449801444e-08	-2.54895803664e-06
1.63647204586e-08	-1.1526277035e-06
1.63844607728e-08	2.61140044699e-07
1.64042010869e-08	1.47077264501e-06
1.64239414011e-08	2.31939202422e-06
1.64436817153e-08	2.74649244147e-06
1.64634220295e-08	2.79259347735e-06
1.64831623437e-08	2.57568035522e-06
1.65029026579e-08	2.24700011131e-06
1.6522642972e-08	1.93985135866e-06
1.65423832862e-08	1.72749099647e-06
1.65621236004e-08	1.60337373245e-06
1.65818639146e-08	1.48932457478e-06
1.66016042288e-08	1.26832833303e-06
1.6621344543e-08	8.30870959589e-07
1.66410848571e-08	1.1963249591e-07
1.66608251713e-08	-8.41312640887e-07
1.66805654855e-08	-1.94184519842e-06
1.67003057997e-08	-3.00673752918e-06
1.67200461139e-08	-3.83604128729e-06
1.67397864281e-08	-4.25403345616e-06
1.67595267423e-08	-4.15342674387e-06
1.67792670564e-08	-3.52366475909e-06
1.67990073706e-08	-2.4563378247e-06
1.68187476848e-08	-1.12604323022e-06
1.6838487999e-08	2.48597501695e-07
1.68582283132e-08	1.45401861573e-06
1.68779686274e-08	2.32892250551e-06
1.68977089415e-08	2.7970447718e-06
1.69174492557e-08	2.87664784082e-06
1.69371895699e-08	2.66481742983e-06
1.69569298841e-08	2.30060311424e-06
1.69766701983e-08	1.91873130007e-06
1.69964105125e-08	1.60789613801e-06
1.70161508266e-08	1.3864283801e-06
1.70358911408e-08	1.20289405459e-06
1.7055631455e-08	9.60666824312e-07
1.70753717692e-08	5.58311995746e-07
1.70951120834e-08	-6.76110900599e-08
1.71148523976e-08	-9.11193126285e-07
1.71345927117e-08	-1.88712778026e-06
1.71543330259e-08	-2.84506893422e-06
1.71740733401e-08	-3.60433239166e-06
1.71938136543e-08	-3.99880991608e-06
1.72135539685e-08	-3.9198223476e-06
1.72332942827e-08	-3.34561127602e-06
1.72530345969e-08	-2.34976153024e-06
1.7272774911e-08	-1.08670064947e-06
1.72925152252e-08	2.41928901801e-07
1.73122555394e-08	1.43190675317e-06
1.73319958536e-08	2.32064644479e-06
1.73517361678e-08	2.82015730591e-06
1.7371476482e-08	2.93027949283e-06
1.73912167961e-08	2.72873000995e-06
1.74109571103e-08	2.34125059251e-06
1.74306974245e-08	1.90053788174e-06
1.74504377387e-08	1.50596167714e-06
1.74701780529e-08	1.19657460118e-06
1.74899183671e-08	9.45549743392e-07
1.75096586812e-08	6.76998610061e-07
1.75293989954e-08	3.00005368103e-07
1.75491393096e-08	-2.51597796819e-07
1.75688796238e-08	-9.86965119409e-07
1.7588619938e-08	-1.84368906275e-06
1.76083602522e-08	-2.69577265044e-06
1.76281005663e-08	-3.38229858698e-06
1.76478408805e-08	-3.74798582925e-06
1.76675811947e-08	-3.68430733033e-06
1.76873215089e-08	-3.1599245176e-06
1.77070618231e-08	-2.23215431561e-06
1.77268021373e-08	-1.03677081142e-06
1.77465424515e-08	2.40937431784e-07
1.77662827656e-08	1.40663456705e-06
1.77860230798e-08	2.29862166634e-06
1.7805763394e-08	2.82050871192e-06
1.78255037082e-08	2.95695087971e-06
1.78452440224e-08	2.76848015801e-06
1.78649843366e-08	2.36746279825e-06
1.78847246507e-08	1.88197299167e-06
1.79044649649e-08	1.41801314157e-06
1.79242052791e-08	1.0312600125e-06
1.79439455933e-08	7.1657163403e-07
1.79636859075e-08	4.18341130626e-07
1.79834262217e-08	5.80192143218e-08
1.80031665358e-08	-4.30201012591e-07
1.802290685e-08	-1.06718613324e-06
1.80426471642e-08	-1.81095776952e-06
1.80623874784e-08	-2.55902807567e-06
1.80821277926e-08	-3.17061949318e-06
1.81018681068e-08	-3.50259938386e-06
1.81216084209e-08	-3.44831789789e-06
1.81413487351e-08	-2.96851624171e-06
1.81610890493e-08	-2.10568975945e-06
1.81808293635e-08	-9.7806400845e-07
1.82005696777e-08	2.44957298889e-07
1.82203099919e-08	1.37934563327e-06
1.82400503061e-08	2.26581857987e-06
1.82597906202e-08	2.80209405901e-06
1.82795309344e-08	2.9603903613e-06
1.82992712486e-08	2.78615107163e-06
1.83190115628e-08	2.37884296439e-06
1.8338751877e-08	1.86046679573e-06
1.83584921912e-08	1.34044870492e-06
1.83782325053e-08	8.87215719558e-07
1.83979728195e-08	5.14331645718e-07
1.84177131337e-08	1.85105193395e-07
1.84374534479e-08	-1.65756546266e-07
1.84571937621e-08	-6.00995150535e-07
1.84769340763e-08	-1.14988540645e-06
1.84966743904e-08	-1.78806641316e-06
1.85164147046e-08	-2.43500323904e-06
1.85361550188e-08	-2.97019641948e-06
1.8555895333e-08	-3.2639420624e-06
1.85756356472e-08	-3.21331390296e-06
1.85953759614e-08	-2.77297453977e-06
1.86151162756e-08	-1.97202064101e-06
1.86348565897e-08	-9.11972449558e-07
1.86545969039e-08	2.53381543303e-07
1.86743372181e-08	1.35077675623e-06
1.86940775323e-08	2.22449295961e-06
1.87138178465e-08	2.76820333056e-06
1.87335581607e-08	2.94396352274e-06
1.87532984748e-08	2.78401830656e-06
1.8773038789e-08	2.3757775125e-06
1.87927791032e-08	1.83434548262e-06
1.88125194174e-08	1.27022167362e-06
1.88322597316e-08	7.61283502015e-07
1.88520000458e-08	3.36649364385e-07
1.88717403599e-08	-2.31631132053e-08
1.88914806741e-08	-3.70077373191e-07
1.89112209883e-08	-7.61750555967e-07
1.89309613025e-08	-1.23281876085e-06
1.89507016167e-08	-1.77358697329e-06
1.89704419309e-08	-2.3235113531e-06
1.8990182245e-08	-2.78192760561e-06
1.90099225592e-08	-3.0335423844e-06
1.90296628734e-08	-2.98098404983e-06
1.90494031876e-08	-2.57483895894e-06
1.90691435018e-08	-1.83239399121e-06
1.9088883816e-08	-8.39364673766e-07
1.91086241302e-08	2.65891088702e-07
1.91283644443e-08	1.32141974518e-06
1.91481047585e-08	2.17616729969e-06
1.91678450727e-08	2.72134150237e-06
1.91875853869e-08	2.9105573276e-06
1.92073257011e-08	2.76446326097e-06
1.92270660153e-08	2.35923755554e-06
1.92468063294e-08	1.80276174433e-06
1.92665466436e-08	1.20493734812e-06
1.92862869578e-08	6.50406008162e-07
1.9306027272e-08	1.81018044998e-07
1.93257675862e-08	-2.07548580988e-07
1.93455079004e-08	-5.54308599021e-07
1.93652482145e-08	-9.10585811198e-07
1.93849885287e-08	-1.31374883949e-06
1.94047288429e-08	-1.76582756239e-06
1.94244691571e-08	-2.22397056859e-06
1.94442094713e-08	-2.60640615579e-06
1.94639497855e-08	-2.81284189896e-06
1.94836900996e-08	-2.75306877029e-06
1.95034304138e-08	-2.37568690409e-06
1.9523170728e-08	-1.68801176414e-06
1.95429110422e-08	-7.6095105328e-07
1.95626513564e-08	2.82357376591e-07
1.95823916706e-08	1.29179022679e-06
1.96021319848e-08	2.12213092254e-06
1.96218722989e-08	2.66347944944e-06
1.96416126131e-08	2.86255112769e-06
1.96613529273e-08	2.72963154657e-06
1.96810932415e-08	2.3304539809e-06
1.97008335557e-08	1.7655290776e-06
1.97205738699e-08	1.14291071895e-06
1.9740314184e-08	5.51984214781e-07
1.97600544982e-08	4.48654429164e-08
1.97797948124e-08	-3.69668242683e-07
1.97995351266e-08	-7.18586676385e-07
1.98192754408e-08	-1.04617691932e-06
1.9839015755e-08	-1.39058312243e-06
1.98587560691e-08	-1.76281929498e-06
1.98784963833e-08	-2.1353006332e-06
1.98982366975e-08	-2.44381703851e-06
1.99179770117e-08	-2.60305955635e-06
1.99377173259e-08	-2.53135488038e-06
1.99574576401e-08	-2.1773159915e-06
1.99771979542e-08	-1.54016652232e-06
1.99969382684e-08	-6.77381734704e-07
2.00166785826e-08	3.02789800344e-07
2.00364188968e-08	1.26253178223e-06
2.0056159211e-08	2.06356025956e-06
2.00758995252e-08	2.59630542132e-06
2.00956398394e-08	2.80188351098e-06
2.01153801535e-08	2.68138865067e-06
2.01351204677e-08	2.29065642543e-06
2.01548607819e-08	1.72274661736e-06
2.01746010961e-08	1.08301617274e-06
2.01943414103e-08	4.63905450943e-07
2.02140817245e-08	-7.42073673621e-08
2.02338220386e-08	-5.11335315423e-07
2.02535623528e-08	-8.63500446258e-07
2.0273302667e-08	-1.16778852544e-06
2.02930429812e-08	-1.46158959069e-06
2.03127832954e-08	-1.76263137064e-06
2.03325236096e-08	-2.05617607207e-06
2.03522639237e-08	-2.29387012496e-06
2.03720042379e-08	-2.40504357407e-06
2.03917445521e-08	-2.31748049373e-06
2.04114848663e-08	-1.98154202735e-06
2.04312251805e-08	-1.39032079005e-06
2.04509654947e-08	-5.8940429426e-07
2.04707058089e-08	3.27214593199e-07
2.0490446123e-08	1.2343847402e-06
2.05101864372e-08	2.00170870812e-06
2.05299267514e-08	2.52133440881e-06
2.05496670656e-08	2.73022146757e-06
2.05694073798e-08	2.62124626715e-06
2.0589147694e-08	2.24091945711e-06
2.06088880081e-08	1.67473069723e-06
2.06286283223e-08	1.02456419881e-06
2.06483686365e-08	3.84596447134e-07
2.06681089507e-08	-1.78281268859e-07
2.06878492649e-08	-6.34457308024e-07
2.07075895791e-08	-9.90087301034e-07
2.07273298932e-08	-1.27520661408e-06
2.07470702074e-08	-1.5254987602e-06
2.07668105216e-08	-1.76347651859e-06
2.07865508358e-08	-1.98503767024e-06
2.080629115e-08	-2.15590728203e-06
2.08260314642e-08	-2.21928598876e-06
2.08457717783e-08	-2.11280359963e-06
2.08655120925e-08	-1.79009333579e-06
2.08852524067e-08	-1.24006066926e-06
2.09049927209e-08	-4.97954346201e-07
2.09247330351e-08	3.55548010589e-07
2.09444733493e-08	1.20799330716e-06
2.09642136635e-08	1.93780283553e-06
2.09839539776e-08	2.4401350629e-06
2.10036942918e-08	2.64910977421e-06
2.1023434606e-08	2.55055749676e-06
2.10431749202e-08	2.18214961478e-06
2.10629152344e-08	1.62175751939e-06
2.10826555486e-08	9.6709473496e-07
2.11023958627e-08	3.1282344537e-07
2.11221361769e-08	-2.69045543178e-07
2.11418764911e-08	-7.40751914918e-07
2.11616168053e-08	-1.0995764228e-06
2.11813571195e-08	-1.36872557732e-06
2.12010974337e-08	-1.58153238772e-06
2.12208377478e-08	-1.76382707195e-06
2.1240578062e-08	-1.92029614254e-06
2.12603183762e-08	-2.02895603252e-06
2.12800586904e-08	-2.04580101126e-06
2.12997990046e-08	-1.9183867721e-06
2.13195393188e-08	-1.60462002441e-06
2.13392796329e-08	-1.09094122536e-06
2.13590199471e-08	-4.0407556412e-07
2.13787602613e-08	3.87560930903e-07
2.13985005755e-08	1.1839384797e-06
2.14182408897e-08	1.87296706144e-06
2.14379812039e-08	2.35412210259e-06
2.14577215181e-08	2.56006330801e-06
2.14774618322e-08	2.47061507253e-06
2.14972021464e-08	2.11525707527e-06
2.15169424606e-08	1.5641158484e-06
2.15366827748e-08	9.10160480316e-07
2.1556423089e-08	2.47538039844e-07
2.15761634032e-08	-3.47996291339e-07
2.15959037173e-08	-8.31757262176e-07
2.16156440315e-08	-1.1930940218e-06
2.16353843457e-08	-1.44878623587e-06
2.16551246599e-08	-1.62930103897e-06
2.16748649741e-08	-1.76263091589e-06
2.16946052883e-08	-1.86060032092e-06
2.17143456024e-08	-1.91190849819e-06
2.17340859166e-08	-1.88421421399e-06
2.17538262308e-08	-1.73475473275e-06
2.1773566545e-08	-1.42644319112e-06
2.17933068592e-08	-9.44600571984e-07
2.18130471734e-08	-3.09024301259e-07
2.18327874875e-08	4.22733876349e-07
2.18525278017e-08	1.16263510108e-06
2.18722681159e-08	1.80837548669e-06
2.18920084301e-08	2.26479346566e-06
2.19117487443e-08	2.46453714681e-06
2.19314890585e-08	2.38260236074e-06
2.19512293727e-08	2.04094840228e-06
2.19709696868e-08	1.5020510773e-06
2.1990710001e-08	8.53494128705e-07
2.20104503152e-08	1.87892538861e-07
2.20301906294e-08	-4.16389127622e-07
2.20499309436e-08	-9.08882753947e-07
2.20696712578e-08	-1.27186183363e-06
2.20894115719e-08	-1.51598379716e-06
2.21091518861e-08	-1.66864782614e-06
2.21288922003e-08	-1.75905131528e-06
2.21486325145e-08	-1.80476348532e-06
2.21683728287e-08	-1.80368749625e-06
2.21881131429e-08	-1.73400258063e-06
2.2207853457e-08	-1.56216134428e-06
2.22275937712e-08	-1.25648261928e-06
2.22473340854e-08	-8.02342299266e-07
2.22670743996e-08	-2.14085545736e-07
2.22868147138e-08	4.60370671362e-07
2.2306555028e-08	1.14416457109e-06
2.23262953422e-08	1.74491401594e-06
2.23460356563e-08	2.17361525756e-06
2.23657759705e-08	2.36409005083e-06
2.23855162847e-08	2.28779799727e-06
2.24052565989e-08	1.96000257802e-06
2.24249969131e-08	1.43572395928e-06
2.24447372273e-08	7.96725402097e-07
2.24644775414e-08	1.33126860646e-07
2.24842178556e-08	-4.75274120504e-07
2.25039581698e-08	-9.73306271135e-07
2.2523698484e-08	-1.33696653393e-06
2.25434387982e-08	-1.57107075438e-06
2.25631791124e-08	-1.69967256625e-06
2.25829194265e-08	-1.75252006329e-06
2.26026597407e-08	-1.75177478923e-06
2.26224000549e-08	-1.70322363147e-06
2.26421403691e-08	-1.59449945158e-06
2.26618806833e-08	-1.40062491027e-06
2.26816209975e-08	-1.09546959948e-06
2.27013613116e-08	-6.65324108695e-07
2.27211016258e-08	-1.20370259538e-07
2.274084194e-08	4.99724166048e-07
2.27605822542e-08	1.12845248168e-06
2.27803225684e-08	1.68320065086e-06
2.28000628826e-08	2.08174390082e-06
2.28198031968e-08	2.26017891691e-06
2.28395435109e-08	2.18755428705e-06
2.28592838251e-08	1.8733431375e-06
2.28790241393e-08	1.36544440466e-06
2.28987644535e-08	7.39494282698e-07
2.29185047677e-08	8.23827726038e-08
2.29382450819e-08	-5.25756576053e-07
2.2957985396e-08	-1.02615223341e-06
2.29777257102e-08	-1.38929800642e-06
2.29974660244e-08	-1.61459149695e-06
2.30172063386e-08	-1.72257881559e-06
2.30369466528e-08	-1.74278790155e-06
2.3056686967e-08	-1.70095853491e-06
2.30764272811e-08	-1.60964810902e-06
2.30961675953e-08	-1.46490231145e-06
2.31159079095e-08	-1.24978896565e-06
2.31356482237e-08	-9.43719072666e-07
2.31553885379e-08	-5.34460099288e-07
2.31751288521e-08	-2.90674293524e-08
2.31948691662e-08	5.39870484317e-07
2.32146094804e-08	1.11523007718e-06
2.32343497946e-08	1.6237781324e-06
2.32540901088e-08	1.99034445814e-06
2.3273830423e-08	2.15417264826e-06
2.32935707372e-08	2.08311519145e-06
2.33133110514e-08	1.78181267074e-06
2.33330513655e-08	1.29151646888e-06
2.33527916797e-08	6.81627597032e-07
2.33725319939e-08	3.50181554865e-08
2.33922723081e-08	-5.68826635572e-07
2.34120126223e-08	-1.06852849058e-06
2.34317529365e-08	-1.42989603091e-06
2.34514932506e-08	-1.6472552602e-06
2.34712335648e-08	-1.73754062871e-06
2.3490973879e-08	-1.72953485844e-06
2.35107141932e-08	-1.65167051591e-06
2.35304545074e-08	-1.52219729443e-06
2.35501948216e-08	-1.3446042999e-06
2.35699351357e-08	-1.10938771058e-06
2.35896754499e-08	-8.01378973847e-07
2.36094157641e-08	-4.10300870612e-07
2.36291560783e-08	5.90035327264e-08
2.36488963925e-08	5.80007395001e-07
2.36686367067e-08	1.10404135967e-06
2.36883770208e-08	1.56677617724e-06
2.3708117335e-08	1.90020227819e-06
2.37278576492e-08	2.04736181786e-06
2.37475979634e-08	1.97584677153e-06
2.37673382776e-08	1.68644822907e-06
2.37870785918e-08	1.21438574752e-06
2.3806818906e-08	6.22869777089e-07
2.38265592201e-08	-9.70242552967e-09
2.38462995343e-08	-6.05438884804e-07
2.38660398485e-08	-1.10144156906e-06
2.38857801627e-08	-1.45962002307e-06
2.39055204769e-08	-1.66966219695e-06
2.39252607911e-08	-1.74485688831e-06
2.39450011052e-08	-1.71268675331e-06
2.39647414194e-08	-1.60345445011e-06
2.39844817336e-08	-1.44017491266e-06
2.40042220478e-08	-1.23290590182e-06
2.4023962362e-08	-9.78976288479e-07
2.40437026762e-08	-6.68461893838e-07
2.40634429903e-08	-2.93318748845e-07
2.40831833045e-08	1.43112231399e-07
2.41029236187e-08	6.19395478907e-07
2.41226639329e-08	1.09445500129e-06
2.41424042471e-08	1.51227010292e-06
2.41621445613e-08	1.81193973958e-06
2.41818848754e-08	1.94077460947e-06
2.42016251896e-08	1.86694279591e-06
2.42213655038e-08	1.58824786922e-06
2.4241105818e-08	1.13460794182e-06
2.42608461322e-08	5.63240263318e-07
2.42805864464e-08	-5.23496357374e-08
2.43003267606e-08	-6.36574355894e-07
2.43200670747e-08	-1.12594915436e-06
2.43398073889e-08	-1.47941409523e-06
2.43595477031e-08	-1.68246680232e-06
2.43792880173e-08	-1.74476400616e-06
2.43990283315e-08	-1.69213365098e-06
2.44187686457e-08	-1.55591663997e-06
2.44385089598e-08	-1.36300462827e-06
2.4458249274e-08	-1.12924533369e-06
2.44779895882e-08	-8.58140708715e-07
2.44977299024e-08	-5.44836751715e-07
2.45174702166e-08	-1.83756625916e-07
2.45372105308e-08	2.2272654121e-07
2.45569508449e-08	6.57407838389e-07
2.45766911591e-08	1.08598680981e-06
2.45964314733e-08	1.46017612224e-06
2.46161717875e-08	1.72598475956e-06
2.46359121017e-08	1.83527470199e-06
2.46556524159e-08	1.7574718072e-06
2.46753927301e-08	1.48823778545e-06
2.46951330442e-08	1.05282970253e-06
2.47148733584e-08	5.027942791e-07
2.47346136726e-08	-9.33847417173e-08
2.47543539868e-08	-6.63094709807e-07
2.4774094301e-08	-1.14311325206e-06
2.47938346152e-08	-1.49022599771e-06
2.48135749293e-08	-1.68632954001e-06
2.48333152435e-08	-1.73758451183e-06
2.48530555577e-08	-1.66778653465e-06
2.48727958719e-08	-1.50868936544e-06
2.48925361861e-08	-1.29018548023e-06
2.49122765003e-08	-1.03306535948e-06
2.49320168144e-08	-7.46468487023e-07
2.49517571286e-08	-4.30346247526e-07
2.49714974428e-08	-8.17151786237e-08
2.4991237757e-08	2.97446447917e-07
2.50109780712e-08	6.93523844575e-07
2.50307183854e-08	1.07820739004e-06
2.50504586995e-08	1.4103308672e-06
2.50701990137e-08	1.64259040503e-06
2.50899393279e-08	1.73156018946e-06
2.51096796421e-08	1.64839264016e-06
2.51294199563e-08	1.38735111932e-06
2.51491602705e-08	9.6971854191e-07
2.51689005847e-08	4.41726271561e-07
2.51886408988e-08	-1.33158295057e-07
2.5208381213e-08	-6.85766735842e-07
2.52281215272e-08	-1.15391640065e-06
2.52478618414e-08	-1.49299978602e-06
2.52676021556e-08	-1.68197169614e-06
2.52873424698e-08	-1.72366782181e-06
2.53070827839e-08	-1.63963443356e-06
2.53268230981e-08	-1.46146095403e-06
2.53465634123e-08	-1.22121508639e-06
2.53663037265e-08	-9.43835118505e-07
2.53860440407e-08	-6.43536111511e-07
2.54057843549e-08	-3.24773978377e-07
2.5425524669e-08	1.27387842497e-08
2.54452649832e-08	3.669958204e-07
2.54650052974e-08	7.27334111161e-07
2.54847456116e-08	1.07072747824e-06
2.55044859258e-08	1.36255835059e-06
2.552422624e-08	1.56192572831e-06
2.55439665541e-08	1.63013169185e-06
2.55637068683e-08	1.5404888245e-06
2.55834471825e-08	1.28645643827e-06
2.56031874967e-08	8.85941062734e-07
2.56229278109e-08	3.80328174288e-07
2.56426681251e-08	-1.71875825572e-07
2.56624084393e-08	-7.0526201057e-07
2.56821487534e-08	-1.15928639843e-06
2.57018890676e-08	-1.48871185957e-06
2.57216293818e-08	-1.67014763974e-06
2.5741369696e-08	-1.70342553929e-06
2.57611100102e-08	-1.60773066682e-06
2.57808503244e-08	-1.41394821185e-06
2.58005906385e-08	-1.15560743552e-06
2.58203309527e-08	-8.61054047618e-07
2.58400712669e-08	-5.48910321641e-07
2.58598115811e-08	-2.27863814928e-07
2.58795518953e-08	9.96097710981e-08
2.58992922095e-08	4.3118194526e-07
2.59190325236e-08	7.58496952358e-07
2.59387728378e-08	1.06319896531e-06
2.5958513152e-08	1.31669503389e-06
2.59782534662e-08	1.48406672906e-06
2.59979937804e-08	1.53139421855e-06
2.60177340946e-08	1.43441377531e-06
2.60374744087e-08	1.18628747714e-06
2.60572147229e-08	8.02140789347e-07
2.60769550371e-08	3.18931142829e-07
2.60966953513e-08	-2.09635651061e-07
2.61164356655e-08	-7.22097752259e-07
2.61361759797e-08	-1.16005747941e-06
2.61559162939e-08	-1.47829024399e-06
2.6175656608e-08	-1.65166051147e-06
2.61953969222e-08	-1.67733941225e-06
2.62151372364e-08	-1.57215657737e-06
2.62348775506e-08	-1.36590881539e-06
2.62546178648e-08	-1.0929265386e-06
2.6274358179e-08	-7.84201290571e-07
2.62940984931e-08	-4.62158780579e-07
2.63138388073e-08	-1.39354796147e-07
2.63335791215e-08	1.7898341298e-07
2.63533194357e-08	4.89866380349e-07
2.63730597499e-08	7.86762456073e-07
2.63928000641e-08	1.05535497141e-06
2.64125403782e-08	1.27252252469e-06
2.64322806924e-08	1.40904228374e-06
2.64520210066e-08	1.43564017208e-06
2.64717613208e-08	1.33070267339e-06
2.6491501635e-08	1.08750600702e-06
2.65112419492e-08	7.18898263585e-07
2.65309822634e-08	2.57873139731e-07
2.65507225775e-08	-2.46466186127e-07
2.65704628917e-08	-7.36689571568e-07
2.65902032059e-08	-1.15694172109e-06
2.66099435201e-08	-1.4625953213e-06
2.66296838343e-08	-1.62729128306e-06
2.66494241485e-08	-1.64597105368e-06
2.66691644626e-08	-1.53311617623e-06
2.66889047768e-08	-1.31717405338e-06
2.6708645091e-08	-1.03273811192e-06
2.67283854052e-08	-7.12740558129e-07
2.67481257194e-08	-3.8280472836e-07
2.67678660336e-08	-5.89495687819e-08
2.67876063477e-08	2.5094091427e-07
2.68073466619e-08	5.42963249472e-07
2.68270869761e-08	8.11912599374e-07
2.68468272903e-08	1.04695368464e-06
2.68665676045e-08	1.22989217743e-06
2.68863079187e-08	1.3368423879e-06
2.69060482328e-08	1.34307828148e-06
2.6925788547e-08	1.22976626926e-06
2.69455288612e-08	9.90649368759e-07
2.69652691754e-08	6.36761200212e-07
2.69850094896e-08	1.97516605738e-07
2.70047498038e-08	-2.82321096279e-07
2.7024490118e-08	-7.493740668e-07
2.70442304321e-08	-1.15059611971e-06
2.70639707463e-08	-1.44241920452e-06
2.70837110605e-08	-1.59782098308e-06
2.71034513747e-08	-1.60986348874e-06
2.71231916889e-08	-1.49084149825e-06
2.71429320031e-08	-1.26766008179e-06
2.71626723172e-08	-9.74686486188e-07
2.71824126314e-08	-6.46175465135e-07
2.72021529456e-08	-3.10344759669e-07
2.72218932598e-08	1.37210314222e-08
2.7241633574e-08	3.1564562164e-07
2.72613738882e-08	5.904268221e-07
2.72811142023e-08	8.33763095898e-07
2.73008545165e-08	1.03777244931e-06
2.73205948307e-08	1.18864556953e-06
2.73403351449e-08	1.26745652551e-06
2.73600754591e-08	1.25387691696e-06
2.73798157733e-08	1.13193846119e-06
2.73995560874e-08	8.9617256549e-07
2.74192964016e-08	5.56173517907e-07
2.74390367158e-08	1.38184525156e-07
2.745877703e-08	-3.17123834748e-07
2.74785173442e-08	-7.60361416496e-07
2.74982576584e-08	-1.1415335166e-06
2.75179979726e-08	-1.41848937574e-06
2.75377382867e-08	-1.56399278239e-06
2.75574786009e-08	-1.56962028086e-06
2.75772189151e-08	-1.44565092342e-06
2.75969592293e-08	-1.21733194192e-06
2.76166995435e-08	-9.18437734754e-07
2.76364398577e-08	-5.84018522432e-07
2.76561801718e-08	-2.44292181151e-07
2.7675920486e-08	7.90483873914e-08
2.76956608002e-08	3.732952365e-07
2.77154011144e-08	6.32259741451e-07
2.77351414286e-08	8.52195256584e-07
2.77548817428e-08	1.02761799781e-06
2.77746220569e-08	1.14862194778e-06
2.77943623711e-08	1.20083365118e-06
2.78141026853e-08	1.16813544082e-06
2.78338429995e-08	1.03749709979e-06
2.78535833137e-08	8.04458494486e-07
2.78733236279e-08	4.77540538668e-07
2.7893063942e-08	8.0184580753e-08
2.79128042562e-08	-3.50761894197e-07
2.79325445704e-08	-7.69853983229e-07
2.79522848846e-08	-1.13021110337e-06
2.79720251988e-08	-1.39144128752e-06
2.7991765513e-08	-1.52649607799e-06
2.80115058272e-08	-1.52580645363e-06
2.80312461413e-08	-1.39787243825e-06
2.80509864555e-08	-1.16622641144e-06
2.80707267697e-08	-8.63754394231e-07
2.80904670839e-08	-5.25835758936e-07
2.81102073981e-08	-1.84146827564e-07
2.81299477123e-08	1.37461860561e-07
2.81496880264e-08	4.24155572887e-07
2.81694283406e-08	6.6853624503e-07
2.81891686548e-08	8.67099373636e-07
2.8208908969e-08	1.01630388372e-06
2.82286492832e-08	1.10964998612e-06
2.82483895974e-08	1.13689657155e-06
2.82681299115e-08	1.08593417281e-06
2.82878702257e-08	9.46670894564e-07
2.83076105399e-08	7.15829713727e-07
2.83273508541e-08	4.01210471068e-07
2.83470911683e-08	2.37871269348e-08
2.83668314825e-08	-3.83158649697e-07
2.83865717967e-08	-7.77979863642e-07
2.84063121108e-08	-1.1170009202e-06
2.8426052425e-08	-1.36182967481e-06
2.84457927392e-08	-1.48594813254e-06
2.84655330534e-08	-1.47899794456e-06
2.84852733676e-08	-1.34787370598e-06
2.85050136818e-08	-1.11444336426e-06
2.85247539959e-08	-8.1046303535e-07
2.85444943101e-08	-4.71216949904e-07
2.85642346243e-08	-1.29399822413e-07
2.85839749385e-08	1.89412553198e-07
2.86037152527e-08	4.68542310728e-07
2.86234555669e-08	6.99356661471e-07
2.8643195881e-08	8.78400697957e-07
2.86629361952e-08	1.00366827382e-06
2.86826765094e-08	1.07155852902e-06
2.87024168236e-08	1.07556979856e-06
2.87221571378e-08	1.00733137742e-06
2.8741897452e-08	8.59612555359e-07
2.87616377661e-08	6.30543979696e-07
2.87813780803e-08	3.2746983436e-07
2.88011183945e-08	-3.07788532439e-08
2.88208587087e-08	-4.14196620113e-07
2.88405990229e-08	-7.84817387967e-07
2.88603393371e-08	-1.10220486249e-06
2.88800796513e-08	-1.33015419124e-06
2.88998199654e-08	-1.44294619986e-06
2.89195602796e-08	-1.42972845651e-06
2.89393005938e-08	-1.29603637333e-06
2.8959040908e-08	-1.06209165551e-06
2.89787812222e-08	-7.58404496537e-07
2.89985215364e-08	-4.19831224008e-07
2.90182618505e-08	-7.96065151576e-08
2.90380021647e-08	2.35344849386e-07
2.90577424789e-08	5.0678394814e-07
2.90774827931e-08	7.24914855255e-07
2.90972231073e-08	8.8612156901e-07
2.91169634215e-08	9.89583668343e-07
2.91367037356e-08	1.03417841046e-06
2.91564440498e-08	1.01671753328e-06
2.9176184364e-08	9.32286866373e-07
2.91959246782e-08	7.76466549723e-07
2.92156649924e-08	5.48842280068e-07
2.92354053066e-08	2.56584229419e-07
2.92551456207e-08	-8.32945232787e-08
2.92748859349e-08	-4.43802662176e-07
2.92946262491e-08	-7.90463190015e-07
2.93143665633e-08	-1.08610106508e-06
2.93341068775e-08	-1.29682848637e-06
2.93538471917e-08	-1.3979790765e-06
2.93735875059e-08	-1.37849087878e-06
2.939332782e-08	-1.2427331626e-06
2.94130681342e-08	-1.00935943692e-06
2.94328084484e-08	-7.07509343556e-07
2.94525487626e-08	-3.7136324238e-07
2.94722890768e-08	-3.43306716388e-08
2.9492029391e-08	2.75727941812e-07
2.95117697051e-08	5.39253335319e-07
2.95315100193e-08	7.45403866631e-07
2.95512503335e-08	8.90277874532e-07
2.95709906477e-08	9.73947749117e-07
2.95907309619e-08	9.97344159259e-07
2.96104712761e-08	9.60217391821e-07
2.96302115902e-08	8.60781369738e-07
2.96499519044e-08	6.97294865404e-07
2.96696922186e-08	4.70900403116e-07
2.96894325328e-08	1.88769213594e-07
2.9709172847e-08	-1.33578204498e-07
2.97289131612e-08	-4.71872311891e-07
2.97486534753e-08	-7.94976330099e-07
2.97683937895e-08	-1.06890075813e-06
2.97881341037e-08	-1.2622206782e-06
2.98078744179e-08	-1.3515215187e-06
2.98276147321e-08	-1.32576093392e-06
2.98473550463e-08	-1.18833639817e-06
2.98670953605e-08	-9.56412378628e-07
2.98868356746e-08	-6.57726218378e-07
2.99065759888e-08	-3.25550132629e-07
2.9926316303e-08	6.84064538348e-09
2.99460566172e-08	3.10982343876e-07
2.99657969314e-08	5.66313246964e-07
2.99855372456e-08	7.61059339993e-07
3.00052775597e-08	8.90970113687e-07
3.00250178739e-08	9.56720640488e-07
3.00447581881e-08	9.60940042205e-07
3.00644985023e-08	9.05909189441e-07
3.00842388165e-08	7.92706146058e-07
3.01039791307e-08	6.22116488103e-07
3.01237194448e-08	3.96833328864e-07
3.0143459759e-08	1.24237026e-07
3.01632000732e-08	-1.81422436185e-07
3.01829403874e-08	-4.98317433539e-07
3.02026807016e-08	-7.98409189429e-07
3.02224210158e-08	-1.05084421875e-06
3.024216133e-08	-1.22668188851e-06
3.02619016441e-08	-1.30396739451e-06
3.02816419583e-08	-1.27192930677e-06
3.03013822725e-08	-1.13316207262e-06
3.03211225867e-08	-9.03456566448e-07
3.03408629009e-08	-6.0907484567e-07
3.03606032151e-08	-2.82201298774e-07
3.03803435292e-08	4.42698269154e-08
