% time-domain current integration by openEMS v0.0.36 @Thu Feb  5 18:55:41 2026
% start-coordinates: (-0.0383913,0.01775,0) m -> [27,72,7]
% stop-coordinates: (-0.0383913,0.0215,0.00227273) m -> [27,77,10]
% t/s	current
7.05011220859e-13	0
2.04453254049e-11	-4.16947143478e-09
4.01856395889e-11	-6.59420162918e-09
5.9925953773e-11	-6.29309093725e-09
7.9666267957e-11	2.56663845732e-09
9.94065821411e-11	3.15681525365e-08
1.19146896325e-10	9.80112560001e-08
1.38887210509e-10	2.20709310383e-07
1.58627524693e-10	4.07761518773e-07
1.78367838877e-10	6.34169055047e-07
1.98108153061e-10	8.12952805518e-07
2.17848467245e-10	7.72059763676e-07
2.37588781429e-10	2.58524124774e-07
2.57329095613e-10	-1.00480713172e-06
2.77069409797e-10	-3.19906303048e-06
2.96809723981e-10	-6.24581889497e-06
3.16550038166e-10	-9.65799063124e-06
3.3629035235e-10	-1.24961907204e-05
3.56030666534e-10	-1.35179361678e-05
3.75770980718e-10	-1.15386155812e-05
3.95511294902e-10	-5.92259630139e-06
4.15251609086e-10	2.97934570881e-06
4.3499192327e-10	1.36666403705e-05
4.54732237454e-10	2.37488347921e-05
4.74472551638e-10	3.06102228933e-05
4.94212865822e-10	3.22683808918e-05
5.13953180006e-10	2.80971962638e-05
5.3369349419e-10	1.91119015653e-05
5.53433808374e-10	7.68326844991e-06
5.73174122558e-10	-3.2174664284e-06
5.92914436742e-10	-1.09536986201e-05
6.12654750926e-10	-1.39941639645e-05
6.3239506511e-10	-1.22641176858e-05
6.52135379294e-10	-7.00174859958e-06
6.71875693478e-10	-2.28651174439e-07
6.91616007662e-10	5.94254379394e-06
7.11356321846e-10	9.92198056338e-06
7.3109663603e-10	1.10016926556e-05
7.50836950214e-10	9.39390702115e-06
7.70577264398e-10	5.99286022407e-06
7.90317578582e-10	1.98285169972e-06
8.10057892767e-10	-1.55916711719e-06
8.29798206951e-10	-3.94223025069e-06
8.49538521135e-10	-4.96008397022e-06
8.69278835319e-10	-4.82193308926e-06
8.89019149503e-10	-3.97819621867e-06
9.08759463687e-10	-2.92222534881e-06
9.28499777871e-10	-2.03847139346e-06
9.48240092055e-10	-1.52499569595e-06
9.67980406239e-10	-1.38818393225e-06
9.87720720423e-10	-1.48640344833e-06
1.00746103461e-09	-1.59188505222e-06
1.02720134879e-09	-1.46752518049e-06
1.04694166298e-09	-9.33940668801e-07
1.06668197716e-09	7.33002281095e-08
1.08642229134e-09	1.46956267599e-06
1.10616260553e-09	3.02394596474e-06
1.12590291971e-09	4.40950634584e-06
1.1456432339e-09	5.29307817487e-06
1.16538354808e-09	5.438838798e-06
1.18512386226e-09	4.78946776639e-06
1.20486417645e-09	3.48939556716e-06
1.22460449063e-09	1.84117004665e-06
1.24434480482e-09	2.07054284829e-07
1.264085119e-09	-1.10146288534e-06
1.28382543318e-09	-1.90746823137e-06
1.30356574737e-09	-2.19382673095e-06
1.32330606155e-09	-2.07094558391e-06
1.34304637574e-09	-1.70974135472e-06
1.36278668992e-09	-1.26902023112e-06
1.3825270041e-09	-8.47994328979e-07
1.40226731829e-09	-4.74880778256e-07
1.42200763247e-09	-1.27005520767e-07
1.44174794666e-09	2.31431371844e-07
1.46148826084e-09	6.11032305642e-07
1.48122857502e-09	9.72872499005e-07
1.50096888921e-09	1.2265619489e-06
1.52070920339e-09	1.25231349557e-06
1.54044951758e-09	9.42024030337e-07
1.56018983176e-09	2.46625177169e-07
1.57993014594e-09	-7.85143129178e-07
1.59967046013e-09	-1.99370310838e-06
1.61941077431e-09	-3.13282157549e-06
1.6391510885e-09	-3.92919309888e-06
1.65889140268e-09	-4.16177499574e-06
1.67863171686e-09	-3.7353395328e-06
1.69837203105e-09	-2.72051875072e-06
1.71811234523e-09	-1.34230276672e-06
1.73785265942e-09	8.28902386729e-08
1.7575929736e-09	1.24119230804e-06
1.77733328778e-09	1.91368667402e-06
1.79707360197e-09	2.03415856959e-06
1.81681391615e-09	1.69342411027e-06
1.83655423034e-09	1.09137306481e-06
1.85629454452e-09	4.59143222997e-07
1.8760348587e-09	-1.74917396123e-08
1.89577517289e-09	-2.47475355764e-07
1.91551548707e-09	-2.43889957119e-07
1.93525580126e-09	-9.75716787366e-08
1.95499611544e-09	6.86713264031e-08
1.97473642962e-09	1.46466874185e-07
1.99447674381e-09	7.61430172247e-08
2.01421705799e-09	-1.37937931299e-07
2.03395737218e-09	-4.31112539445e-07
2.05369768636e-09	-6.98148141964e-07
2.07343800055e-09	-8.25609902222e-07
2.09317831473e-09	-7.29864382265e-07
2.11291862891e-09	-3.91023547763e-07
2.1326589431e-09	1.30008714905e-07
2.15239925728e-09	7.01958640548e-07
2.17213957147e-09	1.16137016448e-06
2.19187988565e-09	1.36859534905e-06
2.21162019983e-09	1.2594916825e-06
2.23136051402e-09	8.71188660767e-07
2.2511008282e-09	3.28673280592e-07
2.27084114239e-09	-2.02684518058e-07
2.29058145657e-09	-5.78078015678e-07
2.31032177075e-09	-7.22039658285e-07
2.33006208494e-09	-6.44790077331e-07
2.34980239912e-09	-4.22952183499e-07
2.36954271331e-09	-1.5786403651e-07
2.38928302749e-09	6.65982682335e-08
2.40902334167e-09	2.08390787293e-07
2.42876365586e-09	2.67349093974e-07
2.44850397004e-09	2.67735686066e-07
2.46824428423e-09	2.37087064647e-07
2.48798459841e-09	1.93214006572e-07
2.50772491259e-09	1.42911659395e-07
2.52746522678e-09	8.77028867308e-08
2.54720554096e-09	2.97214590717e-08
2.56694585515e-09	-2.72229865317e-08
2.58668616933e-09	-8.08803264363e-08
2.60642648351e-09	-1.33083986498e-07
2.6261667977e-09	-1.87676761243e-07
2.64590711188e-09	-2.44235678792e-07
2.66564742607e-09	-2.92002169999e-07
2.68538774025e-09	-3.09833097845e-07
2.70512805443e-09	-2.74347229379e-07
2.72486836862e-09	-1.7327772639e-07
2.7446086828e-09	-1.63937539099e-08
2.76434899699e-09	1.63279011645e-07
2.78408931117e-09	3.20003778143e-07
2.80382962535e-09	4.13134415567e-07
2.82356993954e-09	4.22923562837e-07
2.84331025372e-09	3.56158665227e-07
2.86305056791e-09	2.38765181848e-07
2.88279088209e-09	1.00104884382e-07
2.90253119627e-09	-4.14337080201e-08
2.92227151046e-09	-1.83194416081e-07
2.94201182464e-09	-3.30890372879e-07
2.96175213883e-09	-4.84247266286e-07
2.98149245301e-09	-6.25094855877e-07
3.0012327672e-09	-7.16397551059e-07
3.02097308138e-09	-7.14352722753e-07
3.04071339556e-09	-5.8851594531e-07
3.06045370975e-09	-3.40290682743e-07
3.08019402393e-09	-1.03637702864e-08
3.09993433812e-09	3.29520730702e-07
3.1196746523e-09	5.97767439103e-07
3.13941496648e-09	7.29138662336e-07
3.15915528067e-09	6.9612264042e-07
3.17889559485e-09	5.17615887929e-07
3.19863590904e-09	2.51961182585e-07
3.21837622322e-09	-2.26326761776e-08
3.2381165374e-09	-2.33003348171e-07
3.25785685159e-09	-3.32566941097e-07
3.27759716577e-09	-3.12776023748e-07
3.29733747996e-09	-2.01586829007e-07
3.31707779414e-09	-5.08323338977e-08
3.33681810832e-09	8.22260233235e-08
3.35655842251e-09	1.52735310621e-07
3.37629873669e-09	1.4053532027e-07
3.39603905088e-09	5.41749152205e-08
3.41577936506e-09	-7.34538332381e-08
3.43551967924e-09	-1.9588634359e-07
3.45525999343e-09	-2.67276277555e-07
3.47500030761e-09	-2.56531336618e-07
3.4947406218e-09	-1.57772461762e-07
3.51448093598e-09	6.1564353615e-09
3.53422125016e-09	1.88912423482e-07
3.55396156435e-09	3.34140821678e-07
3.57370187853e-09	3.93808676336e-07
3.59344219272e-09	3.4562521023e-07
3.6131825069e-09	2.02902953106e-07
3.63292282108e-09	1.22319274709e-08
3.65266313527e-09	-1.61530451237e-07
3.67240344945e-09	-2.58253294305e-07
3.69214376364e-09	-2.44985812969e-07
3.71188407782e-09	-1.28676518329e-07
3.731624392e-09	4.63669636019e-08
3.75136470619e-09	2.15410665305e-07
3.77110502037e-09	3.1758409591e-07
3.79084533456e-09	3.17399894811e-07
3.81058564874e-09	2.14981184854e-07
3.83032596292e-09	4.20498018627e-08
3.85006627711e-09	-1.52728020453e-07
3.86980659129e-09	-3.21386011137e-07
3.88954690548e-09	-4.29797779589e-07
3.90928721966e-09	-4.6258776365e-07
3.92902753384e-09	-4.20936373757e-07
3.94876784803e-09	-3.17359990731e-07
3.96850816221e-09	-1.71459660692e-07
3.9882484764e-09	-7.77542386032e-09
4.00798879058e-09	1.45747904412e-07
4.02772910477e-09	2.61199829765e-07
4.04746941895e-09	3.17033624242e-07
4.06720973313e-09	3.05403602852e-07
4.08695004732e-09	2.36579694501e-07
4.1066903615e-09	1.36974648512e-07
4.12643067569e-09	4.03282882644e-08
4.14617098987e-09	-2.47569040823e-08
4.16591130405e-09	-4.5372413382e-08
4.18565161824e-09	-2.8001631236e-08
4.20539193242e-09	6.2359095665e-09
4.22513224661e-09	3.20607931314e-08
4.24487256079e-09	3.09056247261e-08
4.26461287497e-09	-2.7858433338e-09
4.28435318916e-09	-6.18830355847e-08
4.30409350334e-09	-1.31873278519e-07
4.32383381753e-09	-1.97164169435e-07
4.34357413171e-09	-2.44860473231e-07
4.36331444589e-09	-2.65127965804e-07
4.38305476008e-09	-2.50017734515e-07
4.40279507426e-09	-1.93655253611e-07
4.42253538845e-09	-9.53415622007e-08
4.44227570263e-09	3.57043283827e-08
4.46201601681e-09	1.77513328481e-07
4.481756331e-09	2.9801446999e-07
4.50149664518e-09	3.64019882682e-07
4.52123695937e-09	3.53652467311e-07
4.54097727355e-09	2.66720348918e-07
4.56071758773e-09	1.27587938437e-07
4.58045790192e-09	-2.17660254265e-08
4.6001982161e-09	-1.3626549844e-07
4.61993853029e-09	-1.83970044532e-07
4.63967884447e-09	-1.57307738391e-07
4.65941915865e-09	-7.48474704437e-08
4.67915947284e-09	2.66900492818e-08
4.69889978702e-09	1.06419577151e-07
4.71864010121e-09	1.33479318265e-07
4.73838041539e-09	9.63308082191e-08
4.75812072957e-09	4.67351535249e-09
4.77786104376e-09	-1.15397597256e-07
4.79760135794e-09	-2.30187851002e-07
4.81734167213e-09	-3.07868873506e-07
4.83708198631e-09	-3.26109415028e-07
4.85682230049e-09	-2.76782088804e-07
4.87656261468e-09	-1.67539411677e-07
4.89630292886e-09	-2.04003249848e-08
4.91604324305e-09	1.32606231773e-07
4.93578355723e-09	2.56526476505e-07
4.95552387142e-09	3.223327667e-07
4.9752641856e-09	3.15437716836e-07
4.99500449978e-09	2.41002055645e-07
5.01474481397e-09	1.2351917178e-07
5.03448512815e-09	-1.71160557949e-10
5.05422544234e-09	-9.27156591501e-08
5.07396575652e-09	-1.28943057121e-07
5.0937060707e-09	-1.04585154759e-07
5.11344638489e-09	-3.74957203064e-08
5.13318669907e-09	3.93134769183e-08
5.15292701326e-09	9.02122678781e-08
5.17266732744e-09	9.01225760686e-08
5.19240764162e-09	3.32797647218e-08
5.21214795581e-09	-6.54761151964e-08
5.23188826999e-09	-1.7678058839e-07
5.25162858418e-09	-2.67301118129e-07
5.27136889836e-09	-3.10430465333e-07
5.29110921254e-09	-2.93416576369e-07
5.31084952673e-09	-2.19195271711e-07
5.33058984091e-09	-1.03599582246e-07
5.3503301551e-09	2.99817948246e-08
5.37007046928e-09	1.56233525672e-07
5.38981078346e-09	2.52527883049e-07
5.40955109765e-09	3.0232752124e-07
5.42929141183e-09	2.97831348917e-07
5.44903172602e-09	2.41923089561e-07
5.4687720402e-09	1.48681294831e-07
5.48851235438e-09	4.12892795509e-08
5.50825266857e-09	-5.32832693523e-08
5.52799298275e-09	-1.11966464544e-07
5.54773329694e-09	-1.23221639114e-07
5.56747361112e-09	-9.14155791065e-08
5.5872139253e-09	-3.56339029395e-08
5.60695423949e-09	1.71349583411e-08
5.62669455367e-09	4.20026609049e-08
5.64643486786e-09	2.53715057852e-08
5.66617518204e-09	-3.03525595768e-08
5.68591549622e-09	-1.08216930528e-07
5.70565581041e-09	-1.83324516456e-07
5.72539612459e-09	-2.31538393791e-07
5.74513643878e-09	-2.368249028e-07
5.76487675296e-09	-1.94931587316e-07
5.78461706714e-09	-1.13024341886e-07
5.80435738133e-09	-6.59937082759e-09
5.82409769551e-09	1.04538244727e-07
5.8438380097e-09	1.9995815137e-07
5.86357832388e-09	2.61760987996e-07
5.88331863807e-09	2.77597280274e-07
5.90305895225e-09	2.43706949732e-07
5.92279926643e-09	1.67223518588e-07
5.94253958062e-09	6.62245511762e-08
5.9622798948e-09	-3.37795356131e-08
5.98202020899e-09	-1.06863545568e-07
6.00176052317e-09	-1.3523515463e-07
6.02150083735e-09	-1.15980618887e-07
6.04124115154e-09	-6.28206677789e-08
6.06098146572e-09	-1.53931511981e-09
6.08072177991e-09	3.94972445861e-08
6.10046209409e-09	4.00472472961e-08
6.12020240827e-09	-4.39950387232e-09
6.13994272246e-09	-8.11128160194e-08
6.15968303664e-09	-1.65028737342e-07
6.17942335083e-09	-2.27780702744e-07
6.19916366501e-09	-2.47151263011e-07
6.21890397919e-09	-2.13584073094e-07
6.23864429338e-09	-1.32042075052e-07
6.25838460756e-09	-1.94715834567e-08
6.27812492175e-09	1.00425481264e-07
6.29786523593e-09	2.03114467467e-07
6.31760555011e-09	2.68420706107e-07
6.3373458643e-09	2.84321060917e-07
6.35708617848e-09	2.49196403956e-07
6.37682649267e-09	1.72359023054e-07
6.39656680685e-09	7.25030631088e-08
6.41630712103e-09	-2.6263771602e-08
6.43604743522e-09	-1.00486126087e-07
6.4557877494e-09	-1.34149843234e-07
6.47552806359e-09	-1.23949646991e-07
6.49526837777e-09	-8.07939670722e-08
6.51500869195e-09	-2.64161759134e-08
6.53474900614e-09	1.41687799271e-08
6.55448932032e-09	2.17275548664e-08
6.57422963451e-09	-1.00536459158e-08
6.59396994869e-09	-7.21815496263e-08
6.61371026287e-09	-1.43608332337e-07
6.63345057706e-09	-1.98768077553e-07
6.65319089124e-09	-2.16409517861e-07
6.67293120543e-09	-1.86424301774e-07
6.69267151961e-09	-1.12498042881e-07
6.71241183379e-09	-1.02025667914e-08
6.73215214798e-09	9.81623742291e-08
6.75189246216e-09	1.89835873243e-07
6.77163277635e-09	2.46984058094e-07
6.79137309053e-09	2.60059977109e-07
6.81111340471e-09	2.28956807291e-07
6.8308537189e-09	1.6233472877e-07
6.85059403308e-09	7.55831877086e-08
6.87033434727e-09	-1.23068168989e-08
6.89007466145e-09	-8.27562516292e-08
6.90981497564e-09	-1.22022441928e-07
6.92955528982e-09	-1.25034134157e-07
6.949295604e-09	-9.72820330958e-08
6.96903591819e-09	-5.36219104674e-08
6.98877623237e-09	-1.37937883338e-08
7.00851654656e-09	4.20847623417e-09
7.02825686074e-09	-9.35109678579e-09
7.04799717492e-09	-5.20720320196e-08
7.06773748911e-09	-1.09842233087e-07
7.08747780329e-09	-1.61562027756e-07
7.10721811748e-09	-1.86446925454e-07
7.12695843166e-09	-1.71150176698e-07
7.14669874584e-09	-1.14137257867e-07
7.16643906003e-09	-2.59508077249e-08
7.18617937421e-09	7.43312043028e-08
7.2059196884e-09	1.64832727023e-07
7.22566000258e-09	2.26707641104e-07
7.24540031676e-09	2.48371492262e-07
7.26514063095e-09	2.27386550478e-07
7.28488094513e-09	1.70141305489e-07
7.30462125932e-09	8.99184229297e-08
7.3243615735e-09	3.95271149145e-09
7.34410188768e-09	-7.01171458672e-08
7.36384220187e-09	-1.18058999021e-07
7.38358251605e-09	-1.32546929876e-07
7.40332283024e-09	-1.1541603584e-07
7.42306314442e-09	-7.76060531393e-08
7.4428034586e-09	-3.62305989654e-08
7.46254377279e-09	-9.18853704235e-09
7.48228408697e-09	-8.91541862558e-09
7.50202440116e-09	-3.75548800946e-08
7.52176471534e-09	-8.55912887232e-08
7.54150502952e-09	-1.34764064796e-07
7.56124534371e-09	-1.64359363453e-07
7.58098565789e-09	-1.58566976438e-07
7.60072597208e-09	-1.12131949948e-07
7.62046628626e-09	-3.22630597793e-08
7.64020660044e-09	6.37128678704e-08
7.65994691463e-09	1.53808741743e-07
7.67968722881e-09	2.17803503233e-07
7.699427543e-09	2.4248370778e-07
7.71916785718e-09	2.2433414415e-07
7.73890817136e-09	1.69418768792e-07
7.75864848555e-09	9.10904631723e-08
7.77838879973e-09	6.48897247046e-09
7.79812911392e-09	-6.72850148931e-08
7.8178694281e-09	-1.16752673307e-07
7.83760974229e-09	-1.34920895789e-07
7.85735005647e-09	-1.22923296431e-07
7.87709037065e-09	-8.9865189068e-08
7.89683068484e-09	-5.0474913138e-08
7.91657099902e-09	-2.08127026724e-08
7.93631131321e-09	-1.30500614759e-08
7.95605162739e-09	-3.10642995771e-08
7.97579194157e-09	-6.85736694095e-08
7.99553225576e-09	-1.10809764919e-07
8.01527256994e-09	-1.39403709909e-07
8.03501288413e-09	-1.38825186013e-07
8.05475319831e-09	-1.02027627236e-07
8.07449351249e-09	-3.31853478031e-08
8.09423382668e-09	5.34206847647e-08
8.11397414086e-09	1.37839791137e-07
8.13371445505e-09	2.00463446731e-07
8.15345476923e-09	2.2749316031e-07
8.17319508341e-09	2.1419351981e-07
8.1929353976e-09	1.65285825915e-07
8.21267571178e-09	9.28703869363e-08
8.23241602597e-09	1.29077717403e-08
8.25215634015e-09	-5.86389354851e-08
8.27189665433e-09	-1.09167423545e-07
8.29163696852e-09	-1.31846249474e-07
8.3113772827e-09	-1.26806710909e-07
8.33111759689e-09	-1.00925099389e-07
8.35085791107e-09	-6.6054177239e-08
8.37059822525e-09	-3.58204417239e-08
8.39033853944e-09	-2.15786606361e-08
8.41007885362e-09	-2.86461236954e-08
8.42981916781e-09	-5.41400133613e-08
8.44955948199e-09	-8.74290932984e-08
8.46929979617e-09	-1.13376380284e-07
8.48904011036e-09	-1.17453659243e-07
8.50878042454e-09	-9.09908735025e-08
8.52852073873e-09	-3.46237811755e-08
8.54826105291e-09	4.13583123304e-08
8.56800136709e-09	1.19919349117e-07
8.58774168128e-09	1.8237953725e-07
8.60748199546e-09	2.13888739609e-07
8.62722230965e-09	2.07449460277e-07
8.64696262383e-09	1.65353867487e-07
8.66670293801e-09	9.79080070351e-08
8.6864432522e-09	2.02047178988e-08
8.70618356638e-09	-5.18846476893e-08
8.72592388057e-09	-1.05368513914e-07
8.74566419475e-09	-1.32707626221e-07
8.76540450893e-09	-1.32988333235e-07
8.78514482312e-09	-1.11659517188e-07
8.8048851373e-09	-7.89370773191e-08
8.82462545149e-09	-4.70936178942e-08
8.84436576567e-09	-2.70831250759e-08
8.86410607986e-09	-2.52519232191e-08
8.88384639404e-09	-4.11080165463e-08
8.90358670822e-09	-6.70607818165e-08
8.92332702241e-09	-9.05321471123e-08
8.94306733659e-09	-9.80190009159e-08
8.96280765078e-09	-7.98676325076e-08
8.98254796496e-09	-3.40806387555e-08
9.00228827914e-09	3.23023279236e-08
9.02202859333e-09	1.04875113038e-07
9.04176890751e-09	1.66079914266e-07
9.0615092217e-09	2.00493431635e-07
9.08124953588e-09	1.99359888597e-07
9.10098985006e-09	1.62898544431e-07
9.12073016425e-09	9.98092133386e-08
9.14047047843e-09	2.44098110613e-08
9.16021079262e-09	-4.74560053476e-08
9.1799511068e-09	-1.02408037606e-07
9.19969142098e-09	-1.32391804186e-07
9.21943173517e-09	-1.35923500011e-07
9.23917204935e-09	-1.17721981496e-07
9.25891236354e-09	-8.7031764906e-08
9.27865267772e-09	-5.50622090145e-08
9.2983929919e-09	-3.20346558169e-08
9.31813330609e-09	-2.43949695999e-08
9.33787362027e-09	-3.28654401471e-08
9.35761393446e-09	-5.19876159899e-08
9.37735424864e-09	-7.15414358865e-08
9.39709456282e-09	-7.96791894686e-08
9.41683487701e-09	-6.69537172371e-08
9.43657519119e-09	-2.99368991818e-08
9.45631550538e-09	2.69144617704e-08
9.47605581956e-09	9.19713016856e-08
9.49579613374e-09	1.49633336832e-07
9.51553644793e-09	1.84987541729e-07
9.53527676211e-09	1.8832564308e-07
9.5550170763e-09	1.57988594651e-07
9.57475739048e-09	1.00652997048e-07
9.59449770466e-09	2.91342736602e-08
9.61423801885e-09	-4.13914698072e-08
9.63397833303e-09	-9.74266427534e-08
9.65371864722e-09	-1.30277399535e-07
9.6734589614e-09	-1.37559069913e-07
9.69319927558e-09	-1.22979173511e-07
9.71293958977e-09	-9.47366700643e-08
9.73267990395e-09	-6.3084314661e-08
9.75242021814e-09	-3.7624459992e-08
9.77216053232e-09	-2.48568916561e-08
9.79190084651e-09	-2.64694310914e-08
9.81164116069e-09	-3.88165553034e-08
9.83138147487e-09	-5.38616369283e-08
9.85112178906e-09	-6.15429911477e-08
9.87086210324e-09	-5.30406012444e-08
9.89060241743e-09	-2.4011910682e-08
9.91034273161e-09	2.33317578591e-08
9.93008304579e-09	8.01646820037e-08
9.94982335998e-09	1.33222329168e-07
9.96956367416e-09	1.68623373042e-07
9.98930398835e-09	1.76090310333e-07
1.00090443025e-08	1.52137459963e-07
1.00287846167e-08	1.01144401299e-07
1.00485249309e-08	3.40172228164e-08
1.00682652451e-08	-3.50123592341e-08
1.00880055593e-08	-9.2320945555e-08
1.01077458734e-08	-1.28301195446e-07
1.01274861876e-08	-1.39327326565e-07
1.01472265018e-08	-1.2793316273e-07
1.0166966816e-08	-1.01425101207e-07
1.01867071302e-08	-6.95077631008e-08
1.02064474444e-08	-4.15989305225e-08
1.02261877586e-08	-2.44449154252e-08
1.02459280727e-08	-2.05029753175e-08
1.02656683869e-08	-2.74127920363e-08
1.02854087011e-08	-3.87163581195e-08
1.03051490153e-08	-4.57593749559e-08
1.03248893295e-08	-4.04026501144e-08
1.03446296437e-08	-1.7849991707e-08
1.03643699578e-08	2.12825472801e-08
1.0384110272e-08	7.04462834733e-08
1.04038505862e-08	1.18547852423e-07
1.04235909004e-08	1.52977989387e-07
1.04433312146e-08	1.63387142038e-07
1.04630715288e-08	1.44954540815e-07
1.04828118429e-08	1.00038342055e-07
1.05025521571e-08	3.76208930675e-08
1.05222924713e-08	-2.92363413479e-08
1.05420327855e-08	-8.70570815437e-08
1.05617730997e-08	-1.25514432625e-07
1.05815134139e-08	-1.39815810485e-07
1.06012537281e-08	-1.31334871867e-07
1.06209940422e-08	-1.06515877007e-07
1.06407343564e-08	-7.45928616652e-08
1.06604746706e-08	-4.48714700951e-08
1.06802149848e-08	-2.43127420418e-08
1.0699955299e-08	-1.59325672655e-08
1.07196956132e-08	-1.82918284963e-08
1.07394359273e-08	-2.61281947189e-08
1.07591762415e-08	-3.19871134025e-08
1.07789165557e-08	-2.85180412618e-08
1.07986568699e-08	-1.09007691762e-08
1.08183971841e-08	2.12537809574e-08
1.08381374983e-08	6.31788736882e-08
1.08578778124e-08	1.05783449555e-07
1.08776181266e-08	1.37982652859e-07
1.08973584408e-08	1.49905758917e-07
1.0917098755e-08	1.35999854933e-07
1.09368390692e-08	9.69733449097e-08
1.09565793834e-08	3.98792998624e-08
1.09763196975e-08	-2.37387620672e-08
1.09960600117e-08	-8.10369513715e-08
1.10158003259e-08	-1.21345678394e-07
1.10355406401e-08	-1.38825754448e-07
1.10552809543e-08	-1.33559780124e-07
1.10750212685e-08	-1.10886908544e-07
1.10947615827e-08	-7.93780259301e-08
1.11145018968e-08	-4.81797215457e-08
1.1134242211e-08	-2.45343478866e-08
1.11539825252e-08	-1.20830083716e-08
1.11737228394e-08	-1.02714388106e-08
1.11934631536e-08	-1.48764032204e-08
1.12132034678e-08	-1.94533615883e-08
1.12329437819e-08	-1.73540293247e-08
1.12526840961e-08	-3.84888965144e-09
1.12724244103e-08	2.21586642368e-08
1.12921647245e-08	5.73311638163e-08
1.13119050387e-08	9.43571407674e-08
1.13316453529e-08	1.23697191157e-07
1.1351385667e-08	1.36235186687e-07
1.13711259812e-08	1.26078845142e-07
1.13908662954e-08	9.26143925994e-08
1.14106066096e-08	4.10718392629e-08
1.14303469238e-08	-1.86692155069e-08
1.1450087238e-08	-7.47004733626e-08
1.14698275521e-08	-1.16306914322e-07
1.14895678663e-08	-1.36756057145e-07
1.15093081805e-08	-1.34803514129e-07
1.15290484947e-08	-1.14530926965e-07
1.15487888089e-08	-8.36979126007e-08
1.15685291231e-08	-5.12450277768e-08
1.15882694373e-08	-2.47550744348e-08
1.16080097514e-08	-8.58102389145e-09
1.16277500656e-08	-3.05958192115e-09
1.16474903798e-08	-4.87745444033e-09
1.1667230694e-08	-8.38031688488e-09
1.16869710082e-08	-7.43056594033e-09
1.17067113224e-08	2.63841393178e-09
1.17264516365e-08	2.34341310801e-08
1.17461919507e-08	5.26960270975e-08
1.17659322649e-08	8.45366301405e-08
1.17856725791e-08	1.10783403784e-07
1.18054128933e-08	1.23166458366e-07
1.18251532075e-08	1.15786548349e-07
1.18448935216e-08	8.71230128041e-08
1.18646338358e-08	4.08895495241e-08
1.188437415e-08	-1.46308503091e-08
1.19041144642e-08	-6.86504719738e-08
1.19238547784e-08	-1.10735790315e-07
1.19435950926e-08	-1.3356834927e-07
1.19633354067e-08	-1.34736978907e-07
1.19830757209e-08	-1.17043022385e-07
1.20028160351e-08	-8.72962999665e-08
1.20225563493e-08	-5.40756275313e-08
1.20422966635e-08	-2.52083918184e-08
1.20620369777e-08	-5.72983305247e-09
1.20817772919e-08	3.14567505377e-09
1.2101517606e-08	3.8734864205e-09
1.21212579202e-08	1.42085809784e-09
1.21409982344e-08	1.51009127425e-09
1.21607385486e-08	8.7493452483e-09
1.21804788628e-08	2.51180942712e-08
1.2200219177e-08	4.91717955242e-08
1.22199594911e-08	7.61670762017e-08
1.22396998053e-08	9.91366349012e-08
1.22594401195e-08	1.10704590384e-07
1.22791804337e-08	1.05219172042e-07
1.22989207479e-08	8.0610192299e-08
1.23186610621e-08	3.93782215724e-08
1.23384013762e-08	-1.1672517175e-08
1.23581416904e-08	-6.2991091454e-08
1.23778820046e-08	-1.04715205396e-07
1.23976223188e-08	-1.29267206717e-07
1.2417362633e-08	-1.33295287696e-07
1.24371029472e-08	-1.18362393664e-07
1.24568432614e-08	-9.02003733927e-08
1.24765835755e-08	-5.68143896373e-08
1.24963238897e-08	-2.60876706903e-08
1.25160642039e-08	-3.64366581351e-09
1.25358045181e-08	8.42330205586e-09
1.25555448323e-08	1.16661453831e-08
1.25752851465e-08	1.03377155725e-08
1.25950254606e-08	9.75962510807e-09
1.26147657748e-08	1.45095366832e-08
1.2634506089e-08	2.69244218032e-08
1.26542464032e-08	4.62736977624e-08
1.26739867174e-08	6.87876067218e-08
1.26937270316e-08	8.85353159674e-08
1.27134673457e-08	9.89694655118e-08
1.27332076599e-08	9.47788052486e-08
1.27529479741e-08	7.35739433821e-08
1.27726882883e-08	3.69180206405e-08
1.27924286025e-08	-9.67668700724e-09
1.28121689167e-08	-5.78832413112e-08
1.28319092308e-08	-9.85826176247e-08
1.2851649545e-08	-1.24210600916e-07
1.28713898592e-08	-1.30721701908e-07
1.28911301734e-08	-1.18561317208e-07
1.29108704876e-08	-9.23366698657e-08
1.29306108018e-08	-5.93147220229e-08
1.2950351116e-08	-2.72454876438e-08
1.29700914301e-08	-2.21070939332e-09
1.29898317443e-08	1.28508679254e-08
1.30095720585e-08	1.85585165013e-08
1.30293123727e-08	1.84100485967e-08
1.30490526869e-08	1.7316670764e-08
1.30687930011e-08	1.9847515631e-08
1.30885333152e-08	2.87027503987e-08
1.31082736294e-08	4.3810302941e-08
1.31280139436e-08	6.22432594355e-08
1.31477542578e-08	7.89491991782e-08
1.3167494572e-08	8.81013519916e-08
1.31872348862e-08	8.47432488627e-08
1.32069752003e-08	6.63255406153e-08
1.32267155145e-08	3.371642876e-08
1.32464558287e-08	-8.63766125292e-09
1.32661961429e-08	-5.35344071295e-08
1.32859364571e-08	-9.26697580894e-08
1.33056767713e-08	-1.18708676666e-07
1.33254170854e-08	-1.27177386844e-07
1.33451573996e-08	-1.17600237104e-07
1.33648977138e-08	-9.35142594471e-08
1.3384638028e-08	-6.13499011592e-08
1.34043783422e-08	-2.85338881412e-08
1.34241186564e-08	-1.41618716754e-09
1.34438589706e-08	1.63412696708e-08
1.34635992847e-08	2.44468889576e-08
1.34833395989e-08	2.55980623365e-08
1.35030799131e-08	2.42308573206e-08
1.35228202273e-08	2.48590872332e-08
1.35425605415e-08	3.05179668203e-08
1.35623008557e-08	4.17561238919e-08
1.35820411698e-08	5.64206175113e-08
1.3601781484e-08	7.02386628859e-08
1.36215217982e-08	7.80192905836e-08
1.36412621124e-08	7.514876188e-08
1.36610024266e-08	5.90112385623e-08
1.36807427408e-08	2.99636084833e-08
1.37004830549e-08	-8.41562908249e-09
1.37202233691e-08	-4.9922366685e-08
1.37399636833e-08	-8.70821850185e-08
1.37597039975e-08	-1.1294418556e-07
1.37794443117e-08	-1.22838088146e-07
1.37991846259e-08	-1.15577016402e-07
1.381892494e-08	-9.37270812074e-08
1.38386652542e-08	-6.28393124202e-08
1.38584055684e-08	-2.98574782676e-08
1.38781458826e-08	-1.19939191912e-09
1.38978861968e-08	1.89063111833e-08
1.3917626511e-08	2.93226882775e-08
1.39373668252e-08	3.19143431682e-08
1.39571071393e-08	3.05577216864e-08
1.39768474535e-08	2.96193807259e-08
1.39965877677e-08	3.24077014113e-08
1.40163280819e-08	4.00620194796e-08
1.40360683961e-08	5.11786808488e-08
1.40558087103e-08	6.22278335527e-08
1.40755490244e-08	6.86055798838e-08
1.40952893386e-08	6.60130723418e-08
1.41150296528e-08	5.17990130788e-08
1.4134769967e-08	2.59115626733e-08
1.41545102812e-08	-8.78652528513e-09
1.41742505954e-08	-4.69566110439e-08
1.41939909095e-08	-8.19059096102e-08
1.42137312237e-08	-1.07142383854e-07
1.42334715379e-08	-1.17972135172e-07
1.42532118521e-08	-1.12695346388e-07
1.42729521663e-08	-9.30461325765e-08
1.42926924805e-08	-6.37128465542e-08
1.43124327947e-08	-3.10548031734e-08
1.43321731088e-08	-1.38374578462e-09
1.4351913423e-08	2.06727595042e-08
1.43716537372e-08	3.32321050678e-08
1.43913940514e-08	3.73375250717e-08
1.44111343656e-08	3.62432324152e-08
1.44308746798e-08	3.40776757923e-08
1.44506149939e-08	3.43388251167e-08
1.44703553081e-08	3.87014083003e-08
1.44900956223e-08	4.6479268434e-08
1.45098359365e-08	5.48627205887e-08
1.45295762507e-08	5.98143614639e-08
1.45493165649e-08	5.73405820603e-08
1.4569056879e-08	4.47715962082e-08
1.45887971932e-08	2.17108873102e-08
1.46085375074e-08	-9.59199741857e-09
1.46282778216e-08	-4.45515304648e-08
1.46480181358e-08	-7.71855894754e-08
1.466775845e-08	-1.01474256553e-07
1.46874987641e-08	-1.12807128971e-07
1.47072390783e-08	-1.0913957027e-07
1.47269793925e-08	-9.15336570984e-08
1.47467197067e-08	-6.38965360622e-08
1.47664600209e-08	-3.1965392111e-08
1.47862003351e-08	-1.80582238052e-09
1.48059406493e-08	2.17376552314e-08
1.48256809634e-08	3.61852698916e-08
1.48454212776e-08	4.18179233463e-08
1.48651615918e-08	4.12274054895e-08
1.4884901906e-08	3.81997828924e-08
1.49046422202e-08	3.63086947175e-08
1.49243825344e-08	3.7682294618e-08
1.49441228485e-08	4.23150297024e-08
1.49638631627e-08	4.81108983763e-08
1.49836034769e-08	5.16040579157e-08
1.50033437911e-08	4.91092322363e-08
1.50230841053e-08	3.79531854833e-08
1.50428244195e-08	1.74364380712e-08
1.50625647336e-08	-1.07284723327e-08
1.50823050478e-08	-4.26173407675e-08
1.5102045362e-08	-7.28911402348e-08
1.51217856762e-08	-9.59949773005e-08
1.51415259904e-08	-1.07474299682e-07
1.51612663046e-08	-1.0507265813e-07
1.51810066187e-08	-8.9320508323e-08
1.52007469329e-08	-6.34353938267e-08
1.52204872471e-08	-3.25311866334e-08
1.52402275613e-08	-2.33391284077e-09
1.52599678755e-08	2.2246537057e-08
1.52797081897e-08	3.82813674094e-08
1.52994485039e-08	4.53773090214e-08
1.5319188818e-08	4.54673099171e-08
1.53389291322e-08	4.1919388849e-08
1.53586694464e-08	3.82690181766e-08
1.53784097606e-08	3.69898280894e-08
1.53981500748e-08	3.8688916959e-08
1.5417890389e-08	4.19663521711e-08
1.54376307031e-08	4.39448655243e-08
1.54573710173e-08	4.12820106988e-08
1.54771113315e-08	3.13355812409e-08
1.54968516457e-08	1.31384494395e-08
1.55165919599e-08	-1.20911973767e-08
1.55363322741e-08	-4.10393532491e-08
1.55560725882e-08	-6.89591317382e-08
1.55758129024e-08	-9.07371742187e-08
1.55955532166e-08	-1.02102475807e-07
1.56152935308e-08	-1.00670384029e-07
1.5635033845e-08	-8.65574065756e-08
1.56547741592e-08	-6.23930773713e-08
1.56745144733e-08	-3.27088187646e-08
1.56942547875e-08	-2.8431952348e-09
1.57139951017e-08	2.23499991847e-08
1.57337354159e-08	3.96390156254e-08
1.57534757301e-08	4.80684434478e-08
1.57732160443e-08	4.8946304787e-08
1.57929563585e-08	4.51743282781e-08
1.58126966726e-08	4.01456645704e-08
1.58324369868e-08	3.65645043132e-08
1.5852177301e-08	3.55692186815e-08
1.58719176152e-08	3.64220511528e-08
1.58916579294e-08	3.68459467381e-08
1.59113982436e-08	3.38755477003e-08
1.59311385577e-08	2.49424765286e-08
1.59508788719e-08	8.85213413682e-09
1.59706191861e-08	-1.36316575805e-08
1.59903595003e-08	-3.97637052174e-08
1.60100998145e-08	-6.53520899618e-08
1.60298401287e-08	-8.5706972186e-08
1.60495804428e-08	-9.67577662436e-08
1.6069320757e-08	-9.60497388292e-08
1.60890610712e-08	-8.33732229921e-08
1.61088013854e-08	-6.08585679629e-08
1.61285416996e-08	-3.25050528716e-08
1.61482820138e-08	-3.2504881009e-09
1.6168022328e-08	2.21876650386e-08
1.61877626421e-08	4.03950686234e-08
1.62075029563e-08	4.99704597701e-08
1.62272432705e-08	5.16624076852e-08
1.62469835847e-08	4.78979984564e-08
1.62667238989e-08	4.18493293353e-08
1.62864642131e-08	3.63395216141e-08
1.63062045272e-08	3.2932309324e-08
1.63259448414e-08	3.14910586496e-08
1.63456851556e-08	3.0332319767e-08
1.63654254698e-08	2.69073190395e-08
1.6385165784e-08	1.87802520202e-08
1.64049060982e-08	4.58638149681e-09
1.64246464123e-08	-1.53240122813e-08
1.64443867265e-08	-3.87468936935e-08
1.64641270407e-08	-6.20277305075e-08
1.64838673549e-08	-8.08921143403e-08
1.65036076691e-08	-9.14784976658e-08
1.65233479833e-08	-9.12978066481e-08
1.65430882974e-08	-7.98764574483e-08
1.65628286116e-08	-5.89192659106e-08
1.65825689258e-08	-3.19501012314e-08
1.660230924e-08	-3.51456841408e-09
1.66220495542e-08	2.18576179378e-08
1.66417898684e-08	4.06677713727e-08
1.66615301826e-08	5.11785955837e-08
1.66812704967e-08	5.36575868182e-08
1.67010108109e-08	5.00706036632e-08
1.67207511251e-08	4.33163585001e-08
1.67404914393e-08	3.62373526741e-08
1.67602317535e-08	3.07184038206e-08
1.67799720677e-08	2.71485589565e-08
1.67997123818e-08	2.44136337813e-08
1.6819452696e-08	2.04070005339e-08
1.68391930102e-08	1.28821371348e-08
1.68589333244e-08	3.67475244678e-10
1.68786736386e-08	-1.71478031774e-08
1.68984139528e-08	-3.79684692575e-08
1.69181542669e-08	-5.89653552652e-08
1.69378945811e-08	-7.62823830769e-08
1.69576348953e-08	-8.62820996872e-08
1.69773752095e-08	-8.64702300873e-08
1.69971155237e-08	-7.61534053595e-08
1.70168558379e-08	-5.66644970945e-08
1.7036596152e-08	-3.10976133733e-08
1.70563364662e-08	-3.6248268831e-09
1.70760767804e-08	2.14363637951e-08
1.70958170946e-08	4.05733224795e-08
1.71155574088e-08	5.18043385966e-08
1.7135297723e-08	5.49964305208e-08
1.71550380372e-08	5.16908684745e-08
1.71747783513e-08	4.44873684557e-08
1.71945186655e-08	3.61729171061e-08
1.72142589797e-08	2.88529502512e-08
1.72339992939e-08	2.33567600816e-08
1.72537396081e-08	1.90948927781e-08
1.72734799223e-08	1.44089176146e-08
1.72932202364e-08	7.2908186155e-09
1.73129605506e-08	-3.77023257059e-09
1.73327008648e-08	-1.90819129386e-08
1.7352441179e-08	-3.74173971807e-08
1.73721814932e-08	-5.61587718551e-08
1.73919218074e-08	-7.18768617958e-08
1.74116621215e-08	-8.11826410541e-08
1.74314024357e-08	-8.16056484609e-08
1.74511427499e-08	-7.2267901885e-08
1.74708830641e-08	-5.41660938325e-08
1.74906233783e-08	-2.99990254859e-08
1.75103636925e-08	-3.58608653883e-09
1.75301040066e-08	2.09766461978e-08
1.75498443208e-08	4.02050943649e-08
1.7569584635e-08	5.19476301974e-08
1.75893249492e-08	5.57487531694e-08
1.76090652634e-08	5.27752739288e-08
1.76288055776e-08	4.5328079068e-08
1.76485458918e-08	3.60795340271e-08
1.76682862059e-08	2.72657700862e-08
1.76880265201e-08	2.00651442128e-08
1.77077668343e-08	1.43581297962e-08
1.77275071485e-08	8.92886564685e-09
1.77472474627e-08	2.04507411006e-09
1.77669877769e-08	-7.77965691867e-09
1.7786728091e-08	-2.10881623275e-08
1.78064684052e-08	-3.70749013712e-08
1.78262087194e-08	-5.36110214e-08
1.78459490336e-08	-6.7695836492e-08
1.78656893478e-08	-7.62077689842e-08
1.7885429662e-08	-7.67355246012e-08
1.79051699761e-08	-6.82542236063e-08
1.79249102903e-08	-5.1462937023e-08
1.79446506045e-08	-2.869265181e-08
1.79643909187e-08	-3.41983530383e-09
1.79841312329e-08	2.0491045305e-08
1.80038715471e-08	3.9620569936e-08
1.80236118613e-08	5.16980271925e-08
1.80433521754e-08	5.60035644526e-08
1.80630924896e-08	5.3375316611e-08
1.80828328038e-08	4.58284077354e-08
1.8102573118e-08	3.58944518553e-08
1.81223134322e-08	2.58724526248e-08
1.81420537464e-08	1.72079950289e-08
1.81617940605e-08	1.01797814622e-08
1.81815343747e-08	3.98468280594e-09
1.82012746889e-08	-2.8141449171e-09
1.82210150031e-08	-1.16203517919e-08
1.82407553173e-08	-2.31385666183e-08
1.82604956315e-08	-3.69273962519e-08
1.82802359456e-08	-5.13185831608e-08
1.82999762598e-08	-6.37434922623e-08
1.8319716574e-08	-7.13737478009e-08
1.83394568882e-08	-7.18902342101e-08
1.83591972024e-08	-6.41561257453e-08
1.83789375166e-08	-4.86014570811e-08
1.83986778307e-08	-2.72132751888e-08
1.84184181449e-08	-3.13683901076e-09
1.84381584591e-08	2.00002094886e-08
1.84578987733e-08	3.88685066355e-08
1.84776390875e-08	5.11223774424e-08
1.84973794017e-08	5.5828579093e-08
1.85171197159e-08	5.35394946155e-08
1.853686003e-08	4.60015705528e-08
1.85566003442e-08	3.5587614633e-08
1.85763406584e-08	2.46104079338e-08
1.85960809726e-08	1.47133025763e-08
1.86158212868e-08	6.50836762262e-09
1.8635561601e-08	-4.34986269227e-10
1.86553019151e-08	-7.2572139409e-09
1.86750422293e-08	-1.52390580155e-08
1.86947825435e-08	-2.51836613785e-08
1.87145228577e-08	-3.69476076401e-08
1.87342631719e-08	-4.92813470032e-08
1.87540034861e-08	-6.00394542971e-08
1.87737438002e-08	-6.67081394568e-08
1.87934841144e-08	-6.70991369134e-08
1.88132244286e-08	-6.00031526687e-08
1.88329647428e-08	-4.56124347181e-08
1.8852705057e-08	-2.55880703293e-08
1.88724453712e-08	-2.75103140268e-09
1.88921856853e-08	1.95137275227e-08
1.89119259995e-08	3.79858775545e-08
1.89316663137e-08	5.02780466149e-08
1.89514066279e-08	5.52862466918e-08
1.89711469421e-08	5.33157731297e-08
1.89908872563e-08	4.58655762259e-08
1.90106275705e-08	3.51419231492e-08
1.90303678846e-08	2.34325465698e-08
1.90501081988e-08	1.25205632528e-08
1.9069848513e-08	3.29078408967e-09
1.90895888272e-08	-4.35641389629e-09
1.91093291414e-08	-1.12745794922e-08
1.91290694556e-08	-1.85969888378e-08
1.91488097697e-08	-2.71722360168e-08
1.91685500839e-08	-3.70955639539e-08
1.91882903981e-08	-4.74862105193e-08
1.92080307123e-08	-5.65990312396e-08
1.92277710265e-08	-6.22443607767e-08
1.92475113407e-08	-6.23985556558e-08
1.92672516548e-08	-5.58246888716e-08
1.9286991969e-08	-4.25165751494e-08
1.93067322832e-08	-2.38322765966e-08
1.93264725974e-08	-2.27217578086e-09
1.93462129116e-08	1.90332709593e-08
1.93659532258e-08	3.69943151668e-08
1.93856935399e-08	4.92096638993e-08
1.94054338541e-08	5.44349525455e-08
1.94251741683e-08	5.27569596898e-08
1.94449144825e-08	4.54476385414e-08
1.94646547967e-08	3.45477779717e-08
1.94843951109e-08	2.22976943576e-08
1.95041354251e-08	1.0573218745e-08
1.95238757392e-08	4.77063222259e-10
1.95436160534e-08	-7.80699416225e-09
1.95633563676e-08	-1.48654750731e-08
1.95830966818e-08	-2.16685638321e-08
1.9602836996e-08	-2.90665340685e-08
1.96225773102e-08	-3.73341428883e-08
1.96423176243e-08	-4.59095161887e-08
1.96620579385e-08	-5.3420258439e-08
1.96817982527e-08	-5.80026835451e-08
1.97015385669e-08	-5.78244936378e-08
1.97212788811e-08	-5.16611748935e-08
1.97410191953e-08	-3.93468262416e-08
1.97607595094e-08	-2.19629683329e-08
1.97804998236e-08	-1.69989788912e-09
1.98002401378e-08	1.85737363267e-08
1.9819980452e-08	3.59192071642e-08
1.98397207662e-08	4.79505928297e-08
1.98594610804e-08	5.33129593805e-08
1.98792013945e-08	5.19013099165e-08
1.98989417087e-08	4.47764065825e-08
1.99186820229e-08	3.38135066613e-08
1.99384223371e-08	2.11859525479e-08
1.99581626513e-08	8.82746054032e-09
1.99779029655e-08	-1.98670702112e-09
1.99976432797e-08	-1.08297344426e-08
2.00173835938e-08	-1.80453056942e-08
2.0037123908e-08	-2.44371793912e-08
2.00568642222e-08	-3.08264063165e-08
2.00766045364e-08	-3.76190492091e-08
2.00963448506e-08	-4.45213999001e-08
2.01160851648e-08	-5.04988015848e-08
2.01358254789e-08	-5.40035358654e-08
2.01555657931e-08	-5.34126947116e-08
2.01753061073e-08	-4.75502588415e-08
2.01950464215e-08	-3.61316807584e-08
2.02147867357e-08	-1.99950207502e-08
2.02345270499e-08	-1.03507313831e-09
2.0254267364e-08	1.81460126925e-08
2.02740076782e-08	3.47816637714e-08
2.02937479924e-08	4.65304452746e-08
2.03134883066e-08	5.19564871126e-08
2.03332286208e-08	5.07861521726e-08
2.0352968935e-08	4.38804264036e-08
2.03727092492e-08	3.29480940309e-08
2.03924495633e-08	2.0081582619e-08
2.04121898775e-08	7.24509874317e-09
2.04319301917e-08	-4.14788647873e-09
2.04516705059e-08	-1.34644375649e-08
2.04714108201e-08	-2.08319335115e-08
2.04911511343e-08	-2.68939324144e-08
2.05108914484e-08	-3.24231983484e-08
2.05306317626e-08	-3.79151430252e-08
2.05503720768e-08	-4.32945199691e-08
2.0570112391e-08	-4.78236117374e-08
2.05898527052e-08	-5.02547088388e-08
2.06095930194e-08	-4.91865819185e-08
2.06293333335e-08	-4.35239257968e-08
2.06490736477e-08	-3.29041078828e-08
2.06688139619e-08	-1.79530150746e-08
2.06885542761e-08	-2.86798695903e-10
2.07082945903e-08	1.77604384533e-08
2.07280349045e-08	3.36093215481e-08
2.07477752186e-08	4.49858070795e-08
2.07675155328e-08	5.04014785463e-08
2.0787255847e-08	4.94383947114e-08
2.08069961612e-08	4.27749853316e-08
2.08267364754e-08	3.19559134709e-08
2.08464767896e-08	1.89776141468e-08
2.08662171038e-08	5.80756287505e-09
2.08859574179e-08	-6.0377760569e-09
2.09056977321e-08	-1.5749224147e-08
2.09254380463e-08	-2.32578507564e-08
2.09451783605e-08	-2.90515753676e-08
2.09649186747e-08	-3.38413066459e-08
2.09846589889e-08	-3.81849432074e-08
2.1004399303e-08	-4.21871746425e-08
2.10241396172e-08	-4.53700046421e-08
2.10438799314e-08	-4.67605509868e-08
2.10636202456e-08	-4.51755255426e-08
2.10833605598e-08	-3.96221473409e-08
2.1103100874e-08	-2.96963555968e-08
2.11228411881e-08	-1.58530095717e-08
2.11425815023e-08	5.4542081962e-10
2.11623218165e-08	1.74277658971e-08
2.11820621307e-08	3.24184021849e-08
2.12018024449e-08	4.33391882382e-08
2.12215427591e-08	4.86768669816e-08
2.12412830732e-08	4.78910777701e-08
2.12610233874e-08	4.14881853317e-08
2.12807637016e-08	3.08486427514e-08
2.13005040158e-08	1.78640373605e-08
2.132024433e-08	4.48599690728e-09
2.13399846442e-08	-7.69242625154e-09
2.13597249584e-08	-1.77156689318e-08
2.13794652725e-08	-2.53422758334e-08
2.13992055867e-08	-3.09143395327e-08
2.14189459009e-08	-3.50724143061e-08
2.14386862151e-08	-3.840998275e-08
2.14584265293e-08	-4.11756424512e-08
2.14781668435e-08	-4.31160565029e-08
2.14979071576e-08	-4.35095657281e-08
2.15176474718e-08	-4.13859524429e-08
2.1537387786e-08	-3.58694123292e-08
2.15571281002e-08	-2.65442192671e-08
2.15768684144e-08	-1.37268330036e-08
2.15966087286e-08	1.44618195197e-09
2.16163490427e-08	1.7155377563e-08
2.16360893569e-08	3.12350927345e-08
2.16558296711e-08	4.16247338819e-08
2.16755699853e-08	4.68145451293e-08
2.16953102995e-08	4.61674432017e-08
2.17150506137e-08	4.00332744732e-08
2.17347909278e-08	2.96313373838e-08
2.1754531242e-08	1.67376335014e-08
2.17742715562e-08	3.26721649735e-09
2.17940118704e-08	-9.13573572348e-09
2.18137521846e-08	-1.93942604199e-08
2.18334924988e-08	-2.71137974295e-08
2.1853232813e-08	-3.24989564149e-08
2.18729731271e-08	-3.61146135219e-08
2.18927134413e-08	-3.85706613315e-08
2.19124537555e-08	-4.02313666825e-08
2.19321940697e-08	-4.10363796277e-08
2.19519343839e-08	-4.04905122764e-08
2.19716746981e-08	-3.7825373056e-08
2.19914150122e-08	-3.22891686722e-08
2.20111553264e-08	-2.34774084618e-08
2.20308956406e-08	-1.16000240524e-08
2.20506359548e-08	2.4026600709e-09
2.2070376269e-08	1.69463483246e-08
2.20901165832e-08	3.00766416217e-08
2.21098568973e-08	3.98687411973e-08
2.21295972115e-08	4.48439685385e-08
2.21493375257e-08	4.42942464929e-08
2.21690778399e-08	3.84301870326e-08
2.21888181541e-08	2.83128311906e-08
2.22085584683e-08	1.55938639779e-08
2.22282987825e-08	2.13401474269e-09
2.22480390966e-08	-1.03932418227e-08
2.22677794108e-08	-2.08124451007e-08
2.2287519725e-08	-2.85946200052e-08
2.23072600392e-08	-3.38174217518e-08
2.23270003534e-08	-3.69678687662e-08
2.23467406676e-08	-3.8656445156e-08
2.23664809817e-08	-3.93364913975e-08
2.23862212959e-08	-3.91115442255e-08
2.24059616101e-08	-3.76884798925e-08
2.24257019243e-08	-3.44899433458e-08
2.24454422385e-08	-2.88920922742e-08
2.24651825527e-08	-2.05195380687e-08
2.24849228668e-08	-9.50113854259e-09
2.2504663181e-08	3.39361827528e-09
2.25244034952e-08	1.67961236031e-08
2.25441438094e-08	2.89583201862e-08
2.25638841236e-08	3.81006621808e-08
2.25836244378e-08	4.27977298045e-08
2.26033647519e-08	4.22979447023e-08
2.26231050661e-08	3.66939474361e-08
2.26428453803e-08	2.68974922335e-08
2.26625856945e-08	1.44284015846e-08
2.26823260087e-08	1.07521380688e-09
2.27020663229e-08	-1.14832383602e-08
2.27218066371e-08	-2.19942233315e-08
2.27415469512e-08	-2.98095379492e-08
2.27612872654e-08	-3.48878046452e-08
2.27810275796e-08	-3.76368021193e-08
2.28007678938e-08	-3.86573226763e-08
2.2820508208e-08	-3.84714731183e-08
2.28402485222e-08	-3.73208273174e-08
2.28599888363e-08	-3.50901814272e-08
2.28797291505e-08	-3.13775956329e-08
2.28994694647e-08	-2.56877328297e-08
2.29192097789e-08	-1.76878778291e-08
2.29389500931e-08	-7.45037276317e-09
2.29586904073e-08	4.40125980106e-09
2.29784307214e-08	1.66962372816e-08
2.29981710356e-08	2.78855871727e-08
2.30179113498e-08	3.63410919135e-08
2.3037651664e-08	4.07065776642e-08
2.30573919782e-08	4.02094570973e-08
2.30771322924e-08	3.48459110455e-08
2.30968726065e-08	2.5391646119e-08
2.31166129207e-08	1.32344535331e-08
2.31363532349e-08	7.53270362752e-11
2.31560935491e-08	-1.24243060284e-08
2.31758338633e-08	-2.29586749612e-08
2.31955741775e-08	-3.07773362351e-08
2.32153144917e-08	-3.57259963835e-08
2.32350548058e-08	-3.81305831354e-08
2.325479512e-08	-3.85708567308e-08
2.32745354342e-08	-3.76222857312e-08
2.32942757484e-08	-3.56441987037e-08
2.33140160626e-08	-3.26783364812e-08
2.33337563768e-08	-2.84822867513e-08
2.33534966909e-08	-2.26824212746e-08
2.33732370051e-08	-1.49982959385e-08
2.33929773193e-08	-5.46601697238e-09
2.34127176335e-08	5.4111581882e-09
2.34324579477e-08	1.66396478818e-08
2.34521982619e-08	2.68612350141e-08
2.3471938576e-08	3.46030617493e-08
2.34916788902e-08	3.85933525138e-08
2.35114192044e-08	3.80571023584e-08
2.35311595186e-08	3.29119238529e-08
2.35508998328e-08	2.38095640981e-08
2.3570640147e-08	1.20092220612e-08
2.35903804611e-08	-8.8276103094e-10
2.36101207753e-08	-1.32405633124e-08
2.36298610895e-08	-2.37280914916e-08
2.36496014037e-08	-3.15136468032e-08
2.36693417179e-08	-3.63415644244e-08
2.36890820321e-08	-3.84540612686e-08
2.37088223463e-08	-3.83981237917e-08
2.37285626604e-08	-3.67837280635e-08
2.37483029746e-08	-3.40689396694e-08
2.37680432888e-08	-3.04361549297e-08
2.3787783603e-08	-2.57899959166e-08
2.38075239172e-08	-1.9873709789e-08
2.38272642314e-08	-1.24621939435e-08
2.38470045455e-08	-3.56844487293e-09
2.38667448597e-08	6.40393560403e-09
2.38864851739e-08	1.66174523031e-08
2.39062254881e-08	2.58897578931e-08
2.39259658023e-08	3.29023173151e-08
2.39457061165e-08	3.64791787888e-08
2.39654464306e-08	3.58622997965e-08
2.39851867448e-08	3.09104244423e-08
2.4004927059e-08	2.21640288345e-08
2.40246673732e-08	1.07568851604e-08
2.40444076874e-08	-1.80661952065e-09
2.40641480016e-08	-1.39506308727e-08
2.40838883158e-08	-2.43272264555e-08
2.41036286299e-08	-3.20413491295e-08
2.41233689441e-08	-3.67487729136e-08
2.41431092583e-08	-3.86111658202e-08
2.41628495725e-08	-3.81346652034e-08
2.41825898867e-08	-3.594715281e-08
2.42023302009e-08	-3.25853015681e-08
2.4222070515e-08	-2.83536465417e-08
2.42418108292e-08	-2.32922872101e-08
2.42615511434e-08	-1.72571805734e-08
2.42812914576e-08	-1.00823882576e-08
2.43010317718e-08	-1.76881764791e-09
2.4320772086e-08	7.36388683364e-09
2.43405124001e-08	1.66164433324e-08
2.43602527143e-08	2.49681129105e-08
2.43799930285e-08	3.12490158194e-08
2.43997333427e-08	3.43845130146e-08
2.44194736569e-08	3.36490373343e-08
2.44392139711e-08	2.88617343358e-08
2.44589542852e-08	2.04672048199e-08
2.44786945994e-08	9.4795513661e-09
2.44984349136e-08	-2.70383049283e-09
2.45181752278e-08	-1.4570287199e-08
2.4537915542e-08	-2.477698402e-08
2.45576558562e-08	-3.2382107662e-08
2.45773961704e-08	-3.69641526277e-08
2.45971364845e-08	-3.86091407734e-08
2.46168767987e-08	-3.77779443284e-08
2.46366171129e-08	-3.5103361995e-08
2.46563574271e-08	-3.11821253263e-08
2.46760977413e-08	-2.64214321533e-08
2.46958380555e-08	-2.09826396258e-08
2.47155783696e-08	-1.4829378614e-08
2.47353186838e-08	-7.85934961556e-09
2.4755058998e-08	-7.27524152033e-11
2.47747993122e-08	8.28029822486e-09
2.47945396264e-08	1.66242166699e-08
2.48142799406e-08	2.40888873293e-08
2.48340202547e-08	2.96467508321e-08
2.48537605689e-08	3.23254560897e-08
2.48735008831e-08	3.14412318403e-08
2.48932411973e-08	2.67883848437e-08
2.49129815115e-08	1.87325284173e-08
2.49327218257e-08	8.17834511224e-09
2.49524621398e-08	-3.58332630235e-09
2.4972202454e-08	-1.51139651905e-08
2.49919427682e-08	-2.50942022717e-08
2.50116830824e-08	-3.25527551581e-08
2.50314233966e-08	-3.70032893215e-08
2.50511637108e-08	-3.84594081027e-08
2.5070904025e-08	-3.73315813817e-08
2.50906443391e-08	-3.42468560177e-08
2.51103846533e-08	-2.98464470916e-08
2.51301249675e-08	-2.4624730699e-08
2.51498652817e-08	-1.88506188437e-08
2.51696055959e-08	-1.25876207235e-08
2.51893459101e-08	-5.79743408835e-09
2.52090862242e-08	1.51203949361e-09
2.52288265384e-08	9.14517439554e-09
2.52485668526e-08	1.66350204722e-08
2.52683071668e-08	2.32495693808e-08
2.5288047481e-08	2.80974958855e-08
2.53077877952e-08	3.03103071531e-08
2.53275281093e-08	2.92536377344e-08
2.53472684235e-08	2.47093403516e-08
2.53670087377e-08	1.69769691638e-08
2.53867490519e-08	6.86208778689e-09
2.54064893661e-08	-4.44838521574e-09
2.54262296803e-08	-1.55964077209e-08
2.54459699944e-08	-2.52994993843e-08
2.54657103086e-08	-3.25736415618e-08
2.54854506228e-08	-3.68814667695e-08
2.5505190937e-08	-3.8169847727e-08
2.55249312512e-08	-3.67966954684e-08
2.55446715654e-08	-3.33725758139e-08
2.55644118796e-08	-2.85694046198e-08
2.55841521937e-08	-2.295327306e-08
2.56038925079e-08	-1.68873039996e-08
2.56236328221e-08	-1.05267758954e-08
2.56433731363e-08	-3.89635168574e-09
2.56631134505e-08	2.9810318658e-09
2.56828537647e-08	9.95182247721e-09
2.57025940788e-08	1.66421028069e-08
2.5722334393e-08	2.24458123199e-08
2.57420747072e-08	2.66018087558e-08
2.57618150214e-08	2.83457879391e-08
2.57815553356e-08	2.70993698592e-08
2.58012956498e-08	2.26417355975e-08
2.58210359639e-08	1.52167185519e-08
2.58407762781e-08	5.53980861184e-09
2.58605165923e-08	-5.30117150177e-09
2.58802569065e-08	-1.60304445274e-08
2.58999972207e-08	-2.54118841525e-08
2.59197375349e-08	-3.24638484983e-08
2.59394778491e-08	-3.6612824772e-08
2.59592181632e-08	-3.77485704917e-08
2.59789584774e-08	-3.61758480949e-08
2.59986987916e-08	-3.24790576656e-08
2.60184391058e-08	-2.73450808663e-08
2.603817942e-08	-2.13969091334e-08
2.60579197342e-08	-1.50806922505e-08
2.60776600483e-08	-8.6371434449e-09
2.60974003625e-08	-2.15325557384e-09
2.61171406767e-08	4.32939284423e-09
2.61368809909e-08	1.06902344754e-08
2.61566213051e-08	1.66366476151e-08
2.61763616193e-08	2.16747100268e-08
2.61961019334e-08	2.51636915749e-08
2.62158422476e-08	2.64410680018e-08
2.62355825618e-08	2.49891591864e-08
2.6255322876e-08	2.05957615407e-08
2.62750631902e-08	1.34610917968e-08
2.62948035044e-08	4.21936974249e-09
2.63145438185e-08	-6.13760420265e-09
2.63342841327e-08	-1.64198130648e-08
2.63540244469e-08	-2.54450043258e-08
2.63737647611e-08	-3.22445323775e-08
2.63935050753e-08	-3.62188750103e-08
2.64132453895e-08	-3.72095243506e-08
2.64329857037e-08	-3.54712206274e-08
2.64527260178e-08	-3.15582653343e-08
2.6472466332e-08	-2.61621977415e-08
2.64922066462e-08	-1.99464995632e-08
2.65119469604e-08	-1.34255753181e-08
2.65316872746e-08	-6.91605750447e-09
2.65514275888e-08	-5.6545867988e-10
2.65711679029e-08	5.55915979916e-09
2.65909082171e-08	1.1360130614e-08
2.66106485313e-08	1.66137059665e-08
2.66303888455e-08	2.09289687803e-08
2.66501291597e-08	2.37785737767e-08
2.66698694739e-08	2.45985258829e-08
2.6689609788e-08	2.2934232291e-08
2.67093501022e-08	1.85873556546e-08
2.67290904164e-08	1.17242517916e-08
2.67488307306e-08	2.90780510781e-09
2.67685710448e-08	-6.95989754718e-09
2.6788311359e-08	-1.67734945933e-08
2.68080516731e-08	-2.54115555265e-08
2.68277919873e-08	-3.19289590323e-08
2.68475323015e-08	-3.5712862001e-08
2.68672726157e-08	-3.65646037892e-08
2.68870129299e-08	-3.46908350934e-08
2.69067532441e-08	-3.06122132088e-08
2.69264935583e-08	-2.50143639136e-08
2.69462338724e-08	-1.85898088034e-08
2.69659741866e-08	-1.19087237849e-08
2.69857145008e-08	-5.35432675974e-09
2.7005454815e-08	8.68924932007e-10
2.70251951292e-08	6.66691368778e-09
2.70449354434e-08	1.19557110878e-08
2.70646757575e-08	1.65692668475e-08
2.70844160717e-08	2.02072811817e-08
2.71041563859e-08	2.24472458399e-08
2.71238967001e-08	2.28214318554e-08
2.71436370143e-08	2.09396961992e-08
2.71633773285e-08	1.66246643118e-08
2.71831176426e-08	1.0016331764e-08
2.72028579568e-08	1.61406576993e-09
2.7222598271e-08	-7.76374609046e-09
2.72423385852e-08	-1.70953828871e-08
2.72620788994e-08	-2.5322998809e-08
2.72818192136e-08	-3.15337445045e-08
2.73015595277e-08	-3.51112028341e-08
2.73212998419e-08	-3.58256997401e-08
2.73410401561e-08	-3.38406493938e-08
2.73607804703e-08	-2.96399100819e-08
2.73805207845e-08	-2.38959021459e-08
2.74002610987e-08	-1.73180705332e-08
2.74200014129e-08	-1.05203801226e-08
2.7439741727e-08	-3.94366139744e-09
2.74594820412e-08	2.15518003444e-09
2.74792223554e-08	7.65330376851e-09
2.74989626696e-08	1.24741363905e-08
2.75187029838e-08	1.64983244844e-08
2.7538443298e-08	1.95054177254e-08
2.75581836121e-08	2.11688782059e-08
2.75779239263e-08	2.11123847293e-08
2.75976642405e-08	1.90117219745e-08
2.76174045547e-08	1.47154493035e-08
2.76371448689e-08	8.34558999685e-09
2.76568851831e-08	3.45029754767e-10
2.76766254972e-08	-8.54606163614e-09
2.76963658114e-08	-1.73878191845e-08
2.77161061256e-08	-2.51883989222e-08
2.77358464398e-08	-3.10725951636e-08
2.7755586754e-08	-3.44292381271e-08
2.77753270682e-08	-3.5005573551e-08
2.77950673824e-08	-3.29274563171e-08
2.78148076965e-08	-2.86419332696e-08
2.78345480107e-08	-2.28020269333e-08
2.78542883249e-08	-1.61229358753e-08
2.78740286391e-08	-9.2511429628e-09
2.78937689533e-08	-2.67542410448e-09
2.79135092675e-08	3.29955796019e-09
2.79332495816e-08	8.52076365021e-09
2.79529898958e-08	1.29134303251e-08
2.797273021e-08	1.63963100874e-08
2.79924705242e-08	1.88186071171e-08
2.80122108384e-08	1.99412575341e-08
2.80319511526e-08	1.94734361969e-08
2.80516914667e-08	1.71561289619e-08
2.80714317809e-08	1.28677806188e-08
2.80911720951e-08	6.71925493023e-09
2.81109124093e-08	-8.94217921932e-10
2.81306527235e-08	-9.30516197428e-09
2.81503930377e-08	-1.7652757478e-08
2.81701333518e-08	-2.50137262015e-08
2.8189873666e-08	-3.05558991442e-08
2.82096139802e-08	-3.36801839751e-08
2.82293542944e-08	-3.41177788243e-08
2.82490946086e-08	-3.19608659538e-08
2.82688349228e-08	-2.76211125083e-08
2.8288575237e-08	-2.17278479653e-08
2.83083155511e-08	-1.49950452055e-08
2.83280558653e-08	-8.09055844542e-09
2.83477961795e-08	-1.54130486152e-09
2.83675364937e-08	4.30665991757e-09
2.83872768079e-08	9.27107990378e-09
2.84070171221e-08	1.32733291025e-08
2.84267574362e-08	1.62613886801e-08
2.84464977504e-08	1.81441102143e-08
2.84662380646e-08	1.87614332958e-08
2.84859783788e-08	1.79036039327e-08
2.8505718693e-08	1.53753827448e-08
2.85254590072e-08	1.10876916537e-08
2.85451993213e-08	5.14548137431e-09
2.85649396355e-08	-2.0970165604e-09
2.85846799497e-08	-1.0038359477e-08
2.86044202639e-08	-1.78931305328e-08
2.86241605781e-08	-2.48063489749e-08
2.86439008923e-08	-2.99936750991e-08
2.86636412064e-08	-3.28749720779e-08
2.86833815206e-08	-3.31724656633e-08
2.87031218348e-08	-3.09492449446e-08
2.8722862149e-08	-2.65816844092e-08
2.87426024632e-08	-2.06725427887e-08
2.87623427774e-08	-1.3927514253e-08
2.87820830916e-08	-7.02784097584e-09
2.88018234057e-08	-5.30325283687e-10
2.88215637199e-08	5.18411980011e-09
2.88413040341e-08	9.90655379951e-09
2.88610443483e-08	1.35521451838e-08
2.88807846625e-08	1.60904161106e-08
2.89005249767e-08	1.74794489993e-08
2.89202652908e-08	1.7628728699e-08
2.8940005605e-08	1.64033888694e-08
2.89597459192e-08	1.36711184595e-08
2.89794862334e-08	9.37819244484e-09
2.89992265476e-08	3.62912389029e-09
2.90189668618e-08	-3.25756177588e-09
2.90387071759e-08	-1.07414441786e-08
2.90584474901e-08	-1.81088850582e-08
2.90781878043e-08	-2.45721771819e-08
2.90979281185e-08	-2.9396410639e-08
2.91176684327e-08	-3.2025646135e-08
2.91374087469e-08	-3.21798623304e-08
2.9157149061e-08	-2.98990059378e-08
2.91768893752e-08	-2.55263721272e-08
2.91966296894e-08	-1.96351255255e-08
2.92163700036e-08	-1.2916188119e-08
2.92361103178e-08	-6.05583272417e-09
2.9255850632e-08	3.6693334482e-10
2.92755909462e-08	5.94123861219e-09
2.92953312603e-08	1.04335073914e-08
2.93150715745e-08	1.37509879039e-08
2.93348118887e-08	1.58797757166e-08
2.93545522029e-08	1.68193423633e-08
2.93742925171e-08	1.65397047169e-08
2.93940328313e-08	1.49731711474e-08
2.94137731454e-08	1.20469625386e-08
2.94335134596e-08	7.74401343051e-09
2.94532537738e-08	2.17388862467e-09
2.9472994088e-08	-4.37344205295e-09
2.94927344022e-08	-1.14129141693e-08
2.95124747164e-08	-1.82999002618e-08
2.95322150305e-08	-2.43135875877e-08
2.95519553447e-08	-2.8770562821e-08
2.95716956589e-08	-3.11427506006e-08
2.95914359731e-08	-3.11520444995e-08
2.96111762873e-08	-2.88197021803e-08
2.96309166015e-08	-2.44589983822e-08
2.96506569157e-08	-1.86133419788e-08
2.96703972298e-08	-1.19545635613e-08
2.9690137544e-08	-5.1665582923e-09
2.97098778582e-08	1.15784382082e-09
2.97296181724e-08	6.5843028807e-09
2.97493584866e-08	1.08568096735e-08
2.97690988008e-08	1.38730680277e-08
2.97888391149e-08	1.56299666543e-08
2.98085794291e-08	1.61613993299e-08
2.98283197433e-08	1.54901496074e-08
2.98480600575e-08	1.36096582892e-08
2.98678003717e-08	1.05026396469e-08
2.98875406859e-08	6.18869266944e-09
2.9907281e-08	7.8561768202e-10
2.99270213142e-08	-5.43961009569e-09
2.99467616284e-08	-1.20509460189e-08
2.99665019426e-08	-1.84679436188e-08
2.99862422568e-08	-2.4035337276e-08
3.0005982571e-08	-2.81227450216e-08
3.00257228851e-08	-3.02336395919e-08
3.00454631993e-08	-3.00967784028e-08
3.00652035135e-08	-2.77186718023e-08
3.00849438277e-08	-2.33848922448e-08
3.01046841419e-08	-1.76084906656e-08
3.01244244561e-08	-1.10389466457e-08
3.01441647703e-08	-4.35207425653e-09
3.01639050844e-08	1.85210957682e-09
3.01836453986e-08	7.12178716e-09
3.02033857128e-08	1.1181977122e-08
3.0223126027e-08	1.39201574711e-08
3.02428663412e-08	1.53401327196e-08
3.02626066554e-08	1.55032111593e-08
3.02823469695e-08	1.44774201516e-08
3.03020872837e-08	1.23108918615e-08
3.03218275979e-08	9.03784513895e-09
3.03415679121e-08	4.71387195944e-09
3.03613082263e-08	-5.32619448546e-10
3.03810485405e-08	-6.45252296039e-09
