% time-domain voltage integration by openEMS v0.0.36 @Thu Feb  5 18:55:41 2026
% start-coordinates: (-0.0383913,0.02,0.0015) m -> [27,75,9]
% stop-coordinates: (-0.0383913,0.02,0) m -> [27,75,7]
% t/s	voltage
0	0
1.9740314184e-11	-2.48091268418e-07
3.94806283681e-11	-3.15577395327e-07
5.92209425521e-11	-2.59662144231e-07
7.89612567362e-11	2.41549287239e-07
9.87015709202e-11	1.75778603762e-06
1.18441885104e-10	5.0995690799e-06
1.38182199288e-10	1.10988689812e-05
1.57922513472e-10	1.99701489692e-05
1.77662827656e-10	3.02329790429e-05
1.9740314184e-10	3.74016453861e-05
2.17143456024e-10	3.30582442984e-05
2.36883770208e-10	5.35290223524e-06
2.56624084393e-10	-5.8043971876e-05
2.76364398577e-10	-0.000164149249031
2.96104712761e-10	-0.000307077731122
3.15845026945e-10	-0.000461792762508
3.35585341129e-10	-0.000583360757446
3.55325655313e-10	-0.00061505503254
3.75065969497e-10	-0.000505650474224
3.94806283681e-10	-0.000231248821365
4.14546597865e-10	0.000187084602658
4.34286912049e-10	0.000679317075992
4.54027226233e-10	0.00114118575584
4.73767540417e-10	0.00146466854494
4.93507854601e-10	0.00157313293312
5.13248168785e-10	0.00144655851182
5.32988482969e-10	0.00112585228635
5.52728797153e-10	0.000694682705216
5.72469111337e-10	0.000247601135925
5.92209425521e-10	-0.000140895674122
6.11949739705e-10	-0.000433465800597
6.31690053889e-10	-0.000628317648079
6.51430368073e-10	-0.000743594107917
6.71170682257e-10	-0.000798541790573
6.90910996441e-10	-0.000801694433903
7.10651310625e-10	-0.000750757026253
7.3039162481e-10	-0.000641522696242
7.50131938994e-10	-0.000478687215946
7.69872253178e-10	-0.000281438275124
7.89612567362e-10	-8.06820316939e-05
8.09352881546e-10	9.03248146642e-05
8.2909319573e-10	0.000206823453482
8.48833509914e-10	0.000259712789557
8.68573824098e-10	0.000256422761595
8.88314138282e-10	0.000216060536331
9.08054452466e-10	0.000161611431395
9.2779476665e-10	0.00011270759569
9.47535080834e-10	8.10629790067e-05
9.67275395018e-10	6.92071080266e-05
9.87015709202e-10	7.17053662811e-05
1.00675602339e-09	7.82457173045e-05
1.02649633757e-09	7.67722340242e-05
1.04623665175e-09	5.70342126593e-05
1.06597696594e-09	1.3758487512e-05
1.08571728012e-09	-5.11642192578e-05
1.10545759431e-09	-0.000128182640765
1.12519790849e-09	-0.000201915609068
1.14493822267e-09	-0.000255201070104
1.16467853686e-09	-0.000274286983768
1.18441885104e-09	-0.000253423582762
1.20415916523e-09	-0.000196952081751
1.22389947941e-09	-0.00011806281691
1.24363979359e-09	-3.44733289239e-05
1.26338010778e-09	3.70541438315e-05
1.28312042196e-09	8.54923564475e-05
1.30286073615e-09	0.000107587780803
1.32260105033e-09	0.000107124677015
1.34234136451e-09	9.19508820516e-05
1.3620816787e-09	7.0350299211e-05
1.38182199288e-09	4.83421626996e-05
1.40156230707e-09	2.85218857243e-05
1.42130262125e-09	1.05665262708e-05
1.44104293543e-09	-7.14827683623e-06
1.46078324962e-09	-2.56586363321e-05
1.4805235638e-09	-4.3955131332e-05
1.50026387799e-09	-5.84550343774e-05
1.52000419217e-09	-6.3618299464e-05
1.53974450636e-09	-5.36743955308e-05
1.55948482054e-09	-2.49521572186e-05
1.57922513472e-09	2.18926070374e-05
1.59896544891e-09	8.06491079857e-05
1.61870576309e-09	0.000140109899803
1.63844607728e-09	0.000186558718269
1.65818639146e-09	0.000207622804737
1.67792670564e-09	0.000196259294171
1.69766701983e-09	0.000153442655574
1.71740733401e-09	8.83875218278e-05
1.7371476482e-09	1.60636855071e-05
1.75688796238e-09	-4.72524570796e-05
1.77662827656e-09	-8.88159993337e-05
1.79636859075e-09	-0.000102935977338
1.81610890493e-09	-9.19875856198e-05
1.83584921912e-09	-6.46794251224e-05
1.8555895333e-09	-3.24677948811e-05
1.87532984748e-09	-5.58278293283e-06
1.89507016167e-09	9.89110958471e-06
1.91481047585e-09	1.30797302518e-05
1.93455079004e-09	7.48641514292e-06
1.95429110422e-09	-1.06523498289e-06
1.9740314184e-09	-6.77473326505e-06
1.99377173259e-09	-5.79124252909e-06
2.01351204677e-09	2.71689191322e-06
2.03325236096e-09	1.6429858988e-05
2.05299267514e-09	3.06059391733e-05
2.07273298932e-09	3.95279403165e-05
2.09247330351e-09	3.83644583053e-05
2.11221361769e-09	2.50174553003e-05
2.13195393188e-09	1.30342181137e-06
2.15169424606e-09	-2.71392082141e-05
2.17143456024e-09	-5.23806229467e-05
2.19117487443e-09	-6.68461725581e-05
2.21091518861e-09	-6.60586301819e-05
2.2306555028e-09	-5.03963019582e-05
2.25039581698e-09	-2.49705999522e-05
2.27013613116e-09	2.3139282348e-06
2.28987644535e-09	2.37200101765e-05
2.30961675953e-09	3.43806386809e-05
2.32935707372e-09	3.36015818903e-05
2.3490973879e-09	2.43759232035e-05
2.36883770208e-09	1.1549005194e-05
2.38857801627e-09	-3.62406780141e-07
2.40831833045e-09	-8.6645218289e-06
2.42805864464e-09	-1.28158503685e-05
2.44779895882e-09	-1.37517104122e-05
2.46753927301e-09	-1.28256165226e-05
2.48727958719e-09	-1.10275982479e-05
2.50701990137e-09	-8.77279308042e-06
2.52676021556e-09	-6.12976850789e-06
2.54650052974e-09	-3.16070600093e-06
2.56624084393e-09	-5.96013407517e-08
2.58598115811e-09	2.96266819078e-06
2.60572147229e-09	5.85177349421e-06
2.62546178648e-09	8.70818666954e-06
2.64520210066e-09	1.15494126476e-05
2.66494241485e-09	1.40005104186e-05
2.68468272903e-09	1.5190983504e-05
2.70442304321e-09	1.40183860822e-05
2.7241633574e-09	9.7371148513e-06
2.74390367158e-09	2.54278302236e-06
2.76364398577e-09	-6.22188849775e-06
2.78338429995e-09	-1.44255727719e-05
2.80312461413e-09	-1.99461237571e-05
2.82286492832e-09	-2.15046957237e-05
2.8426052425e-09	-1.91035833268e-05
2.86234555669e-09	-1.38361406243e-05
2.88208587087e-09	-7.18611659067e-06
2.90182618505e-09	-2.55047439168e-07
2.92156649924e-09	6.63539253765e-06
2.94130681342e-09	1.37428141898e-05
2.96104712761e-09	2.12490222111e-05
2.98078744179e-09	2.85756896119e-05
3.00052775597e-09	3.41365757777e-05
3.02026807016e-09	3.57463959517e-05
3.04000838434e-09	3.15450961352e-05
3.05974869853e-09	2.10063926716e-05
3.07948901271e-09	5.53261884306e-06
3.09922932689e-09	-1.16972960313e-05
3.11896964108e-09	-2.66155520876e-05
3.13870995526e-09	-3.55557913281e-05
3.15845026945e-09	-3.64608185919e-05
3.17819058363e-09	-2.95536656267e-05
3.19793089781e-09	-1.72304271473e-05
3.217671212e-09	-3.23433698668e-06
3.23741152618e-09	8.56809128891e-06
3.25715184037e-09	1.53633141053e-05
3.27689215455e-09	1.61394518727e-05
3.29663246873e-09	1.17924300866e-05
3.31637278292e-09	4.62851926386e-06
3.3361130971e-09	-2.50548794156e-06
3.35585341129e-09	-7.13979920874e-06
3.37559372547e-09	-7.87797307567e-06
3.39533403966e-09	-4.71021826343e-06
3.41507435384e-09	1.08746917249e-06
3.43481466802e-09	7.39331039767e-06
3.45455498221e-09	1.18882467177e-05
3.47429529639e-09	1.27543476083e-05
3.49403561058e-09	9.2620553005e-06
3.51377592476e-09	2.07070002034e-06
3.53351623894e-09	-6.87377655595e-06
3.55325655313e-09	-1.48722933773e-05
3.57299686731e-09	-1.93239457076e-05
3.5927371815e-09	-1.8643245312e-05
3.61247749568e-09	-1.29068894239e-05
3.63221780986e-09	-3.950545306e-06
3.65195812405e-09	5.1933081977e-06
3.67169843823e-09	1.13544506348e-05
3.69143875242e-09	1.24023872559e-05
3.7111790666e-09	8.06566367828e-06
3.73091938078e-09	3.90208185763e-08
3.75065969497e-09	-8.67099242896e-06
3.77040000915e-09	-1.48919048115e-05
3.79014032334e-09	-1.64386838151e-05
3.80988063752e-09	-1.28023702928e-05
3.8296209517e-09	-5.14442513122e-06
3.84936126589e-09	4.31191733696e-06
3.86910158007e-09	1.31459828481e-05
3.88884189426e-09	1.9466689082e-05
3.90858220844e-09	2.22612843572e-05
3.92832252262e-09	2.13625153265e-05
3.94806283681e-09	1.72123945958e-05
3.96780315099e-09	1.06385582512e-05
3.98754346518e-09	2.7413892667e-06
4.00728377936e-09	-5.16105410497e-06
4.02702409354e-09	-1.16566520774e-05
4.04676440773e-09	-1.5517011434e-05
4.06650472191e-09	-1.60755216712e-05
4.0862450361e-09	-1.35259210765e-05
4.10598535028e-09	-8.94029835763e-06
4.12572566446e-09	-3.93082177652e-06
4.14546597865e-09	-6.10549051316e-08
4.16520629283e-09	1.73979572082e-06
4.18494660702e-09	1.48360481944e-06
4.2046869212e-09	1.43410332498e-08
4.22442723538e-09	-1.44331932006e-06
4.24416754957e-09	-1.84043619811e-06
4.26390786375e-09	-6.97085425827e-07
4.28364817794e-09	1.81715626013e-06
4.30338849212e-09	5.08674497723e-06
4.3231288063e-09	8.3617492237e-06
4.34286912049e-09	1.09837847049e-05
4.36260943467e-09	1.24415828395e-05
4.38234974886e-09	1.23155473375e-05
4.40209006304e-09	1.02549533949e-05
4.42183037723e-09	6.09364178672e-06
4.44157069141e-09	8.52414245855e-08
4.46131100559e-09	-6.89711009727e-06
4.48105131978e-09	-1.33907497002e-05
4.50079163396e-09	-1.76978719537e-05
4.52053194815e-09	-1.84775626622e-05
4.54027226233e-09	-1.53297596626e-05
4.56001257651e-09	-9.08159699975e-06
4.5797528907e-09	-1.59677904321e-06
4.59949320488e-09	4.84988254357e-06
4.61923351907e-09	8.3886302491e-06
4.63897383325e-09	8.2239052972e-06
4.65871414743e-09	4.88262799081e-06
4.67845446162e-09	-3.97019022103e-08
4.6981947758e-09	-4.50779202765e-06
4.71793508999e-09	-6.77752518641e-06
4.73767540417e-09	-5.95210121901e-06
4.75741571835e-09	-2.19332969209e-06
4.77715603254e-09	3.42641737916e-06
4.79689634672e-09	9.31820750338e-06
4.81663666091e-09	1.38471900755e-05
4.83637697509e-09	1.57426711667e-05
4.85611728927e-09	1.43720280903e-05
4.87585760346e-09	9.86268241832e-06
4.89559791764e-09	3.07947618694e-06
4.91533823183e-09	-4.53942834611e-06
4.93507854601e-09	-1.12837897177e-05
4.95481886019e-09	-1.55825609909e-05
4.97455917438e-09	-1.64429993674e-05
4.99429948856e-09	-1.37818528856e-05
5.01403980275e-09	-8.51166532811e-06
5.03378011693e-09	-2.3023688982e-06
5.05352043111e-09	2.94125823075e-06
5.0732607453e-09	5.71992336518e-06
5.09300105948e-09	5.46158503312e-06
5.11274137367e-09	2.71332862667e-06
5.13248168785e-09	-1.07945032823e-06
5.15222200203e-09	-4.1295218125e-06
5.17196231622e-09	-4.9792010941e-06
5.1917026304e-09	-3.02436046695e-06
5.21144294459e-09	1.30092024619e-06
5.23118325877e-09	6.72490614306e-06
5.25092357295e-09	1.16144774438e-05
5.27066388714e-09	1.45227709254e-05
5.29040420132e-09	1.4603870568e-05
5.31014451551e-09	1.17769859571e-05
5.32988482969e-09	6.64486333335e-06
5.34962514388e-09	2.56298164913e-07
5.36936545806e-09	-6.16909051132e-06
5.38910577224e-09	-1.14750650937e-05
5.40884608643e-09	-1.47431837831e-05
5.42858640061e-09	-1.54296167238e-05
5.4483267148e-09	-1.34803181027e-05
5.46806702898e-09	-9.39527808441e-06
5.48780734316e-09	-4.18154172621e-06
5.50754765735e-09	8.52950790886e-07
5.52728797153e-09	4.45406521976e-06
5.54702828572e-09	5.82257439419e-06
5.5667685999e-09	4.90373554385e-06
5.58650891408e-09	2.42598343903e-06
5.60624922827e-09	-3.55652076678e-07
5.62598954245e-09	-2.1249228439e-06
5.64572985664e-09	-1.99627413622e-06
5.66547017082e-09	1.68885847529e-07
5.685210485e-09	3.73959016997e-06
5.70495079919e-09	7.57519160288e-06
5.72469111337e-09	1.04413406916e-05
5.74443142756e-09	1.14045269584e-05
5.76417174174e-09	1.00712272797e-05
5.78391205592e-09	6.6241359491e-06
5.80365237011e-09	1.70328451077e-06
5.82339268429e-09	-3.78069546514e-06
5.84313299848e-09	-8.8273768597e-06
5.86287331266e-09	-1.25025844682e-05
5.88261362684e-09	-1.40853303492e-05
5.90235394103e-09	-1.32233285512e-05
5.92209425521e-09	-1.00734223452e-05
5.9418345694e-09	-5.35497224519e-06
5.96157488358e-09	-2.39548597847e-07
5.98131519776e-09	3.94795279135e-06
6.00105551195e-09	6.14714804215e-06
6.02079582613e-09	5.9471797158e-06
6.04053614032e-09	3.76736295493e-06
6.0602764545e-09	7.30280817152e-07
6.08001676868e-09	-1.74598153535e-06
6.09975708287e-09	-2.48267610914e-06
6.11949739705e-09	-9.85535280051e-07
6.13923771124e-09	2.37672270487e-06
6.15897802542e-09	6.52217295283e-06
6.1787183396e-09	1.00557886071e-05
6.19845865379e-09	1.17488830256e-05
6.21819896797e-09	1.09175357466e-05
6.23793928216e-09	7.58676446821e-06
6.25767959634e-09	2.42500357217e-06
6.27741991052e-09	-3.4821761119e-06
6.29716022471e-09	-8.91919580681e-06
6.31690053889e-09	-1.28081874209e-05
6.33664085308e-09	-1.44151490531e-05
6.35638116726e-09	-1.34838214763e-05
6.37612148145e-09	-1.02937478914e-05
6.39586179563e-09	-5.62293621442e-06
6.41560210981e-09	-5.96044628765e-07
6.435342424e-09	3.58395925559e-06
6.45508273818e-09	5.97036546424e-06
6.47482305237e-09	6.17185582996e-06
6.49456336655e-09	4.49985100204e-06
6.51430368073e-09	1.88188948869e-06
6.53404399492e-09	-4.54408464634e-07
6.5537843091e-09	-1.42316037e-06
6.57352462329e-09	-4.82159975945e-07
6.59326493747e-09	2.16405726405e-06
6.61300525165e-09	5.63783964935e-06
6.63274556584e-09	8.70725307323e-06
6.65248588002e-09	1.02199751382e-05
6.67222619421e-09	9.48477645579e-06
6.69196650839e-09	6.47174783808e-06
6.71170682257e-09	1.78319879751e-06
6.73144713676e-09	-3.56164832738e-06
6.75118745094e-09	-8.42742383611e-06
6.77092776513e-09	-1.18457724056e-05
6.79066807931e-09	-1.32106833917e-05
6.81040839349e-09	-1.23657987388e-05
6.83014870768e-09	-9.59825683822e-06
6.84988902186e-09	-5.56168174626e-06
6.86962933605e-09	-1.14423778541e-06
6.88936965023e-09	2.71234387128e-06
6.90910996441e-09	5.22708842254e-06
6.9288502786e-09	5.9865892581e-06
6.94859059278e-09	5.08110429109e-06
6.96833090697e-09	3.10236816858e-06
6.98807122115e-09	9.74864519776e-07
7.00781153533e-09	-3.46975298271e-07
7.02755184952e-09	-2.18237907745e-07
7.0472921637e-09	1.44882312725e-06
7.06703247789e-09	4.13155726164e-06
7.08677279207e-09	6.8674414706e-06
7.10651310625e-09	8.5881420091e-06
7.12625342044e-09	8.49005073178e-06
7.14599373462e-09	6.30330305285e-06
7.16573404881e-09	2.36960738675e-06
7.18547436299e-09	-2.48052674579e-06
7.20521467717e-09	-7.18735577721e-06
7.22495499136e-09	-1.07558271338e-05
7.24469530554e-09	-1.24912721731e-05
7.26443561973e-09	-1.2126679394e-05
7.28417593391e-09	-9.83848303804e-06
7.3039162481e-09	-6.1757966705e-06
7.32365656228e-09	-1.93365951873e-06
7.34339687646e-09	2.0091948727e-06
7.36313719065e-09	4.87459692522e-06
7.38287750483e-09	6.16777947471e-06
7.40261781902e-09	5.81777703701e-06
7.4223581332e-09	4.22014090873e-06
7.44209844738e-09	2.14117255837e-06
7.46183876157e-09	4.85579732867e-07
7.48157907575e-09	-1.11277058679e-08
7.50131938994e-09	9.41601371096e-07
7.52105970412e-09	3.05753655994e-06
7.5408000183e-09	5.54964503863e-06
7.56054033249e-09	7.39778852221e-06
7.58028064667e-09	7.71052350501e-06
7.60002096086e-09	6.04471347287e-06
7.61976127504e-09	2.56426687884e-06
7.63950158922e-09	-2.01305158498e-06
7.65924190341e-09	-6.64657613925e-06
7.67898221759e-09	-1.02858011815e-05
7.69872253178e-09	-1.21548532661e-05
7.71846284596e-09	-1.19254482343e-05
7.73820316014e-09	-9.7516203823e-06
7.75794347433e-09	-6.18650915385e-06
7.77768378851e-09	-2.02650653591e-06
7.7974241027e-09	1.87149697695e-06
7.81716441688e-09	4.77000617138e-06
7.83690473106e-09	6.20499486104e-06
7.85664504525e-09	6.09125436313e-06
7.87638535943e-09	4.74939520245e-06
7.89612567362e-09	2.82946552943e-06
7.9158659878e-09	1.1277928138e-06
7.93560630198e-09	3.35952805131e-07
7.95534661617e-09	7.99060586587e-07
7.97508693035e-09	2.37302435835e-06
7.99482724454e-09	4.44832403446e-06
8.01456755872e-09	6.14631017015e-06
8.0343078729e-09	6.62423940412e-06
8.05404818709e-09	5.37952928426e-06
8.07378850127e-09	2.43862302796e-06
8.09352881546e-09	-1.63754452842e-06
8.11326912964e-09	-5.92775495534e-06
8.13300944382e-09	-9.4327192528e-06
8.15274975801e-09	-1.13626642815e-05
8.17249007219e-09	-1.13360247269e-05
8.19223038638e-09	-9.44242265177e-06
8.21197070056e-09	-6.17407499703e-06
8.23171101475e-09	-2.2705619358e-06
8.25145132893e-09	1.4686626173e-06
8.27119164311e-09	4.35764650319e-06
8.2909319573e-09	5.95765754952e-06
8.31067227148e-09	6.15617318545e-06
8.33041258567e-09	5.18200317856e-06
8.35015289985e-09	3.54642577349e-06
8.36989321403e-09	1.90936259514e-06
8.38963352822e-09	8.89773104973e-07
8.4093738424e-09	8.67554660999e-07
8.42911415659e-09	1.84180538554e-06
8.44885447077e-09	3.40596716342e-06
8.46859478495e-09	4.86421367896e-06
8.48833509914e-09	5.46208730157e-06
8.50807541332e-09	4.655145176e-06
8.52781572751e-09	2.31731553413e-06
8.54755604169e-09	-1.18897298762e-06
8.56729635587e-09	-5.10845870849e-06
8.58703667006e-09	-8.51932963997e-06
8.60677698424e-09	-1.06068296191e-05
8.62651729843e-09	-1.08913609438e-05
8.64625761261e-09	-9.34128229346e-06
8.66599792679e-09	-6.34951993561e-06
8.68573824098e-09	-2.6001414426e-06
8.70547855516e-09	1.12165196242e-06
8.72521886935e-09	4.1171790599e-06
8.74495918353e-09	5.91900607105e-06
8.76469949771e-09	6.37105222268e-06
8.7844398119e-09	5.6393205341e-06
8.80418012608e-09	4.15659883402e-06
8.82392044027e-09	2.50737423357e-06
8.84366075445e-09	1.270821258e-06
8.86340106863e-09	8.52024214737e-07
8.88314138282e-09	1.34805378593e-06
8.902881697e-09	2.49787069606e-06
8.92262201119e-09	3.74674573322e-06
8.94236232537e-09	4.42020791525e-06
8.96210263955e-09	3.95707570533e-06
8.98184295374e-09	2.12235443087e-06
9.00158326792e-09	-8.7942544269e-07
9.02132358211e-09	-4.43846943199e-06
9.04106389629e-09	-7.71367513153e-06
9.06080421047e-09	-9.88599094853e-06
9.08054452466e-09	-1.0402784028e-05
9.10028483884e-09	-9.13098847377e-06
9.12002515303e-09	-6.37593961983e-06
9.13976546721e-09	-2.77212802757e-06
9.15950578139e-09	9.05451202016e-07
9.17924609558e-09	3.9441199533e-06
9.19898640976e-09	5.85416319154e-06
9.21872672395e-09	6.45507088848e-06
9.23846703813e-09	5.88201532992e-06
9.25820735232e-09	4.52384483651e-06
9.2779476665e-09	2.91138917419e-06
9.29768798068e-09	1.57770506348e-06
9.31742829487e-09	9.15831265047e-07
9.33716860905e-09	1.06403462041e-06
9.35690892324e-09	1.85466632274e-06
9.37664923742e-09	2.85151588741e-06
9.3963895516e-09	3.47856973804e-06
9.41612986579e-09	3.21092807098e-06
9.43587017997e-09	1.7680027895e-06
9.45561049416e-09	-7.5969509794e-07
9.47535080834e-09	-3.90261629946e-06
9.49509112252e-09	-6.93402989782e-06
9.51483143671e-09	-9.08421270651e-06
9.53457175089e-09	-9.7740057754e-06
9.55431206508e-09	-8.78795390236e-06
9.57405237926e-09	-6.32987644167e-06
9.59379269344e-09	-2.95046447718e-06
9.61353300763e-09	6.20381939598e-07
9.63327332181e-09	3.67457425909e-06
9.653013636e-09	5.69788562643e-06
9.67275395018e-09	6.47016850053e-06
9.69249426436e-09	6.07998708801e-06
9.71223457855e-09	4.8660642733e-06
9.73197489273e-09	3.30950979333e-06
9.75171520692e-09	1.9045671138e-06
9.7714555211e-09	1.03267717577e-06
9.79119583528e-09	8.63660972072e-07
9.81093614947e-09	1.30741528892e-06
9.83067646365e-09	2.03383706321e-06
9.85041677784e-09	2.56663088294e-06
9.87015709202e-09	2.43395811594e-06
9.8898974062e-09	1.3350803556e-06
9.90963772039e-09	-7.32681399995e-07
9.92937803457e-09	-3.43485839949e-06
9.94911834876e-09	-6.17286514171e-06
9.96885866294e-09	-8.25146116767e-06
9.98859897712e-09	-9.08797574084e-06
1.00083392913e-08	-8.39263202579e-06
1.00280796055e-08	-6.25836901236e-06
1.00478199197e-08	-3.13197813284e-06
1.00675602339e-08	3.19108096392e-07
1.0087300548e-08	3.39543453265e-06
1.01070408622e-08	5.54730331714e-06
1.01267811764e-08	6.49672824693e-06
1.01465214906e-08	6.27355984761e-06
1.01662618048e-08	5.16945124218e-06
1.0186002119e-08	3.63401488812e-06
1.02057424331e-08	2.1457603907e-06
1.02254827473e-08	1.08924172082e-06
1.02452230615e-08	6.61967959559e-07
1.02649633757e-08	8.28722761526e-07
1.02847036899e-08	1.33486520326e-06
1.03044440041e-08	1.78026988351e-06
1.03241843183e-08	1.74166683564e-06
1.03439246324e-08	9.15162502224e-07
1.03636649466e-08	-7.64078606608e-07
1.03834052608e-08	-3.06702861508e-06
1.0403145575e-08	-5.50827530788e-06
1.04228858892e-08	-7.47284252611e-06
1.04426262034e-08	-8.39640961203e-06
1.04623665175e-08	-7.94140578364e-06
1.04821068317e-08	-6.10814754509e-06
1.05018471459e-08	-3.24321104017e-06
1.05215874601e-08	5.77339704932e-08
1.05413277743e-08	3.11852420509e-06
1.05610680885e-08	5.36548577657e-06
1.05808084026e-08	6.46753915134e-06
1.06005487168e-08	6.39566451355e-06
1.0620289031e-08	5.39477468919e-06
1.06400293452e-08	3.88636249227e-06
1.06597696594e-08	2.33871230648e-06
1.06795099736e-08	1.14122121886e-06
1.06992502878e-08	5.1144832014e-07
1.07189906019e-08	4.52243369864e-07
1.07387309161e-08	7.63657538982e-07
1.07584712303e-08	1.1071012409e-06
1.07782115445e-08	1.10871980041e-06
1.07979518587e-08	4.7909880152e-07
1.08176921729e-08	-8.80220625277e-07
1.0837432487e-08	-2.81852840089e-06
1.08571728012e-08	-4.95030758429e-06
1.08769131154e-08	-6.74736770634e-06
1.08966534296e-08	-7.68745553614e-06
1.09163937438e-08	-7.41502049095e-06
1.0936134058e-08	-5.86042324358e-06
1.09558743721e-08	-3.27580607973e-06
1.09756146863e-08	-1.72722600666e-07
1.09953550005e-08	2.81863242435e-06
1.10150953147e-08	5.12211363457e-06
1.10348356289e-08	6.36421054878e-06
1.10545759431e-08	6.45433010504e-06
1.10743162572e-08	5.57882003704e-06
1.10940565714e-08	4.11953692492e-06
1.11137968856e-08	2.52936695233e-06
1.11335371998e-08	1.20475687027e-06
1.1153277514e-08	3.88463618606e-07
1.11730178282e-08	1.22258192903e-07
1.11927581424e-08	2.5498195555e-07
1.12124984565e-08	4.99424942291e-07
1.12322387707e-08	5.23252737139e-07
1.12519790849e-08	5.34868682678e-08
1.12717193991e-08	-1.02964298776e-06
1.12914597133e-08	-2.63548997737e-06
1.13112000275e-08	-4.46365243079e-06
1.13309403416e-08	-6.06962271377e-06
1.13506806558e-08	-6.98355665918e-06
1.137042097e-08	-6.85110262566e-06
1.13901612842e-08	-5.55108022127e-06
1.14099015984e-08	-3.25013138536e-06
1.14296419126e-08	-3.71760890516e-07
1.14493822267e-08	2.51358346759e-06
1.14691225409e-08	4.84284760205e-06
1.14888628551e-08	6.20997320766e-06
1.15086031693e-08	6.4632208705e-06
1.15283434835e-08	5.72389899389e-06
1.15480837977e-08	4.32620004176e-06
1.15678241118e-08	2.70390842161e-06
1.1587564426e-08	1.26275551793e-06
1.16073047402e-08	2.75295917618e-07
1.16270450544e-08	-1.75826222915e-07
1.16467853686e-08	-1.97594147266e-07
1.16665256828e-08	-3.6369941725e-08
1.1686265997e-08	5.99448224392e-09
1.17060063111e-08	-3.31263066755e-07
1.17257466253e-08	-1.18248760828e-06
1.17454869395e-08	-2.50118182521e-06
1.17652272537e-08	-4.05349464927e-06
1.17849675679e-08	-5.46638761989e-06
1.18047078821e-08	-6.32322667116e-06
1.18244481962e-08	-6.28402972325e-06
1.18441885104e-08	-5.19603690918e-06
1.18639288246e-08	-3.1578896369e-06
1.18836691388e-08	-5.12200102776e-07
1.1903409453e-08	2.23549125167e-06
1.19231497672e-08	4.54974974673e-06
1.19428900813e-08	6.00804492024e-06
1.19626303955e-08	6.40834309706e-06
1.19823707097e-08	5.80876621825e-06
1.20021110239e-08	4.49047047368e-06
1.20218513381e-08	2.85997805349e-06
1.20415916523e-08	1.3258423337e-06
1.20613319664e-08	1.87951329167e-07
1.20810722806e-08	-4.30285695074e-07
1.21008125948e-08	-5.92885783135e-07
1.2120552909e-08	-5.09353924372e-07
1.21402932232e-08	-4.56160776707e-07
1.21600335374e-08	-6.85061451122e-07
1.21797738516e-08	-1.34126810281e-06
1.21995141657e-08	-2.4111499215e-06
1.22192544799e-08	-3.71265230115e-06
1.22389947941e-08	-4.93285938319e-06
1.22587351083e-08	-5.70635347685e-06
1.22784754225e-08	-5.71754117118e-06
1.22982157367e-08	-4.79976779388e-06
1.23179560508e-08	-3.00104693451e-06
1.2337696365e-08	-5.92506978592e-07
1.23574366792e-08	1.98818793251e-06
1.23771769934e-08	4.24615473094e-06
1.23969173076e-08	5.75915669287e-06
1.24166576218e-08	6.28771817901e-06
1.24363979359e-08	5.8311848079e-06
1.24561382501e-08	4.61301010546e-06
1.24758785643e-08	3.0027754292e-06
1.24956188785e-08	1.40224153711e-06
1.25153591927e-08	1.32984112611e-07
1.25350995069e-08	-6.41746083829e-07
1.2554839821e-08	-9.41300896784e-07
1.25745801352e-08	-9.36755952807e-07
1.25943204494e-08	-8.79877262605e-07
1.26140607636e-08	-1.01481651882e-06
1.26338010778e-08	-1.49773870817e-06
1.2653541392e-08	-2.34418087075e-06
1.26732817062e-08	-3.4162034126e-06
1.26930220203e-08	-4.45203477284e-06
1.27127623345e-08	-5.13233158017e-06
1.27325026487e-08	-5.16791919836e-06
1.27522429629e-08	-4.38776555711e-06
1.27719832771e-08	-2.80268534425e-06
1.27917235913e-08	-6.23562954161e-07
1.28114639054e-08	1.77620751174e-06
1.28312042196e-08	3.94805533688e-06
1.28509445338e-08	5.48241087017e-06
1.2870684848e-08	6.11564178143e-06
1.28904251622e-08	5.79652714805e-06
1.29101654764e-08	4.69113683721e-06
1.29299057905e-08	3.12537235914e-06
1.29496461047e-08	1.48487396245e-06
1.29693864189e-08	1.05216649615e-07
1.29891267331e-08	-8.13807076838e-07
1.30088670473e-08	-1.24591451822e-06
1.30286073615e-08	-1.32161022748e-06
1.30483476757e-08	-1.26670715872e-06
1.30680879898e-08	-1.31850100615e-06
1.3087828304e-08	-1.64529586755e-06
1.31075686182e-08	-2.29050090184e-06
1.31273089324e-08	-3.15497766223e-06
1.31470492466e-08	-4.02029809266e-06
1.31667895608e-08	-4.60609066977e-06
1.31865298749e-08	-4.64775644105e-06
1.32062701891e-08	-3.97558983423e-06
1.32260105033e-08	-2.5747114023e-06
1.32457508175e-08	-6.08236263133e-07
1.32654911317e-08	1.60717792141e-06
1.32852314459e-08	3.67037171145e-06
1.330497176e-08	5.19359741702e-06
1.33247120742e-08	5.90221497987e-06
1.33444523884e-08	5.70570591663e-06
1.33641927026e-08	4.71750331599e-06
1.33839330168e-08	3.21690333749e-06
1.3403673331e-08	1.5649894749e-06
1.34234136451e-08	1.01720608825e-07
1.34431539593e-08	-9.43487634686e-07
1.34628942735e-08	-1.50136833099e-06
1.34826345877e-08	-1.66044981142e-06
1.35023749019e-08	-1.61756759098e-06
1.35221152161e-08	-1.60069345156e-06
1.35418555303e-08	-1.78852275212e-06
1.35615958444e-08	-2.25081248573e-06
1.35813361586e-08	-2.92455422368e-06
1.36010764728e-08	-3.63016317806e-06
1.3620816787e-08	-4.12158078689e-06
1.36405571012e-08	-4.15651720687e-06
1.36602974154e-08	-3.5692316942e-06
1.36800377295e-08	-2.32699630942e-06
1.36997780437e-08	-5.55190041496e-07
1.37195183579e-08	1.47800727746e-06
1.37392586721e-08	3.41688894423e-06
1.37589989863e-08	4.90135107611e-06
1.37787393005e-08	5.65674554309e-06
1.37984796146e-08	5.56472559765e-06
1.38182199288e-08	4.6931122597e-06
1.3837960243e-08	3.27427756019e-06
1.38577005572e-08	1.63805702869e-06
1.38774408714e-08	1.190818395e-07
1.38971811856e-08	-1.03212852309e-06
1.39169214997e-08	-1.70762331209e-06
1.39366618139e-08	-1.95358836663e-06
1.39564021281e-08	-1.93451938912e-06
1.39761424423e-08	-1.86473164376e-06
1.39958827565e-08	-1.92998231796e-06
1.40156230707e-08	-2.2243756348e-06
1.40353633849e-08	-2.71967587651e-06
1.4055103699e-08	-3.273387847e-06
1.40748440132e-08	-3.67142536106e-06
1.40945843274e-08	-3.69225540453e-06
1.41143246416e-08	-3.17445801556e-06
1.41340649558e-08	-2.07121922813e-06
1.415380527e-08	-4.7709548312e-07
1.41735455841e-08	1.38120691417e-06
1.41932858983e-08	3.1891756862e-06
1.42130262125e-08	4.6156371809e-06
1.42327665267e-08	5.39306029168e-06
1.42525068409e-08	5.38526978744e-06
1.42722471551e-08	4.62301500193e-06
1.42919874692e-08	3.29515148678e-06
1.43117277834e-08	1.69677224449e-06
1.43314680976e-08	1.48959536261e-07
1.43512084118e-08	-1.08589824777e-06
1.4370948726e-08	-1.86743517361e-06
1.43906890402e-08	-2.2010677867e-06
1.44104293543e-08	-2.21626316943e-06
1.44301696685e-08	-2.10895143482e-06
1.44499099827e-08	-2.0679666477e-06
1.44696502969e-08	-2.20918241212e-06
1.44893906111e-08	-2.53769087522e-06
1.45091309253e-08	-2.94699373171e-06
1.45288712395e-08	-3.25354108099e-06
1.45486115536e-08	-3.2549912703e-06
1.45683518678e-08	-2.79444782336e-06
1.4588092182e-08	-1.81362804597e-06
1.46078324962e-08	-3.81187490461e-07
1.46275728104e-08	1.31150335392e-06
1.46473131246e-08	2.98685586131e-06
1.46670534387e-08	4.34224580204e-06
1.46867937529e-08	5.12132055519e-06
1.47065340671e-08	5.17780472364e-06
1.47262743813e-08	4.51348137176e-06
1.47460146955e-08	3.27878433382e-06
1.47657550097e-08	1.73418715121e-06
1.47854953238e-08	1.81937963362e-07
1.4805235638e-08	-1.11202331254e-06
1.48249759522e-08	-1.98303814614e-06
1.48447162664e-08	-2.4003800263e-06
1.48644565806e-08	-2.45830960921e-06
1.48841968948e-08	-2.3303072112e-06
1.4903937209e-08	-2.20226104375e-06
1.49236775231e-08	-2.20688900754e-06
1.49434178373e-08	-2.37987649143e-06
1.49631581515e-08	-2.65005110123e-06
1.49828984657e-08	-2.86493684598e-06
1.50026387799e-08	-2.841877631e-06
1.50223790941e-08	-2.42892406277e-06
1.50421194082e-08	-1.55758129949e-06
1.50618597224e-08	-2.73466170597e-07
1.50816000366e-08	1.26320048821e-06
1.51013403508e-08	2.80751214632e-06
1.5121080665e-08	4.08337132285e-06
1.51408209792e-08	4.84784618493e-06
1.51605612933e-08	4.95026802128e-06
1.51803016075e-08	4.37098901784e-06
1.52000419217e-08	3.22801088259e-06
1.52197822359e-08	1.74875003722e-06
1.52395225501e-08	2.13044323516e-07
1.52592628643e-08	-1.11682703618e-06
1.52790031784e-08	-2.05974572509e-06
1.52987434926e-08	-2.55421753081e-06
1.53184838068e-08	-2.66041536179e-06
1.5338224121e-08	-2.52642587384e-06
1.53579644352e-08	-2.33004675465e-06
1.53777047494e-08	-2.21548577883e-06
1.53974450636e-08	-2.24534232984e-06
1.54171853777e-08	-2.38227107729e-06
1.54369256919e-08	-2.50502478139e-06
1.54566660061e-08	-2.45185776748e-06
1.54764063203e-08	-2.07722712275e-06
1.54961466345e-08	-1.30420141886e-06
1.55158869487e-08	-1.57557465741e-07
1.55356272628e-08	1.2309902786e-06
1.5555367577e-08	2.64663640337e-06
1.55751078912e-08	3.83828012218e-06
1.55948482054e-08	4.57693272438e-06
1.56145885196e-08	4.71094585919e-06
1.56343288338e-08	4.20444621341e-06
1.56540691479e-08	3.14835835979e-06
1.56738094621e-08	1.74017128529e-06
1.56935497763e-08	2.3660179238e-07
1.57132900905e-08	-1.10851391355e-06
1.57330304047e-08	-2.10463463191e-06
1.57527707189e-08	-2.66595509402e-06
1.5772511033e-08	-2.82187761513e-06
1.57922513472e-08	-2.69407564701e-06
1.58119916614e-08	-2.44768875746e-06
1.58317319756e-08	-2.23245137931e-06
1.58514722898e-08	-2.13296243601e-06
1.5871212604e-08	-2.14332146697e-06
1.58909529182e-08	-2.17361809973e-06
1.59106932323e-08	-2.08478877539e-06
1.59304335465e-08	-1.73982812157e-06
1.59501738607e-08	-1.05513720428e-06
1.59699141749e-08	-3.63051348984e-08
1.59896544891e-08	1.21164123357e-06
1.60093948033e-08	2.50190248607e-06
1.60291351174e-08	3.60690751222e-06
1.60488754316e-08	4.31149760516e-06
1.60686157458e-08	4.46512899543e-06
1.608835606e-08	4.01992747356e-06
1.61080963742e-08	3.04452282762e-06
1.61278366884e-08	1.70990921333e-06
1.61475770025e-08	2.50062484497e-07
1.61673173167e-08	-1.092777552e-06
1.61870576309e-08	-2.12439874758e-06
1.62067979451e-08	-2.7406853178e-06
1.62265382593e-08	-2.94435710657e-06
1.62462785735e-08	-2.83132226286e-06
1.62660188876e-08	-2.55103009295e-06
1.62857592018e-08	-2.25361930006e-06
1.6305499516e-08	-2.04035757179e-06
1.63252398302e-08	-1.93310802388e-06
1.63449801444e-08	-1.87214271818e-06
1.63647204586e-08	-1.74223464455e-06
1.63844607728e-08	-1.41751644378e-06
1.64042010869e-08	-8.10573027366e-07
1.64239414011e-08	8.98206984346e-08
1.64436817153e-08	1.20365496059e-06
1.64634220295e-08	2.37115921209e-06
1.64831623437e-08	3.38765210017e-06
1.65029026579e-08	4.05203991249e-06
1.6522642972e-08	4.21623258262e-06
1.65423832862e-08	3.82291716505e-06
1.65621236004e-08	2.92187155537e-06
1.65818639146e-08	1.66081338193e-06
1.66016042288e-08	2.52413201451e-07
1.6621344543e-08	-1.07420470385e-06
1.66410848571e-08	-2.12516238207e-06
1.66608251713e-08	-2.78369213902e-06
1.66805654855e-08	-3.03052513573e-06
1.67003057997e-08	-2.93764264825e-06
1.67200461139e-08	-2.63727872607e-06
1.67397864281e-08	-2.27545285725e-06
1.67595267423e-08	-1.96464486635e-06
1.67792670564e-08	-1.7501369598e-06
1.67990073706e-08	-1.60051223475e-06
1.68187476848e-08	-1.4250795175e-06
1.6838487999e-08	-1.11156623461e-06
1.68582283132e-08	-5.71831293428e-07
1.68779686274e-08	2.19546116398e-07
1.68977089415e-08	1.20578863516e-06
1.69174492557e-08	2.25321434755e-06
1.69371895699e-08	3.17984302001e-06
1.69569298841e-08	3.79907874049e-06
1.69766701983e-08	3.96645600631e-06
1.69964105125e-08	3.61716854513e-06
1.70161508266e-08	2.78479660665e-06
1.70358911408e-08	1.59625363949e-06
1.7055631455e-08	2.44310996322e-07
1.70753717692e-08	-1.05539839979e-06
1.70951120834e-08	-2.11218571167e-06
1.71148523976e-08	-2.80088329419e-06
1.71345927117e-08	-3.08460153065e-06
1.71543330259e-08	-3.01417412629e-06
1.71740733401e-08	-2.70432087746e-06
1.71938136543e-08	-2.29385352668e-06
1.72135539685e-08	-1.90171010672e-06
1.72332942827e-08	-1.59184963877e-06
1.72530345969e-08	-1.3583359646e-06
1.7272774911e-08	-1.13469582175e-06
1.72925152252e-08	-8.2413328073e-07
1.73122555394e-08	-3.40876638916e-07
1.73319958536e-08	3.51602182036e-07
1.73517361678e-08	1.21743852333e-06
1.7371476482e-08	2.1478609824e-06
1.73912167961e-08	2.98351289985e-06
1.74109571103e-08	3.55309737188e-06
1.74306974245e-08	3.7171164422e-06
1.74504377387e-08	3.40517556197e-06
1.74701780529e-08	2.63660888322e-06
1.74899183671e-08	1.51927287106e-06
1.75096586812e-08	2.2715340009e-07
1.75293989954e-08	-1.03772191551e-06
1.75491393096e-08	-2.08948335967e-06
1.75688796238e-08	-2.79756045529e-06
1.7588619938e-08	-3.11111648443e-06
1.76083602522e-08	-3.06280446694e-06
1.76281005663e-08	-2.75091065305e-06
1.76478408805e-08	-2.30542150348e-06
1.76675811947e-08	-1.84767918654e-06
1.76873215089e-08	-1.45556811049e-06
1.77070618231e-08	-1.14483106017e-06
1.77268021373e-08	-8.71850687645e-07
1.77465424515e-08	-5.5676247257e-07
1.77662827656e-08	-1.1929590471e-07
1.77860230798e-08	4.84603489781e-07
1.7805763394e-08	1.23747361158e-06
1.78255037082e-08	2.05436231226e-06
1.78452440224e-08	2.7986037594e-06
1.78649843366e-08	3.31494493366e-06
1.78847246507e-08	3.47009176949e-06
1.79044649649e-08	3.1894253425e-06
1.79242052791e-08	2.47973764544e-06
1.79439455933e-08	1.43167375199e-06
1.79636859075e-08	2.01648028053e-07
1.79834262217e-08	-1.02187743778e-06
1.80031665358e-08	-2.05922674468e-06
1.802290685e-08	-2.77713252217e-06
1.80426471642e-08	-3.11395228891e-06
1.80623874784e-08	-3.08664766635e-06
1.80821277926e-08	-2.77811557226e-06
1.81018681068e-08	-2.30852162986e-06
1.81216084209e-08	-1.79883130613e-06
1.81413487351e-08	-1.33715923312e-06
1.81610890493e-08	-9.57327102924e-07
1.81808293635e-08	-6.36428353573e-07
1.82005696777e-08	-3.11510049755e-07
1.82203099919e-08	9.00111594149e-08
1.82400503061e-08	6.1639147475e-07
1.82597906202e-08	1.26520848198e-06
1.82795309344e-08	1.97313954686e-06
1.82992712486e-08	2.62586934241e-06
1.83190115628e-08	3.085270464e-06
1.8338751877e-08	3.22601567859e-06
1.83584921912e-08	2.97112865155e-06
1.83782325053e-08	2.31625699598e-06
1.83979728195e-08	1.3358477986e-06
1.84177131337e-08	1.69421461749e-07
1.84374534479e-08	-1.00798922631e-06
1.84571937621e-08	-2.02364174129e-06
1.84769340763e-08	-2.74324611382e-06
1.84966743904e-08	-3.09689824007e-06
1.85164147046e-08	-3.08842402319e-06
1.85361550188e-08	-2.78675497611e-06
1.8555895333e-08	-2.30196235407e-06
1.85756356472e-08	-1.75257554247e-06
1.85953759614e-08	-1.23345921565e-06
1.86151162756e-08	-7.93170158886e-07
1.86348565897e-08	-4.27162163419e-07
1.86545969039e-08	-8.89286795314e-08
1.86743372181e-08	2.85021812374e-07
1.86940775323e-08	7.44414506926e-07
1.87138178465e-08	1.29861206233e-06
1.87335581607e-08	1.90348254137e-06
1.87532984748e-08	2.465984835e-06
1.8773038789e-08	2.86557849449e-06
1.87927791032e-08	2.98657380426e-06
1.88125194174e-08	2.75174306807e-06
1.88322597316e-08	2.14743738525e-06
1.88520000458e-08	1.2329950323e-06
1.88717403599e-08	1.31429132466e-07
1.88914806741e-08	-9.95892435185e-07
1.89112209883e-08	-1.98383668248e-06
1.89309613025e-08	-2.69846373158e-06
1.89507016167e-08	-3.06330980493e-06
1.89704419309e-08	-3.07107882236e-06
1.8990182245e-08	-2.77829849438e-06
1.90099225592e-08	-2.28525175316e-06
1.90296628734e-08	-1.70667988186e-06
1.90494031876e-08	-1.1415115182e-06
1.90691435018e-08	-6.49724597679e-07
1.9088883816e-08	-2.42599469402e-07
1.91086241302e-08	1.10962584898e-07
1.91283644443e-08	4.64426690883e-07
1.91481047585e-08	8.66526391974e-07
1.91678450727e-08	1.33560303084e-06
1.91875853869e-08	1.84416006732e-06
1.92073257011e-08	2.31897365666e-06
1.92270660153e-08	2.65710991698e-06
1.92468063294e-08	2.75370825875e-06
1.92665466436e-08	2.53319433341e-06
1.92862869578e-08	1.97463884888e-06
1.9306027272e-08	1.1238010984e-06
1.93257675862e-08	8.78606094545e-08
1.93455079004e-08	-9.85728263458e-07
1.93652482145e-08	-1.94048908497e-06
1.93849885287e-08	-2.64422214968e-06
1.94047288429e-08	-3.01553234294e-06
1.94244691571e-08	-3.03737397189e-06
1.94442094713e-08	-2.75494028301e-06
1.94639497855e-08	-2.25897349537e-06
1.94836900996e-08	-1.65973023059e-06
1.95034304138e-08	-1.05840530296e-06
1.9523170728e-08	-5.23845727685e-07
1.95429110422e-08	-8.06535673803e-08
1.95626513564e-08	2.88424544692e-07
1.95823916706e-08	6.26857342922e-07
1.96021319848e-08	9.80654363048e-07
1.96218722989e-08	1.37429543656e-06
1.96416126131e-08	1.79409533985e-06
1.96613529273e-08	2.18475929614e-06
1.96810932415e-08	2.46062302267e-06
1.97008335557e-08	2.52871745943e-06
1.97205738699e-08	2.3170600798e-06
1.9740314184e-08	1.79945959644e-06
1.97600544982e-08	1.00955185189e-06
1.97797948124e-08	3.93455259484e-08
1.97995351266e-08	-9.77764386789e-07
1.98192754408e-08	-1.89475628076e-06
1.9839015755e-08	-2.58237571416e-06
1.98587560691e-08	-2.95567531339e-06
1.98784963833e-08	-2.98929319342e-06
1.98982366975e-08	-2.71806857199e-06
1.99179770117e-08	-2.22361018132e-06
1.99377173259e-08	-1.61108249586e-06
1.99574576401e-08	-9.82429128271e-07
1.99771979542e-08	-4.13223801843e-07
1.99969382684e-08	6.08607653163e-08
2.00166785826e-08	4.4475292782e-07
2.00364188968e-08	7.72193573084e-07
2.0056159211e-08	1.08532611875e-06
2.00758995252e-08	1.41254975006e-06
2.00956398394e-08	1.75142724856e-06
2.01153801535e-08	2.06254696877e-06
2.01351204677e-08	2.27664679642e-06
2.01548607819e-08	2.31319199884e-06
2.01746010961e-08	2.10532653e-06
2.01943414103e-08	1.62359225442e-06
2.02140817245e-08	8.91253904456e-07
2.02338220386e-08	-1.39218414574e-08
2.02535623528e-08	-9.72492784967e-07
2.0273302667e-08	-1.84761364608e-06
2.02930429812e-08	-2.51423728059e-06
2.03127832954e-08	-2.88533897219e-06
2.03325236096e-08	-2.92853826522e-06
2.03522639237e-08	-2.66919971637e-06
2.03720042379e-08	-2.18004868202e-06
2.03917445521e-08	-1.56056643164e-06
2.04114848663e-08	-9.12224436433e-07
2.04312251805e-08	-3.15605433343e-07
2.04509654947e-08	1.84325145369e-07
2.04707058089e-08	5.81534095545e-07
2.0490446123e-08	9.00561218486e-07
2.05101864372e-08	1.17926828125e-06
2.05299267514e-08	1.44833194327e-06
2.05496670656e-08	1.7143236164e-06
2.05694073798e-08	1.95151289972e-06
2.0589147694e-08	2.10560517644e-06
2.06088880081e-08	2.10843973036e-06
2.06286283223e-08	1.89960388752e-06
2.06483686365e-08	1.44844773331e-06
2.06681089507e-08	7.69835025949e-07
2.06878492649e-08	-7.14760624021e-08
2.07075895791e-08	-9.69953447338e-07
2.07273298932e-08	-1.79973926606e-06
2.07470702074e-08	-2.44117939019e-06
2.07668105216e-08	-2.80638926142e-06
2.07865508358e-08	-2.85701923985e-06
2.080629115e-08	-2.60972308297e-06
2.08260314642e-08	-2.12869281313e-06
2.08457717783e-08	-1.50764640239e-06
2.08655120925e-08	-8.46552296707e-07
2.08852524067e-08	-2.29456894374e-07
2.09049927209e-08	2.91183638979e-07
2.09247330351e-08	6.99944877169e-07
2.09444733493e-08	1.01270387631e-06
2.09642136635e-08	1.26241536691e-06
2.09839539776e-08	1.48068568251e-06
2.10036942918e-08	1.68113700738e-06
2.1023434606e-08	1.84996110875e-06
2.10431749202e-08	1.94664994524e-06
2.10629152344e-08	1.91504329905e-06
2.10826555486e-08	1.70173348124e-06
2.11023958627e-08	1.27628385371e-06
2.11221361769e-08	6.46962689643e-07
2.11418764911e-08	-1.32931518237e-07
2.11616168053e-08	-9.70934792122e-07
2.11813571195e-08	-1.75246202616e-06
2.12010974337e-08	-2.3644885232e-06
2.12208377478e-08	-2.71989119938e-06
2.1240578062e-08	-2.77572394225e-06
2.12603183762e-08	-2.5407269959e-06
2.12800586904e-08	-2.07060645607e-06
2.12997990046e-08	-1.45272747432e-06
2.13195393188e-08	-7.84765092021e-07
2.13392796329e-08	-1.53093566269e-07
2.13590199471e-08	3.83654921166e-07
2.13787602613e-08	8.01718812227e-07
2.13985005755e-08	1.10920512952e-06
2.14182408897e-08	1.33420388693e-06
2.14379812039e-08	1.5082625282e-06
2.14577215181e-08	1.65048118106e-06
2.14774618322e-08	1.75699335614e-06
2.14972021464e-08	1.79951996415e-06
2.15169424606e-08	1.73334939291e-06
2.15366827748e-08	1.51258007008e-06
2.1556423089e-08	1.10831041411e-06
2.15761634032e-08	5.23935170804e-07
2.15959037173e-08	-1.97249910627e-07
2.16156440315e-08	-9.75136686066e-07
2.16353843457e-08	-1.70644500486e-06
2.16551246599e-08	-2.28565238558e-06
2.16748649741e-08	-2.62768026005e-06
2.16946052883e-08	-2.68628434696e-06
2.17143456024e-08	-2.46320973929e-06
2.17340859166e-08	-2.00604381462e-06
2.17538262308e-08	-1.3955174154e-06
2.1773566545e-08	-7.26172004306e-07
2.17933068592e-08	-8.54920543247e-08
2.18130471734e-08	4.62920098698e-07
2.18327874875e-08	8.88128226961e-07
2.18525278017e-08	1.19107284036e-06
2.18722681159e-08	1.39497268492e-06
2.18920084301e-08	1.53061245101e-06
2.19117487443e-08	1.62116430147e-06
2.19314890585e-08	1.67115797467e-06
2.19512293727e-08	1.66321729012e-06
2.19709696868e-08	1.56325967282e-06
2.1990710001e-08	1.3330419506e-06
2.20104503152e-08	9.46078586139e-07
2.20301906294e-08	4.02309609626e-07
2.20499309436e-08	-2.63491287456e-07
2.20696712578e-08	-9.82513199688e-07
2.20894115719e-08	-1.66249998301e-06
2.21091518861e-08	-2.20599702061e-06
2.21288922003e-08	-2.53120470006e-06
2.21486325145e-08	-2.58994055002e-06
2.21683728287e-08	-2.37809990722e-06
2.21881131429e-08	-1.93555803207e-06
2.2207853457e-08	-1.33611627007e-06
2.22275937712e-08	-6.70306008033e-07
2.22473340854e-08	-2.56431675894e-08
2.22670743996e-08	5.30389883124e-07
2.22868147138e-08	9.60595372135e-07
2.2306555028e-08	1.25928636407e-06
2.23262953422e-08	1.44493429843e-06
2.23460356563e-08	1.54716354928e-06
2.23657759705e-08	1.59215875328e-06
2.23855162847e-08	1.59143638712e-06
2.24052565989e-08	1.53705963157e-06
2.24249969131e-08	1.4046635215e-06
2.24447372273e-08	1.16353271551e-06
2.24644775414e-08	7.90457420408e-07
2.24842178556e-08	2.83188001049e-07
2.25039581698e-08	-3.30633895373e-07
2.2523698484e-08	-9.92470177152e-07
2.25434387982e-08	-1.62081283861e-06
2.25631791124e-08	-2.12659381305e-06
2.25829194265e-08	-2.43208205575e-06
2.26026597407e-08	-2.48838534844e-06
2.26224000549e-08	-2.2865747269e-06
2.26421403691e-08	-1.85953507525e-06
2.26618806833e-08	-1.27420656781e-06
2.26816209975e-08	-6.16468327053e-07
2.27013613116e-08	2.72873030838e-08
2.27211016258e-08	5.86970543281e-07
2.274084194e-08	1.02006748648e-06
2.27605822542e-08	1.31477258947e-06
2.27803225684e-08	1.48476277673e-06
2.28000628826e-08	1.55794043621e-06
2.28198031968e-08	1.56277599217e-06
2.28395435109e-08	1.51665648218e-06
2.28592838251e-08	1.41993564284e-06
2.28790241393e-08	1.25706338849e-06
2.28987644535e-08	1.00443810425e-06
2.29185047677e-08	6.42442358867e-07
2.29382450819e-08	1.67739941048e-07
2.2957985396e-08	-3.9776301719e-07
2.29777257102e-08	-1.00464626485e-06
2.29974660244e-08	-1.58162464459e-06
2.30172063386e-08	-2.04818411476e-06
2.30369466528e-08	-2.3315051294e-06
2.3056686967e-08	-2.38300367528e-06
2.30764272811e-08	-2.18989009682e-06
2.30961675953e-08	-1.77873749863e-06
2.31159079095e-08	-1.20981655982e-06
2.31356482237e-08	-5.63970559142e-07
2.31553885379e-08	7.43917176749e-08
2.31751288521e-08	6.33769928982e-07
2.31948691662e-08	1.06745960693e-06
2.32146094804e-08	1.35817640512e-06
2.32343497946e-08	1.51483345689e-06
2.32540901088e-08	1.56307595489e-06
2.3273830423e-08	1.53270508463e-06
2.32935707372e-08	1.4460759985e-06
2.33133110514e-08	1.31090803279e-06
2.33330513655e-08	1.11972434524e-06
2.33527916797e-08	8.55658612409e-07
2.33725319939e-08	5.02695826299e-07
2.33922723081e-08	5.70943168299e-08
2.34120126223e-08	-4.63842539489e-07
2.34317529365e-08	-1.01858671542e-06
2.34514932506e-08	-1.54513611506e-06
2.34712335648e-08	-1.97151211978e-06
2.3490973879e-08	-2.23050619752e-06
2.35107141932e-08	-2.2748754418e-06
2.35304545074e-08	-2.08908875265e-06
2.35501948216e-08	-1.694006869e-06
2.35699351357e-08	-1.14331447776e-06
2.35896754499e-08	-5.12515981654e-07
2.36094157641e-08	1.16654398141e-07
2.36291560783e-08	6.72157426607e-07
2.36488963925e-08	1.10400964104e-06
2.36686367067e-08	1.3902288174e-06
2.36883770208e-08	1.53530788793e-06
2.3708117335e-08	1.56233608095e-06
2.37278576492e-08	1.50162543378e-06
2.37475979634e-08	1.3793116409e-06
2.37673382776e-08	1.2095118791e-06
2.37870785918e-08	9.92125990251e-07
2.3806818906e-08	7.16756545671e-07
2.38265592201e-08	3.71227358187e-07
2.38462995343e-08	-4.81144635245e-08
2.38660398485e-08	-5.27828916574e-07
2.38857801627e-08	-1.03330978618e-06
2.39055204769e-08	-1.51106826252e-06
2.39252607911e-08	-1.89722283039e-06
2.39450011052e-08	-2.13033376895e-06
2.39647414194e-08	-2.16541047848e-06
2.39844817336e-08	-1.98520604044e-06
2.40042220478e-08	-1.60581578257e-06
2.4023962362e-08	-1.07474448896e-06
2.40437026762e-08	-4.61805072405e-07
2.40634429903e-08	1.54647025852e-07
2.40831833045e-08	7.02966502786e-07
2.41029236187e-08	1.13077635433e-06
2.41226639329e-08	1.41195539527e-06
2.41424042471e-08	1.54681475806e-06
2.41621445613e-08	1.55576339012e-06
2.41818848754e-08	1.46903090581e-06
2.42016251896e-08	1.3156589489e-06
2.42213655038e-08	1.11511980094e-06
2.4241105818e-08	8.73881703001e-07
2.42608461322e-08	5.87648031569e-07
2.42805864464e-08	2.48187959073e-07
2.43003267606e-08	-1.47546813878e-07
2.43200670747e-08	-5.8917152046e-07
2.43398073889e-08	-1.04821833702e-06
2.43595477031e-08	-1.47903011793e-06
2.43792880173e-08	-1.82541043614e-06
2.43990283315e-08	-2.03175909519e-06
2.44187686457e-08	-2.05580636248e-06
2.44385089598e-08	-1.87948097619e-06
2.4458249274e-08	-1.51502183598e-06
2.44779895882e-08	-1.00429571148e-06
2.44977299024e-08	-4.11488400687e-07
2.45174702166e-08	1.89102976833e-07
2.45372105308e-08	7.27118589339e-07
2.45569508449e-08	1.1486839071e-06
2.45766911591e-08	1.42420117299e-06
2.45964314733e-08	1.54995785806e-06
2.46161717875e-08	1.54354836468e-06
2.46359121017e-08	1.43464615121e-06
2.46556524159e-08	1.25447218124e-06
2.46753927301e-08	1.02702801996e-06
2.46951330442e-08	7.64527328556e-07
2.47148733584e-08	4.6820748878e-07
2.47346136726e-08	1.33730772234e-07
2.47543539868e-08	-2.40893179182e-07
2.4774094301e-08	-6.47515520313e-07
2.47938346152e-08	-1.06294419311e-06
2.48135749293e-08	-1.4486969917e-06
2.48333152435e-08	-1.75598978558e-06
2.48530555577e-08	-1.93514011926e-06
2.48727958719e-08	-1.9469568997e-06
2.48925361861e-08	-1.773132567e-06
2.49122765003e-08	-1.42269800563e-06
2.49320168144e-08	-9.32468964265e-07
2.49517571286e-08	-3.61245710678e-07
2.49714974428e-08	2.20907566018e-07
2.4991237757e-08	7.45679585634e-07
2.50109780712e-08	1.158632017e-06
2.50307183854e-08	1.42753430055e-06
2.50504586995e-08	1.54510627226e-06
2.50701990137e-08	1.52591667302e-06
2.50899393279e-08	1.39851408676e-06
2.51096796421e-08	1.19551782518e-06
2.51294199563e-08	9.44681517012e-07
2.51491602705e-08	6.6334033022e-07
2.51689005847e-08	3.57907410375e-07
2.51886408988e-08	2.77797891357e-08
2.5208381213e-08	-3.27749404505e-07
2.52281215272e-08	-7.02216624404e-07
2.52478618414e-08	-1.07696882878e-06
2.52676021556e-08	-1.41990437896e-06
2.52873424698e-08	-1.68917244991e-06
2.53070827839e-08	-1.84097376632e-06
2.53268230981e-08	-1.83952482757e-06
2.53465634123e-08	-1.66689102343e-06
2.53663037265e-08	-1.32956722609e-06
2.53860440407e-08	-8.59793715335e-07
2.54057843549e-08	-3.11226514782e-07
2.5425524669e-08	2.50465816976e-07
2.54452649832e-08	7.59532213124e-07
2.54650052974e-08	1.16173367815e-06
2.54847456116e-08	1.42294118177e-06
2.55044859258e-08	1.53282610427e-06
2.552422624e-08	1.50298552626e-06
2.55439665541e-08	1.36038914889e-06
2.55637068683e-08	1.13835955062e-06
2.55834471825e-08	8.67582627961e-07
2.56031874967e-08	5.69888442215e-07
2.56229278109e-08	2.56420321421e-07
2.56426681251e-08	-6.97796984639e-08
2.56624084393e-08	-4.07973004712e-07
2.56821487534e-08	-7.5296887303e-07
2.57018890676e-08	-1.08989598857e-06
2.57216293818e-08	-1.39237806707e-06
2.5741369696e-08	-1.62497894962e-06
2.57611100102e-08	-1.749539706e-06
2.57808503244e-08	-1.73405169335e-06
2.58005906385e-08	-1.56148252017e-06
2.58203309527e-08	-1.23634862348e-06
2.58400712669e-08	-7.86853576074e-07
2.58598115811e-08	-2.61634113485e-07
2.58795518953e-08	2.78126236708e-07
2.58992922095e-08	7.69520568156e-07
2.59190325236e-08	1.15905788789e-06
2.59387728378e-08	1.4114023088e-06
2.5958513152e-08	1.51369482637e-06
2.59782534662e-08	1.47483189039e-06
2.59979937804e-08	1.32005260411e-06
2.60177340946e-08	1.08266249299e-06
2.60374744087e-08	7.95413001242e-07
2.60572147229e-08	4.83848580757e-07
2.60769550371e-08	1.6339223663e-07
2.60966953513e-08	-1.5929764885e-07
2.61164356655e-08	-4.81736151414e-07
2.61361759797e-08	-7.99557057007e-07
2.61559162939e-08	-1.10123806962e-06
2.6175656608e-08	-1.36561703812e-06
2.61953969222e-08	-1.56319100597e-06
2.62151372364e-08	-1.66119536971e-06
2.62348775506e-08	-1.63128845543e-06
2.62546178648e-08	-1.45771736015e-06
2.6274358179e-08	-1.14365673198e-06
2.62940984931e-08	-7.13863613555e-07
2.63138388073e-08	-2.12388030718e-07
2.63335791215e-08	3.04103693338e-07
2.63533194357e-08	7.76015696147e-07
2.63730597499e-08	1.15123532396e-06
2.63928000641e-08	1.39375447361e-06
2.64125403782e-08	1.48860914351e-06
2.64322806924e-08	1.44209320752e-06
2.64520210066e-08	1.27754003643e-06
2.64717613208e-08	1.02789647372e-06
2.6491501635e-08	7.27383195454e-07
2.65112419492e-08	4.04557113143e-07
2.65309822634e-08	7.85706575357e-08
2.65507225775e-08	-2.40647267447e-07
2.65704628917e-08	-5.48801040168e-07
2.65902032059e-08	-8.41870416934e-07
2.66099435201e-08	-1.11101070388e-06
2.66296838343e-08	-1.33962697646e-06
2.66494241485e-08	-1.50373784891e-06
2.66691644626e-08	-1.5758241716e-06
2.66889047768e-08	-1.5313462427e-06
2.6708645091e-08	-1.35607803031e-06
2.67283854052e-08	-1.05225592506e-06
2.67481257194e-08	-6.41569670279e-07
2.67678660336e-08	-1.6381447665e-07
2.67876063477e-08	3.28704089725e-07
2.68073466619e-08	7.79813262852e-07
2.68270869761e-08	1.13919656997e-06
2.68468272903e-08	1.37078365015e-06
2.68665676045e-08	1.45803693385e-06
2.68863079187e-08	1.40497064649e-06
2.69060482328e-08	1.23290794818e-06
2.6925788547e-08	9.73959402017e-07
2.69455288612e-08	6.63192111006e-07
2.69652691754e-08	3.31554261379e-07
2.69850094896e-08	1.40379263769e-09
2.70047498038e-08	-3.14260915957e-07
2.7024490118e-08	-6.09273541841e-07
2.70442304321e-08	-8.79675638998e-07
2.70639707463e-08	-1.11881854536e-06
2.70837110605e-08	-1.31410354243e-06
2.71034513747e-08	-1.44656701195e-06
2.71231916889e-08	-1.49364984736e-06
2.71429320031e-08	-1.43460698609e-06
2.71626723172e-08	-1.25700489662e-06
2.71824126314e-08	-9.62552235251e-07
2.72021529456e-08	-5.70308742454e-07
2.72218932598e-08	-1.16122102156e-07
2.7241633574e-08	3.51944237309e-07
2.72613738882e-08	7.81262144756e-07
2.72811142023e-08	1.1236149362e-06
2.73008545165e-08	1.34331668278e-06
2.73205948307e-08	1.42274956261e-06
2.73403351449e-08	1.36393725825e-06
2.73600754591e-08	1.18621068168e-06
2.73798157733e-08	9.20580333741e-07
2.73995560874e-08	6.02396767135e-07
2.74192964016e-08	2.64323546162e-07
2.74390367158e-08	-6.85255336919e-08
2.745877703e-08	-3.80388812005e-07
2.74785173442e-08	-6.63247107013e-07
2.74982576584e-08	-9.12901015226e-07
2.75179979726e-08	-1.12446872436e-06
2.75377382867e-08	-1.28884232709e-06
2.75574786009e-08	-1.39156446721e-06
2.75772189151e-08	-1.41473412896e-06
2.75969592293e-08	-1.34132051244e-06
2.76166995435e-08	-1.160878071e-06
2.76364398577e-08	-8.74954082519e-07
2.76561801718e-08	-5.00430843431e-07
2.7675920486e-08	-6.9507983369e-08
2.76956608002e-08	3.73850269852e-07
2.77154011144e-08	7.80663611977e-07
2.77351414286e-08	1.10506488227e-06
2.77548817428e-08	1.31212027554e-06
2.77746220569e-08	1.38347598977e-06
2.77943623711e-08	1.31948081616e-06
2.78141026853e-08	1.13759352871e-06
2.78338429995e-08	8.67546219752e-07
2.78535833137e-08	5.44548640846e-07
2.78733236279e-08	2.02417218986e-07
2.7893063942e-08	-1.3160418888e-07
2.79128042562e-08	-4.39313197376e-07
2.79325445704e-08	-7.10870693865e-07
2.79522848846e-08	-9.41589576087e-07
2.79720251988e-08	-1.12787853368e-06
2.7991765513e-08	-1.26362829178e-06
2.80115058272e-08	-1.33851938244e-06
2.80312461413e-08	-1.33899726507e-06
2.80509864555e-08	-1.2516455854e-06
2.80707267697e-08	-1.06808204237e-06
2.80904670839e-08	-7.8996066577e-07
2.81102073981e-08	-4.32315260923e-07
2.81299477123e-08	-2.41139499479e-08
2.81496880264e-08	3.94571785023e-07
2.81694283406e-08	7.78360970344e-07
2.81891686548e-08	1.08400519139e-06
2.8208908969e-08	1.27771892267e-06
2.82286492832e-08	1.34077259872e-06
2.82483895974e-08	1.27211239942e-06
2.82681299115e-08	1.08738868221e-06
2.82878702257e-08	8.14861749632e-07
2.83076105399e-08	4.89298486173e-07
2.83273508541e-08	1.45240733218e-07
2.83470911683e-08	-1.88414993829e-07
2.83668314825e-08	-4.91415903525e-07
2.83865717967e-08	-7.52232040213e-07
2.84063121108e-08	-9.65617402926e-07
2.8426052425e-08	-1.12888159265e-06
2.84457927392e-08	-1.23837924093e-06
2.84655330534e-08	-1.28741453409e-06
2.84852733676e-08	-1.26646341414e-06
2.85050136818e-08	-1.16563433039e-06
2.85247539959e-08	-9.78760908765e-07
2.85444943101e-08	-7.07817122247e-07
2.85642346243e-08	-3.66306224464e-07
2.85839749385e-08	1.97663050372e-08
2.86037152527e-08	4.1401915496e-07
2.86234555669e-08	7.74628261979e-07
2.8643195881e-08	1.06098974584e-06
2.86629361952e-08	1.2407469967e-06
2.86826765094e-08	1.29522169345e-06
2.87024168236e-08	1.22222496657e-06
2.87221571378e-08	1.03574473087e-06
2.8741897452e-08	7.62523086451e-07
2.87616377661e-08	4.36475843912e-07
2.87813780803e-08	9.24221161824e-08
2.88011183945e-08	-2.39451239281e-07
2.88208587087e-08	-5.37172269333e-07
2.88405990229e-08	-7.87666692759e-07
2.88603393371e-08	-9.85037502232e-07
2.88800796513e-08	-1.12729162538e-06
2.88998199654e-08	-1.21282937471e-06
2.89195602796e-08	-1.2380927501e-06
2.89393005938e-08	-1.19716571589e-06
2.8959040908e-08	-1.08348257299e-06
2.89787812222e-08	-8.93131158364e-07
2.89985215364e-08	-6.28717543805e-07
2.90182618505e-08	-3.0257093897e-07
2.90380021647e-08	6.19988078654e-08
2.90577424789e-08	4.32135692563e-07
2.90774827931e-08	7.69527133571e-07
2.90972231073e-08	1.03635329651e-06
2.91169634215e-08	1.20180345675e-06
2.91367037356e-08	1.24746304664e-06
2.91564440498e-08	1.17032220714e-06
2.9176184364e-08	9.82899166502e-07
2.91959246782e-08	7.10417936034e-07
2.92156649924e-08	3.85775649647e-07
2.92354053066e-08	4.36317293406e-08
2.92551456207e-08	-2.8506497074e-07
2.92748859349e-08	-5.76922701612e-07
2.92946262491e-08	-8.17474614223e-07
2.93143665633e-08	-1.00008583104e-06
2.93341068775e-08	-1.12314785383e-06
2.93538471917e-08	-1.18680986816e-06
2.93735875059e-08	-1.19027833989e-06
2.939332782e-08	-1.13090169407e-06
2.94130681342e-08	-1.00522629509e-06
2.94328084484e-08	-8.11468424899e-07
2.94525487626e-08	-5.53015951255e-07
2.94722890768e-08	-2.41361952646e-07
2.9492029391e-08	1.02528083801e-07
2.95117697051e-08	4.49033493055e-07
2.95315100193e-08	7.63266228887e-07
2.95512503335e-08	1.01032958355e-06
2.95709906477e-08	1.16119844051e-06
2.95907309619e-08	1.19794225384e-06
2.96104712761e-08	1.11691207394e-06
2.96302115902e-08	9.29262540694e-07
2.96499519044e-08	6.5869522814e-07
2.96696922186e-08	3.36976356152e-07
2.96894325328e-08	-1.64198965535e-09
2.9709172847e-08	-3.25789471844e-07
2.97289131612e-08	-6.11061949485e-07
2.97486534753e-08	-8.41844780552e-07
2.97683937895e-08	-1.01077290537e-06
2.97881341037e-08	-1.1164438547e-06
2.98078744179e-08	-1.16030719255e-06
2.98276147321e-08	-1.14392804562e-06
2.98473550463e-08	-1.06760990093e-06
2.98670953605e-08	-9.30749564532e-07
2.98868356746e-08	-7.3374573617e-07
2.99065759888e-08	-4.80859128515e-07
2.9926316303e-08	-1.82940254945e-07
2.99460566172e-08	1.4109256341e-07
2.99657969314e-08	4.64611375151e-07
2.99855372456e-08	7.56020426707e-07
3.00052775597e-08	9.83322081538e-07
3.00250178739e-08	1.11940926217e-06
3.00447581881e-08	1.14708780075e-06
3.00644985023e-08	1.06231311747e-06
3.00842388165e-08	8.75028973724e-07
3.01039791307e-08	6.07425448607e-07
3.01237194448e-08	2.90004123826e-07
3.0143459759e-08	-4.36245901625e-08
3.01632000732e-08	-3.6202135334e-07
3.01829403874e-08	-6.40061131207e-07
3.02026807016e-08	-8.61171798761e-07
3.02224210158e-08	-1.01733093061e-06
3.024216133e-08	-1.10717735424e-06
3.02619016441e-08	-1.13316991701e-06
3.02816419583e-08	-1.09886764221e-06
3.03013822725e-08	-1.00714549944e-06
3.03211225867e-08	-8.60038852579e-07
3.03408629009e-08	-6.6005262056e-07
3.03606032151e-08	-4.12400027017e-07
3.03803435292e-08	-1.27468304356e-07
