% time-domain current integration by openEMS v0.0.36 @Thu Feb  5 18:55:41 2026
% start-coordinates: (0.037587,-0.02225,0) m -> [122,22,7]
% stop-coordinates: (0.037587,-0.0185,0.00227273) m -> [122,27,10]
% t/s	current
7.05011220859e-13	-0
2.04453254049e-11	-0
4.01856395889e-11	-0
5.9925953773e-11	-0
7.9666267957e-11	-0
9.94065821411e-11	-0
1.19146896325e-10	-0
1.38887210509e-10	-0
1.58627524693e-10	-0
1.78367838877e-10	-0
1.98108153061e-10	-0
2.17848467245e-10	-0
2.37588781429e-10	-8.64475382435e-29
2.57329095613e-10	-2.53914903004e-21
2.77069409797e-10	2.25312272747e-16
2.96809723981e-10	7.1189994004e-13
3.16550038166e-10	5.054628157e-12
3.3629035235e-10	4.04322452255e-12
3.56030666534e-10	-6.39418292619e-12
3.75770980718e-10	-2.07606223879e-11
3.95511294902e-10	-4.85873251355e-11
4.15251609086e-10	-1.26364460562e-10
4.3499192327e-10	-2.26486801536e-10
4.54732237454e-10	-3.22023241406e-10
4.74472551638e-10	-3.74110381562e-10
4.94212865822e-10	-2.39833236604e-10
5.13953180006e-10	2.03821112765e-10
5.3369349419e-10	1.11563336347e-09
5.53433808374e-10	2.55725285392e-09
5.73174122558e-10	4.29253965706e-09
5.92914436742e-10	5.80474335266e-09
6.12654750926e-10	6.2515574939e-09
6.3239506511e-10	4.534371989e-09
6.52135379294e-10	-1.7669299357e-10
6.71875693478e-10	-8.17477641135e-09
6.91616007662e-10	-1.86519297785e-08
7.11356321846e-10	-2.96379880638e-08
7.3109663603e-10	-3.86322263068e-08
7.50836950214e-10	-4.39156515597e-08
7.70577264398e-10	-4.56420821138e-08
7.90317578582e-10	-4.64153835367e-08
8.10057892767e-10	-5.0658901074e-08
8.29798206951e-10	-6.22987528232e-08
8.49538521135e-10	-7.73414257083e-08
8.69278835319e-10	-7.59662981409e-08
8.89019149503e-10	-1.34675000041e-08
9.08759463687e-10	1.8220096365e-07
9.28499777871e-10	6.00550322361e-07
9.48240092055e-10	1.31792978664e-06
9.67980406239e-10	2.35024776885e-06
9.87720720423e-10	3.59578166353e-06
1.00746103461e-09	4.79361233374e-06
1.02720134879e-09	5.52852043256e-06
1.04694166298e-09	5.30665874976e-06
1.06668197716e-09	3.7048514514e-06
1.08642229134e-09	5.58889610147e-07
1.10616260553e-09	-3.87827958548e-06
1.12590291971e-09	-8.88922841114e-06
1.1456432339e-09	-1.34113652166e-05
1.16538354808e-09	-1.6316294932e-05
1.18512386226e-09	-1.67668385984e-05
1.20486417645e-09	-1.45186959344e-05
1.22460449063e-09	-1.00393890534e-05
1.24434480482e-09	-4.38179222328e-06
1.264085119e-09	1.14690965347e-06
1.28382543318e-09	5.39345364814e-06
1.30356574737e-09	7.68624886405e-06
1.32330606155e-09	7.96601489128e-06
1.34304637574e-09	6.69414794174e-06
1.36278668992e-09	4.6063901209e-06
1.3825270041e-09	2.43074327955e-06
1.40226731829e-09	6.79534025494e-07
1.42200763247e-09	-4.28219237847e-07
1.44174794666e-09	-9.24193045648e-07
1.46148826084e-09	-9.81932885225e-07
1.48122857502e-09	-8.04211254035e-07
1.50096888921e-09	-5.47759725578e-07
1.52070920339e-09	-2.96804785194e-07
1.54044951758e-09	-7.18430328561e-08
1.56018983176e-09	1.44611476571e-07
1.57993014594e-09	3.81728312959e-07
1.59967046013e-09	6.58805561216e-07
1.61941077431e-09	9.70228370534e-07
1.6391510885e-09	1.2775903997e-06
1.65889140268e-09	1.51409187765e-06
1.67863171686e-09	1.60227705237e-06
1.69837203105e-09	1.48276558321e-06
1.71811234523e-09	1.14361012038e-06
1.73785265942e-09	6.36328934434e-07
1.7575929736e-09	6.74370284059e-08
1.77733328778e-09	-4.34376858038e-07
1.79707360197e-09	-7.6337551036e-07
1.81681391615e-09	-8.72837972565e-07
1.83655423034e-09	-7.86398857144e-07
1.85629454452e-09	-5.7934215647e-07
1.8760348587e-09	-3.40528544029e-07
1.89577517289e-09	-1.34708372457e-07
1.91551548707e-09	1.59656181609e-08
1.93525580126e-09	1.26201655348e-07
1.95499611544e-09	2.22831729957e-07
1.97473642962e-09	3.18070817684e-07
1.99447674381e-09	3.95879709458e-07
2.01421705799e-09	4.17611545345e-07
2.03395737218e-09	3.42277644449e-07
2.05369768636e-09	1.50247061015e-07
2.07343800055e-09	-1.42051419516e-07
2.09317831473e-09	-4.82427310544e-07
2.11291862891e-09	-7.97522488938e-07
2.1326589431e-09	-1.01472880942e-06
2.15239925728e-09	-1.08281392386e-06
2.17213957147e-09	-9.85284941635e-07
2.19187988565e-09	-7.43512828194e-07
2.21162019983e-09	-4.09846364846e-07
2.23136051402e-09	-5.36696056486e-08
2.2511008282e-09	2.55741753108e-07
2.27084114239e-09	4.65952155082e-07
2.29058145657e-09	5.53811105419e-07
2.31032177075e-09	5.29660326265e-07
2.33006208494e-09	4.31613017327e-07
2.34980239912e-09	3.10621715016e-07
2.36954271331e-09	2.10921484722e-07
2.38928302749e-09	1.52922410734e-07
2.40902334167e-09	1.25613027535e-07
2.42876365586e-09	9.22724225916e-08
2.44850397004e-09	8.14871015109e-09
2.46824428423e-09	-1.56531399398e-07
2.48798459841e-09	-3.97416897613e-07
2.50772491259e-09	-6.68990139729e-07
2.52746522678e-09	-8.93856054063e-07
2.54720554096e-09	-9.86257077784e-07
2.56694585515e-09	-8.82983727024e-07
2.58668616933e-09	-5.70903125663e-07
2.60642648351e-09	-1.00450122886e-07
2.6261667977e-09	4.22282369072e-07
2.64590711188e-09	8.64497508246e-07
2.66564742607e-09	1.10836595013e-06
2.68538774025e-09	1.09103780233e-06
2.70512805443e-09	8.27407575343e-07
2.72486836862e-09	4.0553885583e-07
2.7446086828e-09	-4.40767884413e-08
2.76434899699e-09	-3.93747541239e-07
2.78408931117e-09	-5.60503281122e-07
2.80382962535e-09	-5.28760779162e-07
2.82356993954e-09	-3.46599705381e-07
2.84331025372e-09	-9.99758285047e-08
2.86305056791e-09	1.22123040569e-07
2.88279088209e-09	2.57012430893e-07
2.90253119627e-09	2.82663989992e-07
2.92227151046e-09	2.15254431168e-07
2.94201182464e-09	9.54296908162e-08
2.96175213883e-09	-2.88273191984e-08
2.98149245301e-09	-1.16334263112e-07
3.0012327672e-09	-1.41679805665e-07
3.02097308138e-09	-9.9453480118e-08
3.04071339556e-09	-4.90010076959e-09
3.06045370975e-09	1.09199433496e-07
3.08019402393e-09	2.00593518684e-07
3.09993433812e-09	2.3078369793e-07
3.1196746523e-09	1.80267917926e-07
3.13941496648e-09	5.94977933588e-08
3.15915528067e-09	-9.081143304e-08
3.17889559485e-09	-2.12696789958e-07
3.19863590904e-09	-2.53599523603e-07
3.21837622322e-09	-1.8915064004e-07
3.2381165374e-09	-3.52245912438e-08
3.25785685159e-09	1.5714994106e-07
3.27759716577e-09	3.21990000884e-07
3.29733747996e-09	4.04395223086e-07
3.31707779414e-09	3.80296171443e-07
3.33681810832e-09	2.61374168531e-07
3.35655842251e-09	8.47383532232e-08
3.37629873669e-09	-1.05460550515e-07
3.39603905088e-09	-2.74278022516e-07
3.41577936506e-09	-4.02686055168e-07
3.43551967924e-09	-4.83896599235e-07
3.45525999343e-09	-5.14761040904e-07
3.47500030761e-09	-4.89828266836e-07
3.4947406218e-09	-4.02764868568e-07
3.51448093598e-09	-2.54128906363e-07
3.53422125016e-09	-5.96901230665e-08
3.55396156435e-09	1.47386828075e-07
3.57370187853e-09	3.2369712244e-07
3.59344219272e-09	4.29754521747e-07
3.6131825069e-09	4.44465001692e-07
3.63292282108e-09	3.7291499666e-07
3.65266313527e-09	2.43916815634e-07
3.67240344945e-09	9.87294654919e-08
3.69214376364e-09	-2.36618351579e-08
3.71188407782e-09	-9.83062591331e-08
3.731624392e-09	-1.1910236708e-07
3.75136470619e-09	-9.66081898923e-08
3.77110502037e-09	-5.14222264769e-08
3.79084533456e-09	-6.73405597951e-09
3.81058564874e-09	1.75511178924e-08
3.83032596292e-09	8.67456684261e-09
3.85006627711e-09	-3.64506291817e-08
3.86980659129e-09	-1.09523114133e-07
3.88954690548e-09	-1.90797948108e-07
3.90928721966e-09	-2.522294551e-07
3.92902753384e-09	-2.64748848622e-07
3.94876784803e-09	-2.08610515529e-07
3.96850816221e-09	-8.33319830917e-08
3.9882484764e-09	8.76139125694e-08
4.00798879058e-09	2.60829892795e-07
4.02772910477e-09	3.85859465268e-07
4.04746941895e-09	4.22813769774e-07
4.06720973313e-09	3.57961795316e-07
4.08695004732e-09	2.10569453429e-07
4.1066903615e-09	2.75639244762e-08
4.12643067569e-09	-1.32425256538e-07
4.14617098987e-09	-2.19685958314e-07
4.16591130405e-09	-2.10837796999e-07
4.18565161824e-09	-1.16429205832e-07
4.20539193242e-09	2.38804265251e-08
4.22513224661e-09	1.56293367581e-07
4.24487256079e-09	2.31930684436e-07
4.26461287497e-09	2.2289430035e-07
4.28435318916e-09	1.29905203039e-07
4.30409350334e-09	-2.02234051727e-08
4.32383381753e-09	-1.85048975254e-07
4.34357413171e-09	-3.20252098618e-07
4.36331444589e-09	-3.91780446307e-07
4.38305476008e-09	-3.83260385206e-07
4.40279507426e-09	-2.97819582329e-07
4.42253538845e-09	-1.55481259867e-07
4.44227570263e-09	1.22308705386e-08
4.46201601681e-09	1.69167691411e-07
4.481756331e-09	2.82194662304e-07
4.50149664518e-09	3.28794186544e-07
4.52123695937e-09	3.03159481518e-07
4.54097727355e-09	2.1864707378e-07
4.56071758773e-09	1.04725991434e-07
4.58045790192e-09	-1.77422010417e-09
4.6001982161e-09	-6.87674344135e-08
4.61993853029e-09	-8.01102544301e-08
4.63967884447e-09	-4.12774809888e-08
4.65941915865e-09	2.31342554002e-08
4.67915947284e-09	7.937993729e-08
4.69889978702e-09	9.79505401233e-08
4.71864010121e-09	6.47486260164e-08
4.73838041539e-09	-1.44003760028e-08
4.75812072957e-09	-1.17242855424e-07
4.77786104376e-09	-2.14332615656e-07
4.79760135794e-09	-2.79460778074e-07
4.81734167213e-09	-2.96854153703e-07
4.83708198631e-09	-2.63160870873e-07
4.85682230049e-09	-1.85132634556e-07
4.87656261468e-09	-7.57472236046e-08
4.89630292886e-09	4.86691398294e-08
4.91604324305e-09	1.69596219735e-07
4.93578355723e-09	2.67043191116e-07
4.95552387142e-09	3.21906668432e-07
4.9752641856e-09	3.20802314491e-07
4.99500449978e-09	2.61905995558e-07
5.01474481397e-09	1.5865263947e-07
5.03448512815e-09	3.82081992711e-08
5.05422544234e-09	-6.61267449686e-08
5.07396575652e-09	-1.26231043396e-07
5.0937060707e-09	-1.2952081363e-07
5.11344638489e-09	-8.36856770547e-08
5.13318669907e-09	-1.35275541879e-08
5.15292701326e-09	4.88067897209e-08
5.17266732744e-09	7.59852767374e-08
5.19240764162e-09	5.50052092763e-08
5.21214795581e-09	-9.38508026849e-09
5.23188826999e-09	-9.78463958745e-08
5.25162858418e-09	-1.83968481338e-07
5.27136889836e-09	-2.42636986059e-07
5.29110921254e-09	-2.56385817465e-07
5.31084952673e-09	-2.18531582163e-07
5.33058984091e-09	-1.3357067985e-07
5.3503301551e-09	-1.5917013485e-08
5.37007046928e-09	1.12398744534e-07
5.38981078346e-09	2.2523065013e-07
5.40955109765e-09	2.97462719345e-07
5.42929141183e-09	3.11489657179e-07
5.44903172602e-09	2.63370679932e-07
5.4687720402e-09	1.65992346979e-07
5.48851235438e-09	4.69463472541e-08
5.50825266857e-09	-5.93264459781e-08
5.52799298275e-09	-1.22911899325e-07
5.54773329694e-09	-1.29088732592e-07
5.56747361112e-09	-8.38228118027e-08
5.5872139253e-09	-1.1546577916e-08
5.60695423949e-09	5.40944284921e-08
5.62669455367e-09	8.29082864584e-08
5.64643486786e-09	5.92028186475e-08
5.66617518204e-09	-1.29711992258e-08
5.68591549622e-09	-1.11981123041e-07
5.70565581041e-09	-2.06734398489e-07
5.72539612459e-09	-2.67250328534e-07
5.74513643878e-09	-2.73739544809e-07
5.76487675296e-09	-2.21456929239e-07
5.78461706714e-09	-1.2062318433e-07
5.80435738133e-09	7.48997841526e-09
5.82409769551e-09	1.36385139626e-07
5.8438380097e-09	2.40351056391e-07
5.86357832388e-09	2.99562998407e-07
5.88331863807e-09	3.03841090954e-07
5.90305895225e-09	2.54775983421e-07
5.92279926643e-09	1.65777152006e-07
5.94253958062e-09	5.94866200743e-08
5.9622798948e-09	-3.75708282263e-08
5.98202020899e-09	-1.02187016182e-07
6.00176052317e-09	-1.21519903473e-07
6.02150083735e-09	-9.74328457914e-08
6.04124115154e-09	-4.6110759655e-08
6.06098146572e-09	7.43896366728e-09
6.08072177991e-09	3.82844227431e-08
6.10046209409e-09	3.06129201988e-08
6.12020240827e-09	-1.65497748839e-08
6.13994272246e-09	-8.91162770245e-08
6.15968303664e-09	-1.63161516298e-07
6.17942335083e-09	-2.13369787616e-07
6.19916366501e-09	-2.21385050736e-07
6.21890397919e-09	-1.81106329933e-07
6.23864429338e-09	-9.95425182282e-08
6.25838460756e-09	6.29788399209e-09
6.27812492175e-09	1.14687239261e-07
6.29786523593e-09	2.04571094287e-07
6.31760555011e-09	2.59697458205e-07
6.3373458643e-09	2.7110692713e-07
6.35708617848e-09	2.38266608221e-07
6.37682649267e-09	1.691547169e-07
6.39656680685e-09	7.91918637333e-08
6.41630712103e-09	-1.14294351761e-08
6.43604743522e-09	-8.21982055754e-08
6.4557877494e-09	-1.17874527916e-07
6.47552806359e-09	-1.13532472312e-07
6.49526837777e-09	-7.69070354067e-08
6.51500869195e-09	-2.6506027595e-08
6.53474900614e-09	1.44828362636e-08
6.55448932032e-09	2.65261093091e-08
6.57422963451e-09	1.15890763652e-09
6.59396994869e-09	-5.55522206014e-08
6.61371026287e-09	-1.24964984138e-07
6.63345057706e-09	-1.82468198773e-07
6.65319089124e-09	-2.06060505548e-07
6.67293120543e-09	-1.83618013239e-07
6.69267151961e-09	-1.16355785451e-07
6.71241183379e-09	-1.77566708004e-08
6.73215214798e-09	9.09892676759e-08
6.75189246216e-09	1.86989495887e-07
6.77163277635e-09	2.51101198501e-07
6.79137309053e-09	2.7167189387e-07
6.81111340471e-09	2.46314158403e-07
6.8308537189e-09	1.81951961054e-07
6.85059403308e-09	9.3398902834e-08
6.87033434727e-09	4.82700712734e-10
6.89007466145e-09	-7.62313661085e-08
6.90981497564e-09	-1.20613933063e-07
6.92955528982e-09	-1.25759243019e-07
6.949295604e-09	-9.66221023191e-08
6.96903591819e-09	-4.90183502677e-08
6.98877623237e-09	-4.68259964137e-09
7.00851654656e-09	1.62740683152e-08
7.02825686074e-09	2.82492762516e-09
7.04799717492e-09	-4.25610089394e-08
7.06773748911e-09	-1.04448069749e-07
7.08747780329e-09	-1.59817261647e-07
7.10721811748e-09	-1.86230764143e-07
7.12695843166e-09	-1.69639889691e-07
7.14669874584e-09	-1.08972066926e-07
7.16643906003e-09	-1.61155764289e-08
7.18617937421e-09	8.82135253732e-08
7.2059196884e-09	1.80810303618e-07
7.22566000258e-09	2.42211939394e-07
7.24540031676e-09	2.61046380956e-07
7.26514063095e-09	2.35785833524e-07
7.28488094513e-09	1.74123087504e-07
7.30462125932e-09	9.06632564579e-08
7.3243615735e-09	3.60311314118e-09
7.34410188768e-09	-6.9133257341e-08
7.36384220187e-09	-1.13839348614e-07
7.38358251605e-09	-1.24384200717e-07
7.40332283024e-09	-1.04049043159e-07
7.42306314442e-09	-6.49179412449e-08
7.4428034586e-09	-2.4474424265e-08
7.46254377279e-09	-5.55364816635e-11
7.48228408697e-09	-2.84548251628e-09
7.50202440116e-09	-3.36065966167e-08
7.52176471534e-09	-8.19278440645e-08
7.54150502952e-09	-1.29514759806e-07
7.56124534371e-09	-1.56458071388e-07
7.58098565789e-09	-1.48193493033e-07
7.60072597208e-09	-1.00586476037e-07
7.62046628626e-09	-2.13599236076e-08
7.64020660044e-09	7.24141528963e-08
7.65994691463e-09	1.59610053174e-07
7.67968722881e-09	2.21081407403e-07
7.699427543e-09	2.44489058332e-07
7.71916785718e-09	2.26698517736e-07
7.73890817136e-09	1.73593832642e-07
7.75864848555e-09	9.7903665619e-08
7.77838879973e-09	1.5935452069e-08
7.79812911392e-09	-5.60027331176e-08
7.8178694281e-09	-1.04962104785e-07
7.83760974229e-09	-1.24062665918e-07
7.85735005647e-09	-1.14096557979e-07
7.87709037065e-09	-8.34546654005e-08
7.89683068484e-09	-4.60176217132e-08
7.91657099902e-09	-1.71568519391e-08
7.93631131321e-09	-8.80411565873e-09
7.95605162739e-09	-2.51545628771e-08
7.97579194157e-09	-6.06760011124e-08
7.99553225576e-09	-1.01467691138e-07
8.01527256994e-09	-1.29761815515e-07
8.03501288413e-09	-1.30107181917e-07
8.05475319831e-09	-9.49856726606e-08
8.07449351249e-09	-2.7780721723e-08
8.09423382668e-09	5.79724925842e-08
8.11397414086e-09	1.42697317074e-07
8.13371445505e-09	2.06651492363e-07
8.15345476923e-09	2.35486297129e-07
8.17319508341e-09	2.23755904472e-07
8.1929353976e-09	1.7560792287e-07
8.21267571178e-09	1.02911243971e-07
8.23241602597e-09	2.17748414855e-08
8.25215634015e-09	-5.14059799173e-08
8.27189665433e-09	-1.03489789183e-07
8.29163696852e-09	-1.27172285147e-07
8.3113772827e-09	-1.22308861705e-07
8.33111759689e-09	-9.57621608677e-08
8.35085791107e-09	-5.96207812009e-08
8.37059822525e-09	-2.79339520404e-08
8.39033853944e-09	-1.25466197431e-08
8.41007885362e-09	-1.91689633056e-08
8.42981916781e-09	-4.50611139513e-08
8.44955948199e-09	-7.94111585378e-08
8.46929979617e-09	-1.06633478936e-07
8.48904011036e-09	-1.11660675373e-07
8.50878042454e-09	-8.54244035509e-08
8.52852073873e-09	-2.84861041422e-08
8.54826105291e-09	4.8581878076e-08
8.56800136709e-09	1.28238113462e-07
8.58774168128e-09	1.91307279351e-07
8.60748199546e-09	2.22671900474e-07
8.62722230965e-09	2.15403147763e-07
8.64696262383e-09	1.72148389765e-07
8.66670293801e-09	1.03687419539e-07
8.6864432522e-09	2.54958436585e-08
8.70618356638e-09	-4.63992329003e-08
8.72592388057e-09	-9.91104087689e-08
8.74566419475e-09	-1.25395061445e-07
8.76540450893e-09	-1.24703319671e-07
8.78514482312e-09	-1.02788156653e-07
8.8048851373e-09	-7.0021656029e-08
8.82462545149e-09	-3.86584027012e-08
8.84436576567e-09	-1.94786409224e-08
8.86410607986e-09	-1.85527557761e-08
8.88384639404e-09	-3.50947111372e-08
8.90358670822e-09	-6.12910682207e-08
8.92332702241e-09	-8.44910914566e-08
8.94306733659e-09	-9.13021906968e-08
8.96280765078e-09	-7.23361353039e-08
8.98254796496e-09	-2.59235957145e-08
9.00228827914e-09	4.06422735466e-08
9.02202859333e-09	1.12889473769e-07
9.04176890751e-09	1.73412786353e-07
9.0615092217e-09	2.07097258453e-07
9.08124953588e-09	2.05511284435e-07
9.10098985006e-09	1.69071014966e-07
9.12073016425e-09	1.06460866789e-07
9.14047047843e-09	3.17866586386e-08
9.16021079262e-09	-3.94113754965e-08
9.1799511068e-09	-9.40162152574e-08
9.19969142098e-09	-1.24093602949e-07
9.21943173517e-09	-1.28101390828e-07
9.23917204935e-09	-1.10563568967e-07
9.25891236354e-09	-8.04801132404e-08
9.27865267772e-09	-4.88636509033e-08
9.2983929919e-09	-2.58416612553e-08
9.31813330609e-09	-1.78846306653e-08
9.33787362027e-09	-2.58384655893e-08
9.35761393446e-09	-4.44186909476e-08
9.37735424864e-09	-6.35768415691e-08
9.39709456282e-09	-7.15846439903e-08
9.41683487701e-09	-5.90296593828e-08
9.43657519119e-09	-2.2418010559e-08
9.45631550538e-09	3.39454047094e-08
9.47605581956e-09	9.86191963648e-08
9.49579613374e-09	1.5615567861e-07
9.51553644793e-09	1.91690773477e-07
9.53527676211e-09	1.9543726637e-07
9.5550170763e-09	1.65553814213e-07
9.57475739048e-09	1.08512438146e-07
9.59449770466e-09	3.69976369541e-08
9.61423801885e-09	-3.38119505727e-08
9.63397833303e-09	-9.02901788891e-08
9.65371864722e-09	-1.23550663034e-07
9.6734589614e-09	-1.3104097718e-07
9.69319927558e-09	-1.16392556038e-07
9.71293958977e-09	-8.78466934751e-08
9.73267990395e-09	-5.57831327797e-08
9.75242021814e-09	-2.99587199493e-08
9.77216053232e-09	-1.69949068152e-08
9.79190084651e-09	-1.86343864783e-08
9.81164116069e-09	-3.1206536022e-08
9.83138147487e-09	-4.65873668531e-08
9.85112178906e-09	-5.45989280454e-08
9.87086210324e-09	-4.63162166398e-08
9.89060241743e-09	-1.73308123408e-08
9.91034273161e-09	3.0152811803e-08
9.93008304579e-09	8.72532268659e-08
9.94982335998e-09	1.4060847775e-07
9.96956367416e-09	1.76229164595e-07
9.98930398835e-09	1.83757350669e-07
1.00090443025e-08	1.59681832201e-07
1.00287846167e-08	1.08428842793e-07
1.00485249309e-08	4.10100220449e-08
1.00682652451e-08	-2.82177001765e-08
1.00880055593e-08	-8.55418420542e-08
1.01077458734e-08	-1.21342864645e-07
1.01274861876e-08	-1.32069871484e-07
1.01472265018e-08	-1.2038725572e-07
1.0166966816e-08	-9.37260296041e-08
1.01867071302e-08	-6.18520772377e-08
1.02064474444e-08	-3.4154609807e-08
1.02261877586e-08	-1.72866059245e-08
1.02459280727e-08	-1.35913289512e-08
1.02656683869e-08	-2.06244141765e-08
1.02854087011e-08	-3.18983452985e-08
1.03051490153e-08	-3.87861049944e-08
1.03248893295e-08	-3.32103695655e-08
1.03446296437e-08	-1.04455271099e-08
1.03643699578e-08	2.88296426731e-08
1.0384110272e-08	7.80246764975e-08
1.04038505862e-08	1.26038514736e-07
1.04235909004e-08	1.60293339491e-07
1.04433312146e-08	1.70499632191e-07
1.04630715288e-08	1.51911521584e-07
1.04828118429e-08	1.0694512298e-07
1.05025521571e-08	4.4602934679e-08
1.05222924713e-08	-2.2086279472e-08
1.05420327855e-08	-7.97159884769e-08
1.05617730997e-08	-1.18036830088e-07
1.05815134139e-08	-1.32311157586e-07
1.06012537281e-08	-1.23922490047e-07
1.06209940422e-08	-9.92762210217e-08
1.06407343564e-08	-6.75320421806e-08
1.06604746706e-08	-3.79219748936e-08
1.06802149848e-08	-1.73629164379e-08
1.0699955299e-08	-8.87425422036e-09
1.07196956132e-08	-1.1064794414e-08
1.07394359273e-08	-1.87427762199e-08
1.07591762415e-08	-2.45146676292e-08
1.07789165557e-08	-2.10558859237e-08
1.07986568699e-08	-3.53176599077e-09
1.08183971841e-08	2.84885306456e-08
1.08381374983e-08	7.02875908587e-08
1.08578778124e-08	1.12814618092e-07
1.08776181266e-08	1.45003127727e-07
1.08973584408e-08	1.56979453436e-07
1.0917098755e-08	1.43168350064e-07
1.09368390692e-08	1.04248272237e-07
1.09565793834e-08	4.72359644732e-08
1.09763196975e-08	-1.63542281939e-08
1.09960600117e-08	-7.36891223596e-08
1.10158003259e-08	-1.14085139558e-07
1.10355406401e-08	-1.31668883796e-07
1.10552809543e-08	-1.26479491769e-07
1.10750212685e-08	-1.03822472397e-07
1.10947615827e-08	-7.22605477677e-08
1.11145018968e-08	-4.09628349018e-08
1.1134242211e-08	-1.72150453892e-08
1.11539825252e-08	-4.70238692429e-09
1.11737228394e-08	-2.89688384392e-09
1.11934631536e-08	-7.57419993391e-09
1.12132034678e-08	-1.22584618012e-08
1.12329437819e-08	-1.02557189408e-08
1.12526840961e-08	3.20280113542e-09
1.12724244103e-08	2.92294632942e-08
1.12921647245e-08	6.44748752165e-08
1.13119050387e-08	1.01596512536e-07
1.13316453529e-08	1.31016406613e-07
1.1351385667e-08	1.43591165624e-07
1.13711259812e-08	1.33421451665e-07
1.13908662954e-08	9.99042342187e-08
1.14106066096e-08	4.82895003984e-08
1.14303469238e-08	-1.15183569349e-08
1.1450087238e-08	-6.75897453561e-08
1.14698275521e-08	-1.09198154519e-07
1.14895678663e-08	-1.29610612021e-07
1.15093081805e-08	-1.27594447008e-07
1.15290484947e-08	-1.07252311921e-07
1.15487888089e-08	-7.63701777373e-08
1.15685291231e-08	-4.39092957549e-08
1.15882694373e-08	-1.74576122447e-08
1.16080097514e-08	-1.35560396242e-09
1.16277500656e-08	4.0882679464e-09
1.16474903798e-08	2.21816076618e-09
1.1667230694e-08	-1.2871594901e-09
1.16869710082e-08	-2.87900758789e-10
1.17067113224e-08	9.86152670635e-09
1.17264516365e-08	3.07354497409e-08
1.17461919507e-08	6.00405627438e-08
1.17659322649e-08	9.18732467881e-08
1.17856725791e-08	1.18067383426e-07
1.18054128933e-08	1.30378353447e-07
1.18251532075e-08	1.2293725149e-07
1.18448935216e-08	9.42431483963e-08
1.18646338358e-08	4.80146233883e-08
1.188437415e-08	-7.47278683377e-09
1.19041144642e-08	-6.14454762626e-08
1.19238547784e-08	-1.03484907754e-07
1.19435950926e-08	-1.26283609347e-07
1.19633354067e-08	-1.27439150788e-07
1.19830757209e-08	-1.09757202438e-07
1.20028160351e-08	-8.00453960892e-08
1.20225563493e-08	-4.68722056723e-08
1.20422966635e-08	-1.8046375061e-08
1.20620369777e-08	1.41365141815e-09
1.20817772919e-08	1.03013828578e-08
1.2101517606e-08	1.10670663744e-08
1.21212579202e-08	8.66194671545e-09
1.21409982344e-08	8.78705819218e-09
1.21607385486e-08	1.60357220835e-08
1.21804788628e-08	3.23856959028e-08
1.2200219177e-08	5.64015820714e-08
1.22199594911e-08	8.33561983882e-08
1.22396998053e-08	1.06297932234e-07
1.22594401195e-08	1.17862342108e-07
1.22791804337e-08	1.12397472662e-07
1.22989207479e-08	8.78224568623e-08
1.23186610621e-08	4.662360098e-08
1.23384013762e-08	-4.40871117391e-09
1.23581416904e-08	-5.57288259984e-08
1.23778820046e-08	-9.74711511503e-08
1.23976223188e-08	-1.22046813544e-07
1.2417362633e-08	-1.26093809172e-07
1.24371029472e-08	-1.11170550099e-07
1.24568432614e-08	-8.30082171888e-08
1.24765835755e-08	-4.96139058725e-08
1.24963238897e-08	-1.88731981154e-08
1.25160642039e-08	3.5863905179e-09
1.25358045181e-08	1.56662842699e-08
1.25555448323e-08	1.8912711397e-08
1.25752851465e-08	1.75750027864e-08
1.25950254606e-08	1.69763296753e-08
1.26147657748e-08	2.17036824068e-08
1.2634506089e-08	3.41062111886e-08
1.26542464032e-08	5.34594768453e-08
1.26739867174e-08	7.599172136e-08
1.26937270316e-08	9.57644630262e-08
1.27134673457e-08	1.06218855933e-07
1.27332076599e-08	1.020351732e-07
1.27529479741e-08	8.08227014204e-08
1.27726882883e-08	4.41480807467e-08
1.27924286025e-08	-2.46942732929e-09
1.28121689167e-08	-5.06962862801e-08
1.28319092308e-08	-9.14055675594e-08
1.2851649545e-08	-1.17027418867e-07
1.28713898592e-08	-1.23518475448e-07
1.28911301734e-08	-1.11331004859e-07
1.29108704876e-08	-8.5084096213e-08
1.29306108018e-08	-5.20538563364e-08
1.2950351116e-08	-1.99931804445e-08
1.29700914301e-08	5.02045827133e-09
1.29898317443e-08	2.00596161903e-08
1.30095720585e-08	2.57501788781e-08
1.30293123727e-08	2.55943852778e-08
1.30490526869e-08	2.45030609136e-08
1.30687930011e-08	2.70449742601e-08
1.30885333152e-08	3.59183225385e-08
1.31082736294e-08	5.1046146865e-08
1.31280139436e-08	6.94953214975e-08
1.31477542578e-08	8.62057021322e-08
1.3167494572e-08	9.53460244091e-08
1.31872348862e-08	9.19637201946e-08
1.32069752003e-08	7.35201197699e-08
1.32267155145e-08	4.08958200637e-08
1.32464558287e-08	-1.45721723577e-09
1.32661961429e-08	-4.633895756e-08
1.32859364571e-08	-8.54530739502e-08
1.33056767713e-08	-1.11473383413e-07
1.33254170854e-08	-1.19931399922e-07
1.33451573996e-08	-1.10352516458e-07
1.33648977138e-08	-8.62722444595e-08
1.3384638028e-08	-5.41197842097e-08
1.34043783422e-08	-2.13196855725e-08
1.34241186564e-08	5.78355230374e-09
1.34438589706e-08	2.35329800091e-08
1.34635992847e-08	3.16405177614e-08
1.34833395989e-08	3.28015872242e-08
1.35030799131e-08	3.14486214847e-08
1.35228202273e-08	3.20892681316e-08
1.35425605415e-08	3.77536188978e-08
1.35623008557e-08	4.89909766088e-08
1.35820411698e-08	6.36495016693e-08
1.3601781484e-08	7.74588357899e-08
1.36215217982e-08	8.52300701126e-08
1.36412621124e-08	8.23523507165e-08
1.36610024266e-08	6.62130617002e-08
1.36807427408e-08	3.71697055357e-08
1.37004830549e-08	-1.20026666384e-09
1.37202233691e-08	-4.26971986656e-08
1.37399636833e-08	-7.98511976541e-08
1.37597039975e-08	-1.05714505594e-07
1.37794443117e-08	-1.15615279128e-07
1.37991846259e-08	-1.08361270179e-07
1.381892494e-08	-8.65153211294e-08
1.38386652542e-08	-5.56262733653e-08
1.38584055684e-08	-2.26405809656e-08
1.38781458826e-08	6.02148020334e-09
1.38978861968e-08	2.61288146675e-08
1.3917626511e-08	3.65433656668e-08
1.39373668252e-08	3.91314642911e-08
1.39571071393e-08	3.7771062722e-08
1.39768474535e-08	3.68306132259e-08
1.39965877677e-08	3.96189996366e-08
1.40163280819e-08	4.72763126425e-08
1.40360683961e-08	5.83976067503e-08
1.40558087103e-08	6.94503299314e-08
1.40755490244e-08	7.58291704983e-08
1.40952893386e-08	7.32361229439e-08
1.41150296528e-08	5.9020027976e-08
1.4134769967e-08	3.31306360124e-08
1.41545102812e-08	-1.56974566679e-09
1.41742505954e-08	-3.9742914737e-08
1.41939909095e-08	-7.46964019527e-08
1.42137312237e-08	-9.99362299581e-08
1.42334715379e-08	-1.10764091232e-07
1.42532118521e-08	-1.05479486479e-07
1.42729521663e-08	-8.58185558172e-08
1.42926924805e-08	-5.64764697231e-08
1.43124327947e-08	-2.38168702538e-08
1.43321731088e-08	5.84638870649e-09
1.4351913423e-08	2.78896550299e-08
1.43716537372e-08	4.04372286766e-08
1.43913940514e-08	4.45372982938e-08
1.44111343656e-08	4.34449347608e-08
1.44308746798e-08	4.12852898535e-08
1.44506149939e-08	4.15535232889e-08
1.44703553081e-08	4.59227607053e-08
1.44900956223e-08	5.37062945227e-08
1.45098359365e-08	6.20931359663e-08
1.45295762507e-08	6.70449864515e-08
1.45493165649e-08	6.45671107691e-08
1.4569056879e-08	5.19898826212e-08
1.45887971932e-08	2.89198780479e-08
1.46085375074e-08	-2.38880493164e-09
1.46282778216e-08	-3.73484496663e-08
1.46480181358e-08	-6.99776379065e-08
1.466775845e-08	-9.42587732311e-08
1.46874987641e-08	-1.05583488619e-07
1.47072390783e-08	-1.01909961359e-07
1.47269793925e-08	-8.4301291281e-08
1.47467197067e-08	-5.66653461931e-08
1.47664600209e-08	-2.47392986097e-08
1.47862003351e-08	5.41192290981e-09
1.48059406493e-08	2.89467632086e-08
1.48256809634e-08	4.33891464979e-08
1.48454212776e-08	4.90217608728e-08
1.48651615918e-08	4.84358935182e-08
1.4884901906e-08	4.5415035288e-08
1.49046422202e-08	4.35304201574e-08
1.49243825344e-08	4.49078179088e-08
1.49441228485e-08	4.95415477531e-08
1.49638631627e-08	5.53358177058e-08
1.49836034769e-08	5.88258508571e-08
1.50033437911e-08	5.63266695508e-08
1.50230841053e-08	4.51664590173e-08
1.50428244195e-08	2.46470808207e-08
1.50625647336e-08	-3.51722317937e-09
1.50823050478e-08	-3.54038611761e-08
1.5102045362e-08	-6.56750032135e-08
1.51217856762e-08	-8.87766162805e-08
1.51415259904e-08	-1.00254283097e-07
1.51612663046e-08	-9.78508083449e-08
1.51810066187e-08	-8.2096711651e-08
1.52007469329e-08	-5.62102329127e-08
1.52204872471e-08	-2.53074929901e-08
1.52402275613e-08	4.8851727108e-09
1.52599678755e-08	2.94605229101e-08
1.52797081897e-08	4.54921966764e-08
1.52994485039e-08	5.25887173808e-08
1.5319188818e-08	5.2681379259e-08
1.53389291322e-08	4.91359308796e-08
1.53586694464e-08	4.54861641686e-08
1.53784097606e-08	4.42060219541e-08
1.53981500748e-08	4.59054483315e-08
1.5417890389e-08	4.91854414975e-08
1.54376307031e-08	5.11679019155e-08
1.54573710173e-08	4.85067808143e-08
1.54771113315e-08	3.85581131468e-08
1.54968516457e-08	2.03562287027e-08
1.55165919599e-08	-4.87833284879e-09
1.55363322741e-08	-3.38289254387e-08
1.55560725882e-08	-6.17477482479e-08
1.55758129024e-08	-8.35230196117e-08
1.55955532166e-08	-9.48852871829e-08
1.56152935308e-08	-9.3450445604e-08
1.5635033845e-08	-7.93344625549e-08
1.56547741592e-08	-5.51675931604e-08
1.56745144733e-08	-2.54825138768e-08
1.56942547875e-08	4.38083969101e-09
1.57139951017e-08	2.95693318719e-08
1.57337354159e-08	4.68527687758e-08
1.57534757301e-08	5.52781926899e-08
1.57732160443e-08	5.61550557165e-08
1.57929563585e-08	5.23847525358e-08
1.58126966726e-08	4.73585295424e-08
1.58324369868e-08	4.37806377818e-08
1.5852177301e-08	4.27891784227e-08
1.58719176152e-08	4.36463345466e-08
1.58916579294e-08	4.40728520346e-08
1.59113982436e-08	4.11019307478e-08
1.59311385577e-08	3.21642730228e-08
1.59508788719e-08	1.60675224237e-08
1.59706191861e-08	-6.42157926833e-09
1.59903595003e-08	-3.25553486391e-08
1.60100998145e-08	-5.81412429312e-08
1.60298401287e-08	-7.84920288766e-08
1.60495804428e-08	-8.95390215305e-08
1.6069320757e-08	-8.88280311528e-08
1.60890610712e-08	-7.61489147294e-08
1.61088013854e-08	-5.36323483402e-08
1.61285416996e-08	-2.52788971977e-08
1.61482820138e-08	3.97282828857e-09
1.6168022328e-08	2.9405351043e-08
1.61877626421e-08	4.76064272448e-08
1.62075029563e-08	5.7178361601e-08
1.62272432705e-08	5.88714605954e-08
1.62469835847e-08	5.51107390834e-08
1.62667238989e-08	4.9066080976e-08
1.62864642131e-08	4.35586322567e-08
1.63062045272e-08	4.01528659211e-08
1.63259448414e-08	3.87129936996e-08
1.63456851556e-08	3.75556119536e-08
1.63654254698e-08	3.41310446572e-08
1.6385165784e-08	2.60015546871e-08
1.64049060982e-08	1.18029062079e-08
1.64246464123e-08	-8.1125861584e-09
1.64443867265e-08	-3.15369668158e-08
1.64641270407e-08	-5.481535581e-08
1.64838673549e-08	-7.36756007313e-08
1.65036076691e-08	-8.42583887106e-08
1.65233479833e-08	-8.40759923904e-08
1.65430882974e-08	-7.26543447627e-08
1.65628286116e-08	-5.16969329567e-08
1.65825689258e-08	-2.47272797793e-08
1.660230924e-08	3.7077907411e-09
1.66220495542e-08	2.90769968103e-08
1.66417898684e-08	4.78826827077e-08
1.66615301826e-08	5.83899826267e-08
1.66812704967e-08	6.08683237147e-08
1.67010108109e-08	5.72835467949e-08
1.67207511251e-08	5.05320230104e-08
1.67404914393e-08	4.34551274964e-08
1.67602317535e-08	3.79372231407e-08
1.67799720677e-08	3.43682202697e-08
1.67997123818e-08	3.16354018537e-08
1.6819452696e-08	2.7630608912e-08
1.68391930102e-08	2.01050482929e-08
1.68589333244e-08	7.58668772249e-09
1.68786736386e-08	-9.93348514555e-09
1.68984139528e-08	-3.07571568214e-08
1.69181542669e-08	-5.17533358391e-08
1.69378945811e-08	-6.90668855441e-08
1.69576348953e-08	-7.90631631276e-08
1.69773752095e-08	-7.92496166468e-08
1.69971155237e-08	-6.89328771841e-08
1.70168558379e-08	-4.944373444e-08
1.7036596152e-08	-2.38752217996e-08
1.70563364662e-08	3.59888607804e-09
1.70760767804e-08	2.86589720844e-08
1.70958170946e-08	4.77913388863e-08
1.71155574088e-08	5.90166209236e-08
1.7135297723e-08	6.220525961e-08
1.71550380372e-08	5.890042587e-08
1.71747783513e-08	5.17015159573e-08
1.71945186655e-08	4.33916760301e-08
1.72142589797e-08	3.60739953464e-08
1.72339992939e-08	3.05776133303e-08
1.72537396081e-08	2.63152450941e-08
1.72734799223e-08	2.16302158407e-08
1.72932202364e-08	1.45128078444e-08
1.73129605506e-08	3.45129635981e-09
1.73327008648e-08	-1.18635306023e-08
1.7352441179e-08	-3.02037115318e-08
1.73721814932e-08	-4.89480704857e-08
1.73919218074e-08	-6.46657767334e-08
1.74116621215e-08	-7.39672003647e-08
1.74314024357e-08	-7.43853121321e-08
1.74511427499e-08	-6.50441123184e-08
1.74708830641e-08	-4.6941224241e-08
1.74906233783e-08	-2.27753762516e-08
1.75103636925e-08	3.63541508008e-09
1.75301040066e-08	2.81953163039e-08
1.75498443208e-08	4.74213521784e-08
1.7569584635e-08	5.91613620315e-08
1.75893249492e-08	6.29609289149e-08
1.76090652634e-08	5.99877338914e-08
1.76288055776e-08	5.25418855091e-08
1.76485458918e-08	4.32959339491e-08
1.76682862059e-08	3.4484443745e-08
1.76880265201e-08	2.72859441708e-08
1.77077668343e-08	2.15803428461e-08
1.77275071485e-08	1.61517998976e-08
1.77472474627e-08	9.26707954818e-09
1.77669877769e-08	-5.59969071112e-10
1.7786728091e-08	-1.38717002329e-08
1.78064684052e-08	-2.98612050642e-08
1.78262087194e-08	-4.63980960319e-08
1.78459490336e-08	-6.04817174121e-08
1.78656893478e-08	-6.89909711582e-08
1.7885429662e-08	-6.95161759268e-08
1.79051699761e-08	-6.10329919937e-08
1.79249102903e-08	-4.42403873535e-08
1.79446506045e-08	-2.14696740386e-08
1.79643909187e-08	3.802412607e-09
1.79841312329e-08	2.77110565605e-08
1.80038715471e-08	4.68374992124e-08
1.80236118613e-08	5.89118300809e-08
1.80433521754e-08	6.32158645431e-08
1.80630924896e-08	6.05885688287e-08
1.80828328038e-08	5.30437169743e-08
1.8102573118e-08	4.31114628441e-08
1.81223134322e-08	3.30903624501e-08
1.81420537464e-08	2.4426714873e-08
1.81617940605e-08	1.73999907815e-08
1.81815343747e-08	1.12067857216e-08
1.82012746889e-08	4.40911929189e-09
1.82210150031e-08	-4.39832437138e-09
1.82407553173e-08	-1.59204756045e-08
1.82604956315e-08	-2.97133340155e-08
1.82802359456e-08	-4.4106236885e-08
1.82999762598e-08	-5.65296858213e-08
1.8319716574e-08	-6.41568078663e-08
1.83394568882e-08	-6.46705515805e-08
1.83591972024e-08	-5.69352138768e-08
1.83789375166e-08	-4.13806127142e-08
1.83986778307e-08	-1.99921093014e-08
1.84184181449e-08	4.08483868952e-09
1.84381584591e-08	2.72218461106e-08
1.84578987733e-08	4.60880009712e-08
1.84776390875e-08	5.83379815566e-08
1.84973794017e-08	6.30409928704e-08
1.85171197159e-08	6.07511836392e-08
1.853686003e-08	5.32153805466e-08
1.85566003442e-08	4.28043520628e-08
1.85763406584e-08	3.18293764678e-08
1.85960809726e-08	2.19328111228e-08
1.86158212868e-08	1.37280684598e-08
1.8635561601e-08	6.78570843959e-09
1.86553019151e-08	-3.48201328881e-11
1.86750422293e-08	-8.01640354098e-09
1.86947825435e-08	-1.79634547237e-08
1.87145228577e-08	-2.97317228615e-08
1.87342631719e-08	-4.20689119096e-08
1.87540034861e-08	-5.28272217082e-08
1.87737438002e-08	-5.94928906139e-08
1.87934841144e-08	-5.98796603413e-08
1.88132244286e-08	-5.27809334017e-08
1.88329647428e-08	-3.83902758472e-08
1.8852705057e-08	-1.83670305631e-08
1.88724453712e-08	4.46894832251e-09
1.88921856853e-08	2.67336517368e-08
1.89119259995e-08	4.52052546507e-08
1.89316663137e-08	5.74956828814e-08
1.89514066279e-08	6.25012290811e-08
1.89711469421e-08	6.05284498079e-08
1.89908872563e-08	5.30782422459e-08
1.90106275705e-08	4.23565715835e-08
1.90303678846e-08	3.06504830405e-08
1.90501081988e-08	1.97406926361e-08
1.9069848513e-08	1.05122675009e-08
1.90895888272e-08	2.86545520645e-09
1.91093291414e-08	-4.05283051563e-09
1.91290694556e-08	-1.13760449949e-08
1.91488097697e-08	-1.99533740641e-08
1.91685500839e-08	-2.98791213993e-08
1.91882903981e-08	-4.02718463022e-08
1.92080307123e-08	-4.93848233418e-08
1.92277710265e-08	-5.50284369183e-08
1.92475113407e-08	-5.51800134474e-08
1.92672516548e-08	-4.86043383319e-08
1.9286991969e-08	-3.52958799965e-08
1.93067322832e-08	-1.6611448217e-08
1.93264725974e-08	4.94850649346e-09
1.93462129116e-08	2.62540442719e-08
1.93659532258e-08	4.42140830614e-08
1.93856935399e-08	5.64273570092e-08
1.94054338541e-08	6.16497359829e-08
1.94251741683e-08	5.99696292625e-08
1.94449144825e-08	5.26607415452e-08
1.94646547967e-08	4.17632222138e-08
1.94843951109e-08	2.95158262276e-08
1.95041354251e-08	1.77932015788e-08
1.95238757392e-08	7.69760699626e-09
1.95436160534e-08	-5.8618609966e-10
1.95633563676e-08	-7.64438201628e-09
1.95830966818e-08	-1.44474476826e-08
1.9602836996e-08	-2.1846448206e-08
1.96225773102e-08	-3.01164853056e-08
1.96423176243e-08	-3.86941962915e-08
1.96620579385e-08	-4.62061322537e-08
1.96817982527e-08	-5.07872073285e-08
1.97015385669e-08	-5.06065802597e-08
1.97212788811e-08	-4.44413643663e-08
1.97410191953e-08	-3.21262803027e-08
1.97607595094e-08	-1.47424641384e-08
1.97804998236e-08	5.5205036098e-09
1.98002401378e-08	2.57943995052e-08
1.9819980452e-08	4.31393729627e-08
1.98397207662e-08	5.51689538497e-08
1.98594610804e-08	6.05283076993e-08
1.98792013945e-08	5.91144448947e-08
1.98989417087e-08	5.19896161677e-08
1.99186820229e-08	4.10288016894e-08
1.99384223371e-08	2.84039938236e-08
1.99581626513e-08	1.60470179367e-08
1.99779029655e-08	5.23323073764e-09
1.99976432797e-08	-3.60962837398e-09
2.00173835938e-08	-1.08245652441e-08
2.0037123908e-08	-1.72154379641e-08
2.00568642222e-08	-2.36051302949e-08
2.00766045364e-08	-3.04004998952e-08
2.00963448506e-08	-3.73060657921e-08
2.01160851648e-08	-4.32853433097e-08
2.01358254789e-08	-4.6788677821e-08
2.01555657931e-08	-4.61947813335e-08
2.01753061073e-08	-4.03295494777e-08
2.01950464215e-08	-2.89105113183e-08
2.02147867357e-08	-1.27751436096e-08
2.02345270499e-08	6.18372864025e-09
2.0254267364e-08	2.53652263638e-08
2.02740076782e-08	4.2002238132e-08
2.02937479924e-08	5.37506217313e-08
2.03134883066e-08	5.91739564015e-08
2.03332286208e-08	5.79997525563e-08
2.0352968935e-08	5.10921900343e-08
2.03727092492e-08	4.0161552306e-08
2.03924495633e-08	2.72990305916e-08
2.04121898775e-08	1.44663152568e-08
2.04319301917e-08	3.07400194188e-09
2.04516705059e-08	-6.24402130001e-09
2.04714108201e-08	-1.36130404726e-08
2.04911511343e-08	-1.96749851966e-08
2.05108914484e-08	-2.52027927417e-08
2.05306317626e-08	-3.06946326134e-08
2.05503720768e-08	-3.6075874732e-08
2.0570112391e-08	-4.0608021834e-08
2.05898527052e-08	-4.30409521357e-08
2.06095930194e-08	-4.19716457145e-08
2.06293333335e-08	-3.63057139907e-08
2.06490736477e-08	-2.56825885003e-08
2.06688139619e-08	-1.07308562036e-08
2.06885542761e-08	6.93409996089e-09
2.07082945903e-08	2.49794691598e-08
2.07280349045e-08	4.08274161146e-08
2.07477752186e-08	5.22038554607e-08
2.07675155328e-08	5.76190970492e-08
2.0787255847e-08	5.66548479242e-08
2.08069961612e-08	4.99898149542e-08
2.08267364754e-08	3.91701320268e-08
2.08464767896e-08	2.61931081269e-08
2.08662171038e-08	1.30257760134e-08
2.08859574179e-08	1.18277276862e-09
2.09056977321e-08	-8.52774206805e-09
2.09254380463e-08	-1.60366315782e-08
2.09451783605e-08	-2.18311626554e-08
2.09649186747e-08	-2.66216986233e-08
2.09846589889e-08	-3.0966152309e-08
2.1004399303e-08	-3.49695490343e-08
2.10241396172e-08	-3.8153679327e-08
2.10438799314e-08	-3.95450037161e-08
2.10636202456e-08	-3.7959182464e-08
2.10833605598e-08	-3.24040385635e-08
2.1103100874e-08	-2.24765503987e-08
2.11228411881e-08	-8.63239968396e-09
2.11425815023e-08	7.76567166128e-09
2.11623218165e-08	2.46474272103e-08
2.11820621307e-08	3.96374630895e-08
2.12018024449e-08	5.05579045296e-08
2.12215427591e-08	5.58946595675e-08
2.12412830732e-08	5.51073391364e-08
2.12610233874e-08	4.87028870566e-08
2.12807637016e-08	3.806286486e-08
2.13005040158e-08	2.50797071999e-08
2.132024433e-08	1.17041665249e-08
2.13399846442e-08	-4.72279604313e-10
2.13597249584e-08	-1.04944284374e-08
2.13794652725e-08	-1.81212413963e-08
2.13992055867e-08	-2.36940405074e-08
2.14189459009e-08	-2.78527974018e-08
2.14386862151e-08	-3.11909715833e-08
2.14584265293e-08	-3.395759407e-08
2.14781668435e-08	-3.5899269335e-08
2.14979071576e-08	-3.62935850262e-08
2.15176474718e-08	-3.41696626549e-08
2.1537387786e-08	-2.86518488934e-08
2.15571281002e-08	-1.93250730973e-08
2.15768684144e-08	-6.50678266823e-09
2.15966087286e-08	8.66644089825e-09
2.16163490427e-08	2.43752431572e-08
2.16360893569e-08	3.84544840415e-08
2.16558296711e-08	4.88435745183e-08
2.16755699853e-08	5.40323910059e-08
2.16953102995e-08	5.33837081207e-08
2.17150506137e-08	4.72483847602e-08
2.17347909278e-08	3.68462416134e-08
2.1754531242e-08	2.39535857816e-08
2.17742715562e-08	1.04848982829e-08
2.17940118704e-08	-1.91628757307e-09
2.18137521846e-08	-1.21737517844e-08
2.18334924988e-08	-1.98928500339e-08
2.1853232813e-08	-2.52781280352e-08
2.18729731271e-08	-2.88942700877e-08
2.18927134413e-08	-3.13514227912e-08
2.19124537555e-08	-3.30136664672e-08
2.19321940697e-08	-3.38200756289e-08
2.19519343839e-08	-3.32744996001e-08
2.19716746981e-08	-3.06083833834e-08
2.19914150122e-08	-2.50708342975e-08
2.20111553264e-08	-1.62581272889e-08
2.20308956406e-08	-4.38089964305e-09
2.20506359548e-08	9.62161283979e-09
2.2070376269e-08	2.41653026478e-08
2.20901165832e-08	3.72964841233e-08
2.21098568973e-08	4.7088967392e-08
2.21295972115e-08	5.20629654943e-08
2.21493375257e-08	5.15107956289e-08
2.21690778399e-08	4.5644387825e-08
2.21888181541e-08	3.55268348073e-08
2.22085584683e-08	2.2809716782e-08
2.22282987825e-08	9.3527017242e-09
2.22480390966e-08	-3.17265325123e-09
2.22677794108e-08	-1.35919409061e-08
2.2287519725e-08	-2.13750226408e-08
2.23072600392e-08	-2.65982187386e-08
2.23270003534e-08	-2.97479445521e-08
2.23467406676e-08	-3.1435998693e-08
2.23664809817e-08	-3.21169153494e-08
2.23862212959e-08	-3.18940536204e-08
2.24059616101e-08	-3.04729930178e-08
2.24257019243e-08	-2.727452042e-08
2.24454422385e-08	-2.16749569404e-08
2.24651825527e-08	-1.33000170877e-08
2.24849228668e-08	-2.28073315789e-09
2.2504663181e-08	1.06131867739e-08
2.25244034952e-08	2.40144704122e-08
2.25441438094e-08	3.61766474555e-08
2.25638841236e-08	4.53200250661e-08
2.25836244378e-08	5.00174763829e-08
2.26033647519e-08	4.95162524317e-08
2.26231050661e-08	4.39094662852e-08
2.26428453803e-08	3.41110890645e-08
2.26625856945e-08	2.16428546196e-08
2.26823260087e-08	8.29290147664e-09
2.27020663229e-08	-4.26238022655e-09
2.27218066371e-08	-1.47724206201e-08
2.27415469512e-08	-2.25892620165e-08
2.27612872654e-08	-2.76693672419e-08
2.27810275796e-08	-3.04186045241e-08
2.28007678938e-08	-3.1437760839e-08
2.2820508208e-08	-3.12508667832e-08
2.28402485222e-08	-3.01012867965e-08
2.28599888363e-08	-2.78732876779e-08
2.28797291505e-08	-2.41629525277e-08
2.28994694647e-08	-1.84726030028e-08
2.29192097789e-08	-1.04699289238e-08
2.29389500931e-08	-2.29572097443e-10
2.29586904073e-08	1.16226681612e-08
2.29784307214e-08	2.39159643201e-08
2.29981710356e-08	3.51033051516e-08
2.30179113498e-08	4.3558255669e-08
2.3037651664e-08	4.79247219687e-08
2.30573919782e-08	4.74285251073e-08
2.30771322924e-08	4.20640198229e-08
2.30968726065e-08	3.26074598433e-08
2.31166129207e-08	2.04487431432e-08
2.31363532349e-08	7.29070981365e-09
2.31560935491e-08	-5.20578602448e-09
2.31758338633e-08	-1.57371911058e-08
2.31955741775e-08	-2.35551702588e-08
2.32153144917e-08	-2.85056529492e-08
2.32350548058e-08	-3.09121972464e-08
2.325479512e-08	-3.13531351992e-08
2.32745354342e-08	-3.04035410181e-08
2.32942757484e-08	-2.84246617355e-08
2.33140160626e-08	-2.545958111e-08
2.33337563768e-08	-2.12653894494e-08
2.33534966909e-08	-1.54669006491e-08
2.33732370051e-08	-7.78212694286e-09
2.33929773193e-08	1.75240377764e-09
2.34127176335e-08	1.26317560856e-08
2.34324579477e-08	2.38607196223e-08
2.34521982619e-08	3.40808909982e-08
2.3471938576e-08	4.18209857855e-08
2.34916788902e-08	4.58103848189e-08
2.35114192044e-08	4.52742412449e-08
2.35311595186e-08	4.01293931418e-08
2.35508998328e-08	3.10266941028e-08
2.3570640147e-08	1.92257179066e-08
2.35903804611e-08	6.3336571543e-09
2.36101207753e-08	-6.02300564978e-09
2.36298610895e-08	-1.65087623571e-08
2.36496014037e-08	-2.42928539507e-08
2.36693417179e-08	-2.9120627687e-08
2.36890820321e-08	-3.12339523134e-08
2.37088223463e-08	-3.11791090724e-08
2.37285626604e-08	-2.95652782256e-08
2.37483029746e-08	-2.68507616141e-08
2.37680432888e-08	-2.3218373002e-08
2.3787783603e-08	-1.85727806468e-08
2.38075239172e-08	-1.26569625891e-08
2.38272642314e-08	-5.24513632527e-09
2.38470045455e-08	3.64956487253e-09
2.38667448597e-08	1.36232145564e-08
2.38864851739e-08	2.38374120443e-08
2.39062254881e-08	3.31093765737e-08
2.39259658023e-08	4.0121250322e-08
2.39457061165e-08	4.36972484863e-08
2.39654464306e-08	4.30797122419e-08
2.39851867448e-08	3.81273217442e-08
2.4004927059e-08	2.93807254081e-08
2.40246673732e-08	1.79735142325e-08
2.40444076874e-08	5.41043476687e-09
2.40641480016e-08	-6.73262423589e-09
2.40838883158e-08	-1.7108176209e-08
2.41036286299e-08	-2.48214533372e-08
2.41233689441e-08	-2.95286621821e-08
2.41431092583e-08	-3.13911030503e-08
2.41628495725e-08	-3.09149079669e-08
2.41825898867e-08	-2.87278929534e-08
2.42023302009e-08	-2.53668623884e-08
2.4222070515e-08	-2.11363975211e-08
2.42418108292e-08	-1.60757487322e-08
2.42615511434e-08	-1.00405275205e-08
2.42812914576e-08	-2.86479306943e-09
2.43010317718e-08	5.44995426566e-09
2.4320772086e-08	1.45832181886e-08
2.43405124001e-08	2.383542963e-08
2.43602527143e-08	3.21866089337e-08
2.43799930285e-08	3.84674372356e-08
2.43997333427e-08	4.1603279044e-08
2.44194736569e-08	4.08678921815e-08
2.44392139711e-08	3.60795660015e-08
2.44589542852e-08	2.76836473745e-08
2.44786945994e-08	1.66950417935e-08
2.44984349136e-08	4.51233272969e-09
2.45181752278e-08	-7.35203631308e-09
2.4537915542e-08	-1.75569514482e-08
2.45576558562e-08	-2.51614196145e-08
2.45773961704e-08	-2.9744285257e-08
2.45971364845e-08	-3.13902965843e-08
2.46168767987e-08	-3.05592351424e-08
2.46366171129e-08	-2.7884144771e-08
2.46563574271e-08	-2.39625865817e-08
2.46760977413e-08	-1.92027336254e-08
2.46958380555e-08	-1.3765609097e-08
2.47155783696e-08	-7.6134680782e-09
2.47353186838e-08	-6.43029185454e-10
2.4755058998e-08	7.14544690084e-09
2.47747993122e-08	1.55000368096e-08
2.47945396264e-08	2.38441781875e-08
2.48142799406e-08	3.13079127068e-08
2.48340202547e-08	3.68646944082e-08
2.48537605689e-08	3.95432486755e-08
2.48735008831e-08	3.8659521806e-08
2.48932411973e-08	3.40068098126e-08
2.49129815115e-08	2.59500971822e-08
2.49327218257e-08	1.53945958203e-08
2.49524621398e-08	3.63265328929e-09
2.4972202454e-08	-7.89678189506e-09
2.49919427682e-08	-1.78747985302e-08
2.50116830824e-08	-2.53320102672e-08
2.50314233966e-08	-2.97827771334e-08
2.50511637108e-08	-3.12401340352e-08
2.5070904025e-08	-3.01132736524e-08
2.50906443391e-08	-2.70282392023e-08
2.51103846533e-08	-2.26270966408e-08
2.51301249675e-08	-1.74055081459e-08
2.51498652817e-08	-1.16328244815e-08
2.51696055959e-08	-5.3714743764e-09
2.51893459101e-08	1.41834688439e-09
2.52090862242e-08	8.72921024353e-09
2.52288265384e-08	1.63645825779e-08
2.52485668526e-08	2.38554687115e-08
2.52683071668e-08	3.04692875375e-08
2.5288047481e-08	3.5315565583e-08
2.53077877952e-08	3.75273963016e-08
2.53275281093e-08	3.64711674194e-08
2.53472684235e-08	3.19278186112e-08
2.53670087377e-08	2.41955842029e-08
2.53867490519e-08	1.4079463817e-08
2.54064893661e-08	2.76770295571e-09
2.54262296803e-08	-8.3801516837e-09
2.54459699944e-08	-1.80813781725e-08
2.54657103086e-08	-2.53532785877e-08
2.54854506228e-08	-2.96601552208e-08
2.5505190937e-08	-3.09495860051e-08
2.55249312512e-08	-2.95781727999e-08
2.55446715654e-08	-2.61549661928e-08
2.55644118796e-08	-2.13511519576e-08
2.55841521937e-08	-1.57341091267e-08
2.56038925079e-08	-9.66827862214e-09
2.56236328221e-08	-3.30920846281e-09
2.56433731363e-08	3.31975069656e-09
2.56631134505e-08	1.01971080468e-08
2.56828537647e-08	1.71695067053e-08
2.57025940788e-08	2.3861927545e-08
2.5722334393e-08	2.96663227317e-08
2.57420747072e-08	3.3821265788e-08
2.57618150214e-08	3.55636942118e-08
2.57815553356e-08	3.4316226305e-08
2.58012956498e-08	2.98589313275e-08
2.58210359639e-08	2.24345857447e-08
2.58407762781e-08	1.27579031783e-08
2.58605165923e-08	1.91649851544e-09
2.58802569065e-08	-8.81316974954e-09
2.58999972207e-08	-1.81941768318e-08
2.59197375349e-08	-2.52450860216e-08
2.59394778491e-08	-2.93928756889e-08
2.59592181632e-08	-3.05283691659e-08
2.59789584774e-08	-2.89561743472e-08
2.59986987916e-08	-2.52600056427e-08
2.60184391058e-08	-2.01265972777e-08
2.603817942e-08	-1.41786422603e-08
2.60579197342e-08	-7.86278686604e-09
2.60776600483e-08	-1.41995348812e-09
2.60974003625e-08	5.06352115792e-09
2.61171406767e-08	1.15463816286e-08
2.61368809909e-08	1.79083610163e-08
2.61566213051e-08	2.38558506283e-08
2.61763616193e-08	2.88942558768e-08
2.61961019334e-08	3.23825553039e-08
2.62158422476e-08	3.36590488814e-08
2.62355825618e-08	3.22067563729e-08
2.6255322876e-08	2.78135985354e-08
2.62750631902e-08	2.06792574176e-08
2.62948035044e-08	1.1437339964e-08
2.63145438185e-08	1.07961328766e-09
2.63342841327e-08	-9.20287934747e-09
2.63540244469e-08	-1.822744089e-08
2.63737647611e-08	-2.50254252876e-08
2.63935050753e-08	-2.89986470392e-08
2.64132453895e-08	-2.99893230249e-08
2.64329857037e-08	-2.8251772477e-08
2.64527260178e-08	-2.4339758653e-08
2.6472466332e-08	-1.89439202103e-08
2.64922066462e-08	-1.27279617956e-08
2.65119469604e-08	-6.20703355381e-09
2.65316872746e-08	3.016919492e-10
2.65514275888e-08	6.6512075847e-09
2.65711679029e-08	1.27757235902e-08
2.65909082171e-08	1.85775910211e-08
2.66106485313e-08	2.38327615421e-08
2.66303888455e-08	2.81488095055e-08
2.66501291597e-08	3.09977998825e-08
2.66698694739e-08	3.1816668411e-08
2.6689609788e-08	3.01514795353e-08
2.67093501022e-08	2.58049013269e-08
2.67290904164e-08	1.89425808372e-08
2.67488307306e-08	1.01261949936e-08
2.67685710448e-08	2.57905918843e-10
2.6788311359e-08	-9.55644718914e-09
2.68080516731e-08	-1.81943260458e-08
2.68277919873e-08	-2.47104896545e-08
2.68475323015e-08	-2.84929857486e-08
2.68672726157e-08	-2.93441146937e-08
2.68870129299e-08	-2.7471157793e-08
2.69067532441e-08	-2.33935217864e-08
2.69264935583e-08	-1.77963404013e-08
2.69462338724e-08	-1.13715774575e-08
2.69659741866e-08	-4.69019312277e-09
2.69857145008e-08	1.86378401601e-09
2.7005454815e-08	8.08608024983e-09
2.70251951292e-08	1.38835227759e-08
2.70449354434e-08	1.91728606325e-08
2.70646757575e-08	2.37877433307e-08
2.70844160717e-08	2.74268412426e-08
2.71041563859e-08	2.9666797019e-08
2.71238967001e-08	3.00399243258e-08
2.71436370143e-08	2.81571335137e-08
2.71633773285e-08	2.38419293197e-08
2.71831176426e-08	1.72342975446e-08
2.72028579568e-08	8.83256934259e-09
2.7222598271e-08	-5.45476941394e-10
2.72423385852e-08	-9.87789139373e-09
2.72620788994e-08	-1.81059487403e-08
2.72818192136e-08	-2.43158702062e-08
2.73015595277e-08	-2.78918701468e-08
2.73212998419e-08	-2.86052692644e-08
2.73410401561e-08	-2.66203947774e-08
2.73607804703e-08	-2.2420802992e-08
2.73805207845e-08	-1.66780438349e-08
2.74002610987e-08	-1.01003605479e-08
2.74200014129e-08	-3.30231197943e-09
2.7439741727e-08	3.27461902039e-09
2.74594820412e-08	9.37312716331e-09
2.74792223554e-08	1.48704959457e-08
2.74989626696e-08	1.96910558969e-08
2.75187029838e-08	2.37159785144e-08
2.7538443298e-08	2.67241979657e-08
2.75581836121e-08	2.83883672125e-08
2.75779239263e-08	2.83314882665e-08
2.75976642405e-08	2.62299391096e-08
2.76174045547e-08	2.19330118512e-08
2.76371448689e-08	1.55631241228e-08
2.76568851831e-08	7.56295381876e-09
2.76766254972e-08	-1.3279967126e-09
2.76963658114e-08	-1.01698800492e-08
2.77161061256e-08	-1.79706880488e-08
2.77358464398e-08	-2.38544508591e-08
2.7755586754e-08	-2.72102980148e-08
2.77753270682e-08	-2.77859300013e-08
2.77950673824e-08	-2.57076884225e-08
2.78148076965e-08	-2.14227746653e-08
2.78345480107e-08	-1.55834829485e-08
2.78542883249e-08	-8.90479689986e-09
2.78740286391e-08	-2.03299777013e-09
2.78937689533e-08	4.54250503878e-09
2.79135092675e-08	1.05170308018e-08
2.79332495816e-08	1.57378252652e-08
2.79529898958e-08	2.01305923042e-08
2.797273021e-08	2.36143300469e-08
2.79924705242e-08	2.60374974914e-08
2.80122108384e-08	2.71603841639e-08
2.80319511526e-08	2.66920920922e-08
2.80516914667e-08	2.43740529982e-08
2.80714317809e-08	2.00855456711e-08
2.80911720951e-08	1.39373064201e-08
2.81109124093e-08	6.32423269309e-09
2.81306527235e-08	-2.08697303883e-09
2.81503930377e-08	-1.04352286812e-08
2.81701333518e-08	-1.7796418561e-08
2.8189873666e-08	-2.33379839898e-08
2.82096139802e-08	-2.64610378053e-08
2.82293542944e-08	-2.68977640161e-08
2.82490946086e-08	-2.47410305576e-08
2.82688349228e-08	-2.04022594374e-08
2.8288575237e-08	-1.45098546511e-08
2.83083155511e-08	-7.7770465623e-09
2.83280558653e-08	-8.7208773536e-10
2.83477961795e-08	5.67734215196e-09
2.83675364937e-08	1.1524599941e-08
2.83872768079e-08	1.64879097042e-08
2.84070171221e-08	2.04898782385e-08
2.84267574362e-08	2.34789467868e-08
2.84464977504e-08	2.53630645375e-08
2.84662380646e-08	2.59811869796e-08
2.84859783788e-08	2.5122762537e-08
2.8505718693e-08	2.25932623721e-08
2.85254590072e-08	1.83047319524e-08
2.85451993213e-08	1.23630075066e-08
2.85649396355e-08	5.12155695631e-09
2.85846799497e-08	-2.81940515379e-09
2.86044202639e-08	-1.06747490847e-08
2.86241605781e-08	-1.75890839671e-08
2.86439008923e-08	-2.27765664107e-08
2.86636412064e-08	-2.56567425083e-08
2.86833815206e-08	-2.59526515833e-08
2.87031218348e-08	-2.37287025584e-08
2.8722862149e-08	-1.93620071087e-08
2.87426024632e-08	-1.34543842734e-08
2.87623427774e-08	-6.71026922916e-09
2.87820830916e-08	1.89745469337e-10
2.88018234057e-08	6.68819843952e-09
2.88215637199e-08	1.24027970116e-08
2.88413040341e-08	1.71243925706e-08
2.88610443483e-08	2.0768888831e-08
2.88807846625e-08	2.33070593936e-08
2.89005249767e-08	2.46973375084e-08
2.89202652908e-08	2.48481377696e-08
2.8940005605e-08	2.36232082784e-08
2.89597459192e-08	2.08900257093e-08
2.89794862334e-08	1.65956528519e-08
2.89992265476e-08	1.08460440629e-08
2.90189668618e-08	3.96003718706e-09
2.90387071759e-08	-3.52268858528e-09
2.90584474901e-08	-1.08898507989e-08
2.90781878043e-08	-1.73538730053e-08
2.90979281185e-08	-2.21789751009e-08
2.91176684327e-08	-2.48082354659e-08
2.91374087469e-08	-2.49612277514e-08
2.9157149061e-08	-2.26790319857e-08
2.91768893752e-08	-1.8306188565e-08
2.91966296894e-08	-1.24159464931e-08
2.92163700036e-08	-5.69839642139e-09
2.92361103178e-08	1.16134879491e-09
2.9255850632e-08	7.58442730842e-09
2.92755909462e-08	1.31594335429e-08
2.92953312603e-08	1.76517094275e-08
2.93150715745e-08	2.09686561448e-08
2.93348118887e-08	2.30969892101e-08
2.93545522029e-08	2.40368649429e-08
2.93742925171e-08	2.37581332385e-08
2.93940328313e-08	2.21923368571e-08
2.94137731454e-08	1.92659985743e-08
2.94335134596e-08	1.49622998435e-08
2.94532537738e-08	9.39154354285e-09
2.9472994088e-08	2.84424728214e-09
2.94927344022e-08	-4.19470058688e-09
2.95124747164e-08	-1.10813731524e-08
2.95322150305e-08	-1.7095278082e-08
2.95519553447e-08	-2.15527240499e-08
2.95716956589e-08	-2.39248461043e-08
2.95914359731e-08	-2.39333850516e-08
2.96111762873e-08	-2.16001367903e-08
2.96309166015e-08	-1.72392304876e-08
2.96506569157e-08	-1.1394265087e-08
2.96703972298e-08	-4.73647832067e-09
2.9690137544e-08	2.05095229688e-09
2.97098778582e-08	8.37548519428e-09
2.97296181724e-08	1.3802341492e-08
2.97493584866e-08	1.8074919339e-08
2.97690988008e-08	2.10907327158e-08
2.97888391149e-08	2.28472352148e-08
2.98085794291e-08	2.33789716475e-08
2.98283197433e-08	2.27083880588e-08
2.98480600575e-08	2.08286117243e-08
2.98678003717e-08	1.77216090691e-08
2.98875406859e-08	1.3407110977e-08
2.9907281e-08	8.00345389962e-09
2.99270213142e-08	1.7781728312e-09
2.99467616284e-08	-4.83277196039e-09
2.99665019426e-08	-1.12495612825e-08
2.99862422568e-08	-1.68171077064e-08
3.0005982571e-08	-2.09048334199e-08
3.00257228851e-08	-2.30156640413e-08
3.00454631993e-08	-2.28781882328e-08
3.00652035135e-08	-2.04993444441e-08
3.00849438277e-08	-1.61653250785e-08
3.01046841419e-08	-1.0389549665e-08
3.01244244561e-08	-3.82080900252e-09
3.01441647703e-08	2.86556955942e-09
3.01639050844e-08	9.06995456518e-09
3.01836453986e-08	1.43399319086e-08
3.02033857128e-08	1.84000263914e-08
3.0223126027e-08	2.11376995907e-08
3.02428663412e-08	2.25572556189e-08
3.02626066554e-08	2.27206786718e-08
3.02823469695e-08	2.1695763408e-08
3.03020872837e-08	1.95299758587e-08
3.03218275979e-08	1.62569175899e-08
3.03415679121e-08	1.1932170807e-08
3.03613082263e-08	6.68501698442e-09
3.03810485405e-08	7.6516176728e-10
